2301
20
7786
12
407
20
1741
29
20
42634
45
141
9168
218
5201
20
14689
4134
199
596
20
3520
20
6700
1347
20
3784
20
6080
883
5201
534
413
534
20
14689
2658
12
596
421
25
59
795
596
3805
9305
0
6
1735
16
25
130
29
342
1470
0
6
3047
16
25
130
24163
7363
2064
6
3667
25
130
29
8967
16
25
130
29
7565
16
25
130
24163
242
3767
195
290
28116
25
130
29
22182
16
25
130
29
41785
0
6
44229
253
3047
16
25
48
29
4201
306
534
6714
29
3875
25
130
29
1866
29366
16
25
131
29706
0
6
18802
16
25
130
29
33681
0
6
23632
16
25
130
29
1646
6
584
1898
16
25
130
29
3937
0
2
1699
7277
16
25
130
29
4336
16
25
48
29
306
10376
130
29
1859
25
130
29
26871
16
25
48
20
2290
20
491
59
20
4731
29
20
1139
322
20
584
7254
195
414
48
48
48
13
348
5
1548
16
1
7008
20
561
20
44528
130
29
20
2599
20
15295
130
20579
211
20
2065
130
14203
20
1538
131
6
331
6334
2934
1
290
4611
2984
12
290
20
14733
12
130
306
545
1528
8
20
6148
12
289
6891
2982
4
20
986
29
4250
3
302
289
10
331
8966
7964
20
1859
20
2833
28
130
29
20
9358
20
19126
28
48
29
302
20
14578
322
7964
20
28908
130
29
1252
289
4241
11615
4257
48
29
56761
219
16
25
29
1252
289
1557
31815
16998
29
3834
48
13
7768
7008
20
561
20
44528
20
15295
306
686
1
130
29
363
1118
198
2
25
2065
1
130
29
1991
290
1819
1
1890
0
130
29
31163
306
331
1260
26
29
1375
1262
3
3058
0
2243
0
130
29
4165
211
290
363
20001
29
363
23501
130
29
12342
1411
290
2
20
4257
347
20
16998
363
2102
48
13
446
2685
42
7661
3362
12
336
20
584
43
4436
29
50154
290
1096
20
9772
28
4269
596
421
25
29
1656
132
29
416
433
24
59
348
25
10749
290
20
7528
28
36
36
29
446
2288
1003
29
9756
290
2288
919
20
687
28
132
29
416
433
24
348
25
12134
20
491
28
36
36
29
26337
302
22404
2
24805
3
130
29
44158
289
2408
3717
3
130
13
44158
289
539
35856
130
29
21809
289
19711
48
1033
2934
16
331
5781
59
402
20
14380
4
416
16624
998
16
10
915
14380
12
290
18076
1
290
14733
218
45
1252
369
289
25
35856
6
578
290
20
1255
130
6
331
6320
306
1003
3
6194
12
130
3494
4
20
7686
48
347
331
2934
16
1406
25
3805
59
42
29
348
369
8249
421
1
18938
3
130
13
348
10464
16
302
47862
3940
0
289
20
1155
130
347
1656
0
289
20
5233
130
13
2728
3
2
3494
12
130
29
1252
5523
596
6
1127
3
306
20
7344
13
363
846
9
290
20
14420
28
43
42
50
43
48
29
1406
25
3805
59
42
29
1252
1363
8
421
3
3862
290
20
5233
13
1442
24
289
25
34359
26
6
433
24
59
2150
3144
16
23625
8
406
1267
4008
31012
26
43
42
51
43
48
29
1406
25
3805
59
42
29
1252
5085
8
421
1
1058
0
289
30215
22291
7518
223
2
3855
3
6
433
801
4257
24
348
387
915
6584
4691
43
42
52
43
48
29
1406
25
3805
59
42
29
1252
302
8
5085
8
840
3
20
13030
12
130
29
1179
3
20
12115
130
29
7895
8
421
3
402
1557
554
0
331
369
24
6
6094
24
915
302
12690
596
29
523
611
3
13485
26
43
42
53
43
48
29
29990
302
1838
12
20
4257
29
20
3536
1029
7
130
29
20
584
29
20
16998
29
964
7
130
363
43375
6
20
4318
20
54754
12
2
891
20
3221
29
20
1281
29
1490
7
48
406
2150
27794
424
6
4318
130
18881
16
290
34375
45536
293
20
4118
130
491
45
41572
10934
16
2
20
902
12
20
1270
12
130
632
45
41572
2066
16
2
20
935
20
5125
130
1091
45
41572
2214
209
16
2
20
1538
20
9982
130
1604
45
41572
2981
16
2
8598
12
1471
20
4731
130
1931
45
993
247
10506
421
10
20
2066
290
42441
12
20
18802
12
130
29
2250
16
30
302
10
9472
12
2659
218
12
48
29
2250
12686
20
3536
289
5247
12
1950
25
130
7238
20
12718
130
8708
5318
25
22604
29
462
462
8865
220
25
2158
48
29
11963
15758
6891
20
31575
6
4008
59
4267
3
7711
3
36
36
36
29
25127
3
19787
3
36
36
36
29
554
16
3
17561
3
29
15052
3
36
36
36
29
4317
16
3
20467
16
3
36
36
36
29
3714
16
3
3221
3
29
13737
4
3
36
36
36
29
5058
16
3
797
16
3
11860
3
36
36
36
29
935
3
34464
3
36
36
36
29
12650
3
41720
3
36
36
36
29
1538
3
19585
20
9431
130
6
331
11354
25
18299
16
3
36
36
36
13
1807
290
3022
5939
6
3
4298
12
20
4257
130
290
10051
20
3536
132
576
250
19363
9022
132
29
462
21997
24
20
4318
290
30
573
4
20
4118
6
2647
10
48
319
2
4208
1595
132
29
2150
11037
16
3
289
20
957
130
2419
12
20
41703
12
130
29
2883
20
20418
29
5913
7
48
25896
36
36
25896
36
36
387
20
5506
2777
29
14792
290
302
5121
2
20
5282
130
347
8893
2
20
2545
2238
48
13
14979
2838
2
1104
1
130
29
363
12114
289
3
2084
12
4770
1
48
42
13
20390
13187
4841
322
935
8
29
462
5575
915
20
913
12
20
4118
130
424
2213
3
290
20
957
130
348
16206
7588
2
290
8458
322
2333
25
29
419
7588
2
290
40847
43
42
54
43
48
20
2290
20
632
59
20
11012
2
804
20
3429
20
7472
3689
322
20
6861
29
363
2118
6
45
39468
45
1033
2838
348
1510
16
302
27454
405
20
13201
12
42
55
43
290
2065
1
130
29
2065
290
419
289
637
1
130
3673
363
2524
25
23348
12
20
42817
130
29
363
8537
25
3269
209
12
20
6861
130
406
31243
25
336
20
50850
6
45081
12
10270
3664
10
1538
130
29
18287
10
1008
48
13
10251
686
1
29
1242
1
130
29
961
25
2
599
20
4257
48
42
446
3549
25
43
13
348
4250
302
599
20
4257
59
331
8966
7964
20
28908
130
347
7964
20
17571
209
130
347
7964
20
31763
347
539
3
131
13
12545
302
25
1073
42
56
43
130
19051
48
416
4241
25
20
6861
131
13
419
13387
290
20
32911
130
13
363
12114
2
1959
25
20
4770
48
29
8257
894
12
289
2408
3717
25
130
1163
12
11458
25
2
3903
6363
25
131
1111
363
3289
407
686
25
29
407
6337
20
10805
28
20
2054
28
6
25
1529
0
29
2290
0
29
3631
1242
25
9657
130
290
407
6337
20
9960
130
336
20
28908
42
369
7964
20
28908
419
20
5437
289
424
20
2471
43
130
29
11355
302
2054
16
25
289
402
2855
29
2065
130
4257
290
20
4257
20
5766
48
13
4738
25
290
3022
6688
6
25
302
658
20
584
1626
0
421
25
583
6846
2
4257
20
4047
7191
209
1111
11977
25
289
852
12
20
3266
6
596
3805
29
4250
302
25
682
419
29
7737
6
596
3805
6440
0
306
20
1069
48
29
462
2250
20
4047
7191
209
1012
2
20
4257
2
2054
16
25
20
28908
290
20
28908
2
2054
16
25
20
4047
7191
209
132
29
462
2250
20
584
1626
0
306
578
7
743
20
632
132
10551
424
6
1003
20
2376
289
20
4770
1093
2376
20
28908
539
25
290
20
17571
12
13
6
1972
20
584
6
20
778
421
25
319
6
1003
20
10148
289
20
1621
29
20
957
132
13
2
446
7450
29
20410
971
1326
4
20
1621
583
2201
6
25
302
363
1243
289
20
965
290
25770
25
29
10805
25
132
13
348
5172
6
20
4047
7191
209
289
2054
16
25
13
462
4297
306
539
25
132
29
331
20
1529
407
20
4047
7191
209
29
20
13484
13415
209
29
20
50623
16737
29
539
3
132
29
331
11931
20
3941
2
405
20
5172
12
132
29
348
4250
302
1901
20
4047
7191
209
5901
336
7590
363
787
2456
25
506
14389
2
3009
25
545
20
15295
28
20797
0
302
7
630
0
10763
294
306
5074
20
965
130
29
20
1901
289
302
424
5901
336
20
1069
347
336
1790
6440
421
25
130
1901
1908
363
18868
20
7018
130
13
331
4350
25
11880
20
1406
306
20
17571
209
289
15691
25
20
852
4
29
419
9402
2
302
596
3805
687
2532
2
630
20
1190
4
130
2188
306
630
20
2447
4
130
29
2150
8966
20
28908
289
302
25
687
29
2188
2
20
1069
347
2
852
12
6440
12
132
13
331
20
1529
407
20
1901
28
132
29
446
5506
1003
258
29
5262
290
852
4
20
584
6793
25
29
3805
289
20
1008
289
7116
7
29
5305
7
132
13
348
433
2150
23364
211
20
17571
209
6
302
25
11355
302
20
1069
20
826
12
3509
290
10
3436
12
20
957
29
20
971
12
29
20
913
12
130
29
405
852
4
916
12
2
20
599
29
20
1838
12
130
29
20
4706
20
916
12
45026
302
14127
2
20
707
347
1663
3770
10
20
1069
20
826
12
130
13
331
4350
25
363
9890
290
20
28908
1406
25
348
20
2288
852
12
6440
12
1268
12
2
1069
596
3805
29
315
1348
25
826
0
419
15603
12
29
13921
29
5343
311
29
3424
130
29
419
681
29
10470
29
1210
29
4881
47
29
405
4706
916
12
48
29
1562
363
1029
20
1210
331
10989
840
25
20
7945
29
20
22970
29
363
10989
13449
199
336
20
681
29
20
10470
48
13
1562
846
1838
12
826
12
10989
840
10
20
7945
29
20
22970
29
363
10989
130
19170
886
20
7116
29
20
5305
306
1557
826
132
13
985
12023
289
6520
387
347
3321
322
1386
20
7210
289
25
59
13
12545
302
25
682
290
2057
20
1008
29
2150
419
10805
130
29
1037
20
10805
302
20334
29
20334
322
25
130
6
302
25
9064
322
3649
718
20
4484
48
29
1252
369
2057
0
6
25
369
41993
6260
363
1187
0
130
29
3784
0
363
17264
321
0
48
13
348
5425
20
10805
289
20
15153
194
12
13
424
290
25
13720
29
20
18727
2
25
2250
30
11470
289
3781
5258
29
961
6
3295
20
6373
47
29
1081
9974
20
11512
331
15294
20
13726
132
29
3631
1
348
26611
16
957
16
302
290
1968
20
584
1626
0
306
826
290
20
10497
2
1357
25
130
13
419
336
20
4257
29
20
6785
3823
48
1033
20
4257
59
13
6
302
25
5085
25
1770
12
20
3675
20
14031
290
20
41391
377
59
363
6196
20
3536
915
2
1940
16
25
48
29
363
7062
20
4257
915
2
2054
16
25
48
29
1033
20
6785
59
13
419
302
402
826
290
20
10497
18868
20
1008
130
29
302
1
363
3489
289
1008
1
915
331
1548
16
130
29
402
331
1548
16
25
894
12
48
29
446
1529
407
290
1260
59
18046
338
289
7472
130
29
407
290
1260
18046
338
289
7472
29
2909
5
630
0
130
29
1081
387
915
20
6785
132
20
2290
20
1091
59
20
11012
3718
306
290
16136
20
3875
4269
596
421
25
29
1656
26921
196
1
25924
302
2275
599
20
4257
130
414
302
18667
421
1
1471
8863
20
10805
28
48
13
12545
59
302
4240
424
1558
130
29
11931
25
7712
130
29
523
5
8607
1
3117
12
2223
12
13
23553
10
29
5869
10
130
6
39766
55239
1008
1
130
29
12390
329
2
804
10
322
11012
20
1529
130
29
30483
20
4950
289
2057
20
1741
130
29
348
7335
16
1748
3
12236
24
9928
28
2
1406
59
363
4267
915
596
130
534
3875
596
130
3816
28
2
10
130
539
19933
28
6
10
48
13
3871
59
20
4257
59
419
22970
20
3875
130
421
25
20
3177
12
29
20
998
130
289
1557
988
1075
2
25
48
29
20
3536
59
7945
25
289
630
331
1075
2
25
48
13
20
4009
29
20
27049
59
14845
23
131
6
22970
7
6
20
3875
421
25
20
3177
12
29
20
998
48
29
20
32106
209
59
14845
2
20
718
20
1012
131
6
302
25
10570
315
3875
8
6337
20
9772
28
48
29
20
50557
59
14845
2
20
718
20
1012
130
6
302
25
10570
315
3875
8
20
9772
130
6337
20
13190
48
29
387
6
302
20
4257
970
2199
59
30
20
1070
29
20
1362
12
713
0
130
1111
8305
25
26741
12
20
958
29
20
970
2
20
10561
289
20
2158
48
29
11931
25
2199
130
13
5121
59
4475
2
1170
48
29
4475
2
4182
306
9424
59
29
416
2855
16
20
4669
289
20
3847
29
20
18930
130
29
8086
2
3
2
20
718
20
1012
59
20
33027
12
130
29
20
9368
329
12
130
29
20
58424
12
130
29
20
50557
12
48
29
402
3
20203
26
51317
26
6
20
13190
48
13
402
14845
51317
6
20
13190
48
29
402
51317
6
20
13190
13
419
14845
48
13
405
443
20
3117
12
20
13252
12
20
26496
12
48
20
2290
20
1604
59
6
20
965
1240
12
12006
2152
199
302
377
935
8
25
130
315
3013
25
130
999
25
9583
130
406
999
25
402
20
9583
130
6
302
402
1529
12
35724
2054
10
130
29
18812
25
336
22970
20
3875
421
25
20
3177
12
29
20
998
48
13
20
31763
22641
20
28908
130
20797
0
302
25
6461
20
3875
289
5305
20
2246
6
596
3805
130
29
289
20
25435
306
20
8233
48
29
20
28908
22641
25
20797
0
302
25
31812
29
6461
20
3875
289
302
25
42
682
30
713
25
1557
43
48
29
20
28908
22641
20
17571
209
20797
0
302
25
6461
20
3875
289
4681
2140
12
596
3805
48
29
289
5305
20
957
29
20
971
12
130
29
20
852
4
6
25
48
29
20
17571
209
22641
20
28908
130
20797
0
302
5305
20
852
4
54617
6
20
14234
130
29
22970
6
20
3875
289
20
4481
48
29
363
45374
217
290
405
20
14801
12
915
302
2275
59
599
59
20
22970
29
20
7945
130
29
1838
16
7
289
25
48
5818
13027
6
1
10849
405
20
1529
130
29
19331
10
289
11012
545
10
545
0
48
13
3871
59
20
7945
59
2150
10989
336
20
1210
130
406
336
20
12899
48
29
1838
16
25
59
20
3491
2
965
331
7274
20
3875
4269
596
421
25
29
1656
322
965
25
48
915
302
6
20
965
1240
12006
130
29
6
1003
20
13149
12
322
10
665
16
402
1529
12
2054
10
336
20
22970
48
13
348
20
965
59
3702
130
29
9671
130
29
9474
130
29
5137
130
29
3185
5
48
13
290
4149
2
965
331
7274
20
3875
421
25
20
3177
12
29
20
998
322
965
25
130
2
1112
290
405
20
5038
20
1240
12
13
682
2
51317
306
20
1728
48
13
6
35986
405
20
8863
20
1240
12
130
29
1023
1182
3191
10
289
20
10965
4
48
1033
20
965
20
3702
59
13
419
20
965
20
1872
20
3490
1220
20
601
29
20
2983
130
29
523
4518
20
601
29
20
2983
322
25
947
12
130
9133
2293
2104
25
6450
0
48
29
387
30
965
20
1050
4
29
20
1155
130
29
20
3885
130
29
20
5724
130
29
419
2560
406
419
20
2082
377
363
2102
20
611
26
6
20
965
2811
6408
25
48
29
1033
20
965
20
9671
59
13
419
331
6825
289
20
565
12
20
10163
211
12
42
713
0
29
20
5149
1794
20
10588
43
290
20
1357
130
988
363
965
6
25
1220
20
1357
130
13
658
1869
0
289
20
601
130
29
12866
2
25
20
7059
130
29
363
2562
25
539
25
130
29
424
42
30
20
3609
43
377
8075
25
20
11206
130
406
42
20
5944
43
506
8075
25
20
3288
20
32718
130
1111
416
5129
6
25
947
12
130
29
363
965
6
10
1220
601
25
130
583
8075
25
506
3135
6337
20
1869
4
20
1220
12
322
601
25
48
406
416
5129
6
20
12323
29
20
6526
130
289
20
9178
12
29
20
479
12
947
12
2243
12
38983
12
6
12732
20
13030
12
130
5654
840
3
20
9695
29
20
7433
2
3551
16
10
130
30355
11390
290
681
20
8106
289
20
9178
12
331
19077
25
539
3
289
20
4154
130
29
424
6
3291
12
8154
5762
3
130
506
433
3805
59
42
13
2571
6
10
3027
0
1501
0
43
48
29
30
331
302
25
421
25
20
3177
12
29
20
998
2699
13253
421
25
20
998
730
0
130
29
523
331
13854
25
289
947
16
25
915
333
16
28
130
29
369
6604
25
289
947
916
12
6825
42
50
43
2
10
48
29
30
331
2627
3875
596
4269
596
421
25
29
1656
289
20
8922
130
29
416
433
59
42
290
49298
289
20
4154
130
1093
49298
584
0
130
13
348
20
8926
363
6825
484
43
48
29
363
846
2140
16
25
2
2811
2727
736
25
290
13529
20
689
12
336
6568
20
11206
130
406
443
306
2333
965
25
289
601
20
11206
1116
48
29
804
424
29
964
25
1558
130
29
416
4240
8
25
289
545
20
1528
130
13
348
15
16
363
12400
130
13
4375
1357
1
130
13
348
1
4822
4640
0
290
2158
30
302
25
1300
12
48
714
2524
25
2
1926
12
130
942
12
12111
12
130
13
5591
25
9646
290
2158
48
29
2524
25
942
12
11887
12
130
13
5591
25
1925
12
290
2158
48
29
20
1925
12
29
20
514
2486
23
130
29
7
1869
23
289
13201
130
363
289
20
1220
322
13201
130
6
302
20
1869
289
20
1220
130
443
1300
12
289
402
637
48
29
2150
18284
9646
289
4601
11543
12
130
13
363
658
20
514
1869
0
289
637
12
826
12
130
29
419
3490
289
2486
16
1
289
637
12
826
12
48
29
1033
20
965
20
9474
59
13
419
947
12
405
20
20917
4
985
3646
16
322
13201
130
13
348
1
4607
306
302
41530
289
5944
1
947
12
42
4723
43
166
42
10480
43
29
348
15
16
37004
0
1357
5
1
130
583
11627
1
12579
25
130
29
419
1869
2
4208
947
16
25
289
7383
1
363
289
20
1220
48
29
1033
20
965
20
5137
59
13
419
302
658
6
20
1557
59
2108
130
29
1838
12
130
29
2811
48
30355
995
20
2983
2536
8305
25
130
743
302
6196
947
16
25
289
5944
130
347
601
130
347
1220
130
30
20
745
713
0
13
348
6
10
59
947
12
20917
12
29
17604
12
48
29
6
10
2811
419
1838
16
10
130
29
443
20
971
12
306
20
14832
48
29
20
971
12
306
20
14832
443
20
745
20
5137
12
48
29
6
20
5489
947
12
130
29
523
1838
16
25
331
32120
200
2
25
20
2358
130
29
10
331
19077
25
20
2983
290
539
302
658
33110
8
2
947
12
42
10580
43
166
42
6782
43
29
539
424
290
20
947
20
9474
12
29
20
9671
12
48
29
1033
20
965
20
3185
209
59
13
419
302
363
658
686
20
1557
1869
0
130
363
2
947
16
25
29
363
2
1838
16
25
48
363
289
20
1220
130
29
363
289
20
601
130
29
363
289
20
5944
130
29
363
289
20
2983
48
29
523
658
20
1869
3125
0
641
6219
25
289
560
12
290
15014
25
130
29
852
12
290
7737
16
25
48
29
22
7236
387
985
935
16
6
25
3191
25
289
20
10965
4
48
13
405
12006
965
20
4221
48
2290
59
20
53205
20
1240
12
29
5234
16
10
289
20
10965
1146
1153
1100
5234
12
405
20
1326
4
289
20
10965
4
59
1033
20
965
20
3702
59
13
363
2795
336
3191
130
29
419
377
2931
306
20
2560
130
29
363
439
13968
130
29
419
20
965
20
3306
20
1872
48
29
424
30
16571
20
3875
4269
596
421
25
29
1656
322
59
20
8233
130
29
20
6886
130
29
20
1050
4
20
2131
48
13
348
25
2931
306
2560
25
130
29
363
439
13968
130
1111
405
8869
1869
12
289
686
10
130
6555
16
2
20
601
29
20
5944
319
462
8748
48
29
1033
20
965
20
9671
59
13
5234
16
25
289
20
10965
4
730
12
130
29
48331
5
290
10
2
3191
28
59
578
7
59
1406
20
3875
4269
596
421
25
29
1656
59
42
35679
2
20
2793
437
20
1420
12
289
947
12
18679
1876
227
13
21413
407
20
546
12
29
20
2158
43
48
13
348
290
968
606
25
20
11647
306
302
20
2793
1046
130
347
42
770
1046
43
48
29
302
1950
20
1046
3193
0
130
6050
539
10314
130
11086
20
1210
306
302
2057
20
1420
12
21544
424
29
3377
26
302
25
20
2793
130
29
658
424
1869
0
289
601
3
130
363
289
20
1220
130
29
658
804
0
6
1424
20
7437
2
20
7686
290
20
2793
130
414
424
130
1111
20
20607
48876
290
25
48
29
290
462
13274
606
25
387
20
11647
130
13
23900
25
3377
302
686
20
2793
19744
18679
0
289
1069
25
29
21413
48
20
3191
20
632
59
1406
3875
596
4269
596
421
25
29
1656
48
42
1046
16
421
20
546
12
289
1046
387
20
8219
43
48
13
290
968
606
25
20
11647
306
302
20
8869
363
19112
130
29
302
20
1693
363
7340
20
594
130
1079
424
306
302
686
20
546
12
462
8931
336
20
8219
130
523
2571
6
20
601
947
16
10
289
20
8219
130
583
30
302
25
8075
10
48
29
363
17203
302
8075
3191
1557
594
289
7755
1693
130
506
12579
20
5233
289
9472
12
1693
12
130
29
658
424
23116
0
7988
0
6
2536
10336
947
12
20
546
12
131
1111
8748
20
7786
12
407
302
3489
947
12
20
5233
289
20
9472
12
48
29
407
302
38192
1357
5
1
13
8748
947
12
20
5233
289
20
9472
12
306
2333
20
10336
48
29
1033
20
965
20
9474
59
13
3191
25
1406
25
4269
596
421
25
29
1656
59
42
30
12168
14362
336
5976
413
4443
421
25
11675
2377
551
36399
294
130
11804
29
14209
25
20
5445
130
29
596
3805
1260
6
25
59
6
8382
1827
5976
43
48
29
20
2560
302
387
50731
322
3665
20
947
12
289
5944
25
130
1111
369
965
405
20
637
12
778
0
306
965
3875
596
4269
596
421
25
29
1656
130
29
416
26669
424
130
13
462
1972
1869
0
289
20
637
48
29
363
8949
302
5191
3800
0
59
2571
387
289
601
25
583
2250
8075
25
506
8075
20
11206
20
947
48
29
523
1406
25
59
42
30
12168
14362
43
4035
2
302
25
462
1972
1838
12
20
1008
130
406
30
20
1008
48
29
20
4347
20
559
25470
2
20
3191
130
363
1357
405
20
947
12
48
29
306
20
3248
12
59
13
402
331
6825
289
1759
20
5944
130
9820
5028
302
6825
289
1759
20
23116
130
13
658
424
2486
12
48
29
402
331
6537
2
20
11647
12000
12
20
2486
12
956
11619
289
25
20
10336
48
29
1033
20
965
20
5137
59
13
5234
16
25
730
12
130
13
10296
290
10
2
3191
28
59
578
7
59
1406
25
4269
596
421
25
29
1656
59
42
290
4235
290
20
2158
10012
290
20
546
12
761
12
5913
405
20
4118
43
48
13
348
2560
387
3882
336
302
25
761
12
5913
10
59
2
20
2950
29
20
1046
29
20
2149
12
48
29
419
20
10148
20
9671
29
20
9474
48
714
416
34119
13
1260
59
348
20
546
12
289
20
5233
130
506
4365
16
421
25
8122
20
3243
48
13
1562
10355
20
5233
6
761
12
5913
20
4118
130
29
20
5233
3800
0
290
20
4118
48
29
416
9130
20
2801
304
387
20
11466
130
13
1260
59
20
5149
2
25
10148
4226
5137
130
363
9671
130
29
363
9474
48
506
5191
713
0
59
405
20
5070
12
130
9492
20
10480
48
446
289
2108
20
861
12
29
315
8
10
20
11931
2983
0
130
743
2149
16
10
20
11931
12
2
20
601
29
20
10336
48
20
3191
20
632
59
1406
25
4269
596
421
25
29
1656
59
42
348
596
12110
9885
12
8590
2
745
25
952
28
1459
0
43
48
1093
4202
6
596
3805
745
0
48
29
290
968
606
25
20
11647
306
12000
12
42
745
43
6
596
3805
130
443
18190
12
20917
12
130
347
17604
12
13
348
25
6196
6
596
6793
25
745
0
9112
12
5137
12
48
14892
302
25
6196
2811
20
745
130
29
1838
16
10
130
29
2108
10
130
743
947
16
10
48
348
2108
20
745
29
315
8
10
130
331
2
25
27151
200
29
4670
130
29
10012
29
4531
130
29
596
3805
4617
29
4531
2
3551
12
13030
16
25
130
506
433
421
25
20
3177
12
29
20
998
59
42
491
331
3045
596
20
2983
130
13
433
59
4361
8607
29
4361
37672
43
48
29
363
790
302
658
20
5149
2
424
20
2983
1046
0
130
506
3377
25
20
19126
26
130
1111
363
790
302
658
20
1046
491
11291
130
406
658
2556
12
322
1069
880
290
20
13030
12
4453
2983
0
130
290
527
11285
20
4221
2
5070
25
290
539
1265
12
336
3305
48
29
1963
4453
5489
0
130
2
1546
302
25
32120
200
2
25
4706
20
2358
289
15031
4318
20
12323
130
29
20
6526
29
6337
20
13030
12
130
29
913
29
7433
0
130
13
348
25
2855
289
1126
641
59
42
302
491
331
3045
596
3805
20
5489
43
130
13
348
462
5901
424
336
20
2983
130
6785
20
1126
23
48
29
4680
302
658
6
1557
826
2469
730
12
130
2
1546
4
916
12
59
9133
2293
42
2983
0
43
2
1546
424
48
166
42
880
0
43
2
1546
665
16
25
336
596
3805
289
1348
25
3551
12
407
25
29
407
20
3045
48
166
42
5489
0
43
2
1546
837
16
25
336
331
4497
290
25
290
13781
20
2358
2
20
7433
29
20
9695
48
506
4453
13253
42
2108
0
43
2
1546
1069
25
48
166
42
1303
0
43
2
1546
331
12541
290
20
6891
48
166
42
6210
333
12
43
2
1546
971
16
25
48
166
42
2168
20
1601
43
2
1546
4208
565
16
25
48
166
42
6503
8
606
4466
20
8233
43
2
1546
2163
1770
16
25
48
166
42
38896
0
43
2
1546
1348
25
25770
0
289
584
545
20
13030
12
48
29
387
20
1856
658
416
4202
5489
0
130
29
745
0
5137
0
130
363
9671
0
29
9474
0
48
29
1198
290
2489
336
302
20
745
2556
12
322
852
12
6
596
3805
59
4475
20
971
12
130
347
539
10
506
7335
289
25
20
19126
26
48
29
1033
20
965
20
3185
209
59
13
3191
25
20
3474
130
29
20
7784
130
29
20
2756
130
29
20
4730
130
29
539
424
130
988
2855
289
584
596
3805
48
13
348
20
3474
713
0
1838
16
25
59
302
25
17779
20
1950
130
6
3714
12
20
23194
48
29
387
363
30510
322
17943
29
1110
48
13
290
968
606
25
20
11647
306
12000
12
11792
686
20
3474
6
596
3805
130
11792
0
59
3702
0
130
29
9671
0
130
29
9474
0
130
29
5137
0
5085
25
306
11792
852
12
660
4497
290
10
331
4497
290
20
3474
130
30
3714
12
20
6176
48
29
20
3714
12
363
8906
20
3474
289
1838
12
1069
25
130
29
523
289
852
12
290
20
852
4
20904
10
130
29
2886
290
20
2506
4497
322
10
130
29
419
20
25160
48
13
405
1326
4
20
10965
48
20
2290
20
2436
59
1368
12
20
10965
5546
12
306
630
20
1529
2152
199
302
402
290
5085
1406
0
290
5906
1242
20
4731
306
1326
12
290
405
20
1326
4
130
13
419
290
20
13763
28
48
29
2150
20
22970
302
10204
630
405
20
6849
130
29
11355
302
331
433
25
363
2811
6
25
130
29
2150
419
51317
11460
130
29
4347
25
956
433
25
20
26427
130
347
1787
12
20
4118
48
29
424
419
20
4257
20
11460
130
29
20
42634
12
48
29
363
7062
617
20
431
304
28
12236
24
24915
313
938
20
10965
506
22
14011
840
25
48
29
1562
7062
20
4257
2
20
10965
130
29
331
290
610
290
2057
20
1741
915
29
419
10290
840
25
48
13
5617
20
1255
322
20
10965
795
413
27697
2658
12
596
421
25
48
29
5617
20
10965
4
322
20
1838
12
29
16956
10
302
4175
20
2288
26142
130
347
14154
12
130
29
419
20
965
20
5137
130
29
20
965
20
3185
209
48
29
20
31763
10290
840
25
29
1856
2
25
130
1093
2934
16
20
753
4
290
9644
12
20
39261
12
2
2630
1260
26
348
795
413
27697
2658
25
596
3805
2963
2
10965
662
12
7423
1116
48
578
10
59
1406
4269
596
421
25
29
1656
59
42
20
4297
20
4136
4548
596
289
20
1155
43
48
29
20
632
59
1406
25
4269
596
421
25
29
1656
59
42
1950
20
4940
407
17456
28
290
7746
20
3520
43
48
29
20
1091
59
1406
25
4269
596
421
25
29
1656
59
42
348
5
6
6491
686
20
3520
290
554
20
1699
43
48
13
10775
1100
1562
491
387
132
527
968
20
11647
606
25
306
12000
12
2560
25
48
13
1260
59
20
4548
4955
289
20
1483
12
11978
0
336
1242
10
48
29
20
4297
20
4136
5192
3800
0
11978
0
336
596
3805
48
13
419
713
20
4548
130
363
289
1069
25
130
29
363
289
852
4
1069
25
130
29
523
289
5214
290
18767
25
130
13
18822
6
424
4548
0
48
29
387
419
20
965
377
4434
8
25
20
965
20
3185
209
130
29
419
5617
1120
25
20
10965
48
13
10775
1562
2778
840
25
5617
20
1255
322
20
10965
48
29
1198
6
331
12000
606
25
965
20
17456
28
6
596
3805
130
28596
130
1111
290
18234
322
2065
25
130
462
8075
289
25
17456
28
130
3810
52244
223
306
2108
20
17456
28
130
29
443
20
17456
20
5137
12
20
9112
12
48
14892
302
2108
20
17456
331
2
25
37738
27172
20
4221
48
29
1950
20
1310
407
462
12
20
880
130
29
462
12
20
8926
130
29
23212
0
16213
596
3805
20
4318
130
13
14241
2
20
17456
28
322
7
48
29
2150
10741
795
413
27697
6903
596
322
25
306
10965
405
20
7423
20
662
12
130
6
302
25
462
3463
606
25
20
12000
12
915
289
387
20
971
130
6
302
25
462
1972
47873
0
289
20
1008
20
5137
130
29
1252
26803
6
1624
6
25
424
289
20
3851
2
558
12
2246
29
539
25
130
988
462
4148
304
25
48
29
20
28908
29
20
17571
209
6
1154
12
1139
7
2336
0
336
10965
8122
730
12
48
29
3823
20
1255
336
20
39261
12
289
1687
20
641
12
130
20
28908
12
1342
3
596
130
13
348
3
1851
24
289
10
611
20
8122
915
5735
0
48
29
20
17571
12
5492
290
3
9748
0
289
20
10965
4
130
29
3
315
387
14892
20
28908
12
8487
26
3800
0
336
10965
1687
130
506
935
8
25
290
1406
25
59
42
348
25
35679
2
20
2793
289
947
12
18679
1876
227
43
48
29
30
331
2855
289
3790
20
811
2
20
7450
130
13
348
20
28908
491
3790
20
811
13
433
59
43245
219
39268
20
811
130
29
9357
596
289
10
13981
0
2
971
1326
4
20
811
48
29
387
1340
336
20
965
20
3185
209
20
1758
131
13
348
20
39268
8869
1528
16
289
10
1070
321
7643
2
20
22772
306
811
443
5384
48
13
682
20
22835
3966
20
486
130
406
1759
13781
5553
2
20
22772
306
20
486
48
29
20
17571
209
495
304
686
20
7450
29
1968
25
23579
12
322
804
130
2
25
27794
6
402
826
4682
486
25
130
29
419
5617
322
20
14389
289
20
10965
2
3790
20
39268
48
29
682
20
4347
4913
578
20
10965
28
130
406
302
3305
302
402
610
130
29
348
2324
289
8598
12
20
8122
13
419
10290
336
20
10965
130
915
302
34942
20
599
289
20
12869
2655
12
29
20
5023
130
13
1260
59
20
4297
20
4136
4548
787
0
48
29
20
2793
29
348
369
1046
0
14953
13
7051
18679
0
2
718
20
4376
48
29
20
811
130
29
348
369
16
5384
0
130
29
416
770
16
130
13
7051
336
20
7450
130
29
658
289
10
5384
11560
20
7693
48
29
290
5654
336
387
20
599
290
20
6908
130
1093
2202
26921
290
46767
12
20
2983
48
20
2290
20
1953
59
1037
20
10965
130
20
11647
20
6656
246
45
21834
1100
938
20
10965
130
1093
957
16
980
20
1529
306
405
20
1326
4
20
1240
130
289
20
10965
130
29
302
3125
0
290
424
682
290
7100
20
22970
48
29
4251
24
3800
0
306
302
4681
424
6839
306
1420
20
11647
306
12000
12
20
2560
48
29
20
2560
20
491
419
20
965
20
3702
130
13
348
25
985
6688
3085
20
630
130
13
348
11249
13
20
965
20
9671
130
13
348
25
6688
3085
331
414
25
130
13
348
11249
13
20
965
20
9474
130
347
20
5137
130
29
348
11249
13
20
965
20
3185
209
20
10291
5
48
29
363
5172
12
6
20
14578
322
1326
12
336
331
743
10
915
2
1368
12
20
11647
130
48526
20
3429
306
20
787
336
20
18062
48
1111
1260
20
31763
59
363
11647
306
12000
12
3851
20
9006
2
558
12
2246
48
29
1260
20
28908
59
363
11647
306
12000
12
20
2140
12
48
29
30
302
402
826
363
12685
2
331
935
25
20
5645
130
29
363
6604
25
2909
0
6656
0
48
29
17330
369
13
363
3933
302
22641
402
610
5645
25
130
2
302
6604
25
53779
0
289
20
11647
130
3047
4680
302
10492
25
9717
0
347
38319
0
59
1033
9717
0
130
13
290
527
348
25
8458
322
20
718
606
25
48
29
1033
38319
0
130
13
290
527
348
25
23180
1406
0
462
25053
290
20
5210
20
1191
20
1454
2
25
130
1111
20
6716
956
407
20
5210
302
596
3805
2627
48
13
1406
20
1856
363
2627
12722
12
48
29
1454
25
2
10965
20
2140
12
12722
12
130
406
348
1624
606
25
302
847
20
2140
12
8305
10
2486
12
20
1950
130
27173
302
363
3499
25
29
363
2086
25
130
6
302
20
5210
462
2086
1302
48
523
606
387
1260
20
31763
59
5305
20
2246
6
596
3805
6716
606
20
5210
130
29
462
2086
578
290
3
302
9056
20
687
682
5013
0
2
20
687
29
363
6649
0
130
29
363
1004
0
29
363
1220
0
48
29
302
20
558
4
20
1148
6035
12
322
25
130
29
302
665
12
558
12
2246
840
25
30
665
12
558
12
999
130
13
387
1406
12722
130
1111
20
12722
12
2556
12
322
1777
2405
12
539
20825
12
322
20
5210
48
29
322
387
8429
6
1
302
47238
8
3770
28
59
578
7
59
3770
17711
20
3045
48
29
20
584
289
25
20
6040
130
29
20
1723
322
1547
20
2560
1469
0
130
29
20
2721
290
3610
20
1454
2
10965
462
26459
2
25
20
11679
12
130
29
4079
1675
20
2006
1469
0
130
29
20
32327
322
20
4137
289
20
2288
130
29
20
1139
130
29
6040
331
10347
290
20
1058
29
20
501
12
48
506
2492
322
972
6903
596
322
25
302
25
4738
25
6066
322
3494
16
28
20674
16
28
130
13
4054
25
2
20
541
12
48
29
30
331
11853
322
4000
130
2658
25
596
130
302
25
8032
322
20
25435
130
13
433
59
42
20
25435
1190
130
29
20
3536
2
25
2781
130
29
20
2798
12
3919
12
130
29
20
2006
322
25
12722
12
43
48
20
3770
20
632
59
407
20
10497
377
34449
16
14021
3
20
20825
12
20
17054
12
130
27173
302
658
1139
3
2
971
20
1368
12
130
29
780
3
20
2560
2
1368
12
20
11647
20
6656
130
29
363
3933
302
22641
545
3
545
0
2
302
6604
25
53779
0
956
3377
25
11647
0
131
13
348
424
682
681
0
443
8
3516
20
11931
1720
15
6
20
11647
407
3
938
7388
421
25
130
7671
402
3
2
25
130
13
348
3
985
462
7316
24
289
20
7450
462
790
3
1299
20
1901
2
20
3790
130
29
416
935
8
20
10605
20
1240
12
289
1058
42
20
8469
324
20
12111
43
29
443
335
363
11619
20
1901
289
10
414
2628
10
2335
0
130
406
7671
402
290
2628
10
2
302
10
3792
1
20
7437
1891
0
48
29
20
9512
26
6
10
8072
421
3
1044
20
11175
29
20
42598
130
29
1386
20
7210
29
1299
20
3429
130
29
523
363
14953
290
3
20
3429
3800
0
48
4475
6
5663
545
3
322
6450
2309
2500
25
48
29
4475
289
7412
3
336
11460
20
34203
12
29
20
2869
130
743
20
3790
2
20
7450
130
30
377
5901
414
2309
3305
20
3038
289
20
2024
130
336
20
9435
130
6
1064
1347
25
1046
402
2024
306
20
3038
130
363
8949
302
35084
245
48
29
4475
6
3429
3
289
20
2358
335
443
1754
4
20
18062
130
13
348
290
20
2358
335
443
3229
20
18062
130
7928
12
29
18890
12605
130
29
539
10
48
29
20
1255
5484
26
289
20
1944
12
29
20
18890
130
1093
4602
7597
606
826
331
363
4602
7597
606
539
25
130
29
416
5549
1944
12
331
363
22253
25
539
25
48
29
4475
6
13669
1578
20
11739
2
1578
20
2983
48
29
4475
6
13669
20
1179
4
20
6716
12
20
1834
12
130
2
20
3368
4
130
29
20
2509
4
130
506
2290
8
424
289
1058
42
13175
20
1008
43
48
29
523
2
20
3248
12
985
1677
24
847
20
10605
29
37075
130
7976
3
20
3204
606
780
20
12484
306
2032
20
12872
306
6298
48
20
2290
20
2586
59
10965
3229
20
14021
2
743
11647
6656
2783
336
20
11012
478
20
1255
290
13536
336
20
10965
2
9524
4
20
24118
290
539
11647
6656
130
29
363
3933
302
13536
3800
0
336
4257
25
130
289
402
3770
130
406
4934
840
25
130
13
348
369
10965
25
289
681
363
2347
2
3229
20
14021
29
2885
16
10
130
13
363
40516
211
25
130
29
424
30
1406
545
20
7509
12
59
348
20
5149
2
2140
12
20
3228
421
25
20
998
20
6052
29
20
4690
29
20
3160
130
29
1406
25
59
42
387
919
5
43
539
2560
10
130
406
443
12732
38107
12
1771
12
130
29
38107
16
10
5137
12
363
9671
12
130
29
6
10
1326
4
289
20
4208
29
665
12
331
407
10
289
20
10148
130
30
665
12
20
6052
29
20
4690
29
20
3160
48
29
24289
421
25
2
302
20
3228
421
25
20
998
130
1003
290
302
3377
289
3193
302
25
10376
130
583
2795
336
302
8075
25465
25
48
19620
1665
302
25
1252
462
1379
828
10551
5653
25
4267
0
130
1252
462
2102
12000
12
20
9022
12
290
527
1348
25
3193
0
5768
0
132
29
27130
2
302
25
59
1562
790
302
658
491
331
13854
25
20
6052
130
29
20
3160
443
20
3217
130
29
443
491
331
2627
132
29
27130
2
302
596
3805
433
491
0
59
42
29
1198
4342
1536
31575
20
1050
4
29
20
1155
43
48
714
22694
387
20
1406
48
13
1562
790
302
25195
424
414
1386
20
31575
6
25
132
29
405
4785
4
19720
12
29
682
16
18062
48
1033
1406
25
59
42
419
1003
290
424
43
1093
5781
59
42
348
25
369
5280
0
6
331
2873
6
25
424
130
29
363
8949
302
15191
6
290
22
658
3675
0
289
16354
25
130
713
387
20
9473
130
714
4517
25
306
2163
130
29
363
8949
302
846
4785
12
20
25465
306
20
3365
322
25
130
3217
290
4785
12
20
2120
29
20
16095
12
48
29
1033
2140
12
20
6052
491
0
130
1093
2492
302
25
369
13865
0
289
16354
25
289
3963
29
2150
2568
2
20
1824
48
29
1033
1406
25
3805
491
0
59
42
29
1198
4342
1536
31575
20
1050
4
29
20
1155
43
48
13
4680
302
658
596
3805
130
416
935
637
1181
16
25
130
714
8850
336
935
2
5666
16
25
48
13
405
29
5913
10
24118
10006
10
18062
290
363
2102
1838
12
20
11647
29
1037
25
48
13
387
4629
10965
3
130
29
416
495
304
24
42
20
10003
43
166
42
20
23058
28
43
289
1406
25
3805
59
42
8402
242
23058
5
1
43
42
29
3376
331
289
4548
1
43
48
29
3631
20
5828
289
713
405
20
1687
335
363
3929
2
3229
20
5138
2931
8666
20
11647
289
3229
20
5138
130
13
363
22641
289
25
130
29
363
19529
48
3047
348
369
1363
387
20
1675
2783
336
13421
4318
20
17711
23396
6941
2
25
560
12
1242
25
289
402
331
462
4687
322
20
5210
935
25
48
29
6552
290
25
1406
20
15318
12
348
42
4735
43
20
26812
130
431
304
131
1111
1562
11980
3045
730
290
11257
4086
302
20
10603
290
20
2489
363
658
4267
0
132
29
387
3800
0
5828
130
1111
363
14953
302
4389
2984
12
290
20
1255
840
25
30
459
12
20
27673
130
29
1348
25
3995
0
363
28420
7437
0
48
29
1033
331
2347
290
387
20
4629
2
3229
20
14021
20
1185
12
130
13
1166
11012
290
7553
20
2560
2
539
11647
6656
130
30
377
11380
7895
20
11007
130
29
11380
20
2236
4
20
9671
12
289
20
641
12
130
2
24118
29
11628
29
5891
4
290
539
11647
6656
130
13
1166
11012
25
1891
0
130
1111
363
11647
306
12000
12
1340
20
5590
336
20
11007
48
29
935
3459
20
5441
289
20
986
130
13
1166
11012
402
331
7489
2
25
48
29
419
7964
611
20
14395
12
48
29
1198
1166
11012
290
433
290
3
59
348
596
3805
363
4086
915
686
25
48
491
0
4086
915
20
1178
4
131
13
1033
20
1687
20
5295
12
20
2395
12
2
20
1829
130
13
363
4086
10
130
6
302
424
22970
6
20
3875
4269
596
421
25
29
1656
1891
0
48
29
682
290
3806
20
1326
4
335
935
8
10
289
20
10965
131
1111
4508
12
20
3424
29
20
3243
306
559
25470
7895
20
11007
130
29
559
25470
7489
957
596
3805
2
7071
402
331
2931
306
20
1829
130
51486
599
363
5192
20
10965
130
29
3
9402
26
2
302
387
682
290
20
10965
48
29
523
433
24
59
6
331
369
3295
20
3045
289
302
3377
24
7895
20
11007
131
6
5663
6060
3
322
2628
20
12478
20
5137
48
29
369
3295
3
289
302
3377
24
302
596
3805
687
2
331
2931
421
3
130
29
8650
421
3
6
28420
424
2110
12
29
11688
12
289
4318
3
48
4810
6
20
3875
421
25
20
998
302
6976
3
424
130
29
682
2
8158
290
16591
539
25
130
13
433
331
289
25
3295
25
130
29
348
462
1972
506
433
25
48
29
387
20
1406
7339
1891
0
131
6
302
25
1454
2
20
6461
130
714
891
10019
289
302
25
462
16136
48
29
1166
20993
2308
20
18802
12
322
405
20
18027
12
130
13
289
20
4375
29
1959
20
3045
2
25
45425
227
12
322
20
6461
48
29
405
491
1326
4
20
42634
12
130
29
443
6194
12
407
20
8352
130
29
407
20
42634
12
20
3306
12
130
13
348
20
17571
12
6552
15561
3
290
15561
20
14395
12
915
289
387
20
681
20
826
419
59
302
20
17571
209
363
4680
20
6461
306
20
3875
421
25
20
998
2
713
387
20
10019
130
406
29374
20
2560
2885
1624
2
25
2
20
11647
1901
25
48
29
20
10010
363
7194
289
51486
16
25
6
20
2560
130
306
331
5192
20
10965
130
306
2163
347
306
414
48
29
1033
20
42634
12
20
3306
12
13
443
59
302
13106
2335
20
12478
5137
0
130
29
9671
0
48
29
13106
20
6064
6
20
687
2335
0
29
1469
0
48
29
1033
5305
20
12478
2
1293
5137
315
7116
20
5966
29
20
12509
4
20
9671
12
48
29
5305
20
6064
315
7116
957
25
2
2613
20
2358
130
13
443
42634
12
9288
12
2
1293
3491
2
4375
20
12323
48
29
2560
5828
5
29
20
957
606
596
302
1807
332
20
5149
26
2
1406
25
421
25
20
998
59
42
22
52229
319
16
5
5842
0
29
2131
28
1529
12
130
402
3
289
20
546
12
130
915
20
58424
12
43
29
443
1529
12
48
387
7590
20
1126
289
545
20
2540
4
48
29
2560
20
1126
5553
306
302
25
3974
2
25
42
20
58424
12
43
290
319
16
25
130
1111
433
42
22
7786
319
16
5
43
29
290
462
7671
2
49395
25
13
682
290
319
16
25
48
29
801
11380
26
2335
20
12478
130
29
2335
20
6064
130
13
682
24
9402
28
2
49395
25
130
1111
11355
26
302
20
2793
770
11460
130
29
302
20
687
462
16396
1198
1869
0
2
686
25
290
539
6064
130
29
363
6094
26
2
596
29
363
2
20
437
20
641
130
29
14633
26
20
12323
336
20
26427
48
13
363
790
665
16
3
336
20
319
12
48
13
3966
363
2811
6
42634
12
405
20
319
12
915
331
935
8
25
48
20
2290
20
3070
59
20
11012
407
20
1546
4
20
3674
12
29
20
2199
12
59
3287
20
5441
2152
199
302
4240
331
22641
2
25
29
331
363
22641
2
25
130
9149
7071
0
1558
0
13313
336
935
402
20
2405
4
29
20
9960
130
29
935
3185
12
402
826
29
2909
130
29
1112
414
25
322
20
2560
130
29
1112
10965
25
48
29
424
363
12460
25
12359
4
130
29
363
10355
6
4240
424
4601
5
48
13
23000
1100
2
12127
12
29
938
48
1033
20
12127
12
59
2410
18037
4950
1
322
2057
20
554
12
331
7976
1
130
12236
24
1856
28
363
4267
915
596
130
534
3875
596
130
539
19933
28
6
10
48
29
20
19933
12
441
12557
3
20
6461
306
3875
596
4269
596
421
25
29
1656
2
10019
130
347
539
10019
130
13
348
20
11012
289
25
2130
48
29
20
8110
363
2130
289
25
48
1033
20
938
59
13
419
302
3305
302
20
3674
4
1636
23
59
1636
2347
2
3229
20
3069
48
29
1636
2347
2
20
4396
48
29
3229
20
3536
662
12
59
20
3536
2
596
130
29
2
3875
25
130
29
2
20
437
20
641
48
29
331
5961
25
4396
48
29
29990
302
25
363
11012
289
20
4396
2335
0
130
915
289
2419
12
826
12
48
29
443
302
11380
2335
0
2172
0
957
290
20
3875
4269
596
421
25
29
1656
2
20
18890
48
523
289
545
10
20941
12
130
506
289
20
11758
4
48
29
289
545
10
13374
242
130
30
20
3087
20
2395
2
20
3784
12
29
3723
20
11679
12
48
29
29990
302
20
3087
289
20
3784
12
130
29
2596
10
29
2500
10
130
29
331
2347
2
25
130
363
18868
3125
290
25
11012
0
48
1093
10570
1487
8298
23
2335
7612
20
3784
12
130
29
363
7062
11012
25
48
29
363
14609
336
4008
31831
26
681
20
3784
12
130
29
2651
26
20
3536
2
20
3784
33110
8
2
20
3536
2
596
29
3875
25
48
29
363
336
6363
3
20
53127
28
6
3
2
2536
7964
3
289
20
3784
12
48
13
402
424
19331
131
1111
682
289
826
290
20
1406
28
22970
6
20
3875
4269
596
421
25
29
1656
2335
0
130
29
2885
2211
20
22970
130
29
1627
20
11012
130
29
348
369
290
20
4396
48
13
1252
433
1856
713
0
59
20
1555
377
2
508
12
682
20
10005
12
335
681
596
2
894
10
130
13
387
4257
130
1111
416
6688
18890
0
322
3875
596
4269
596
421
25
29
1656
1901
25
48
29
1252
10570
2232
12
20
3875
4269
596
421
25
29
1656
6
424
20
1555
2
302
25
20
10005
12
462
11033
25
11475
25
130
406
4086
1891
0
302
25
34011
289
11475
25
130
915
302
658
1908
1800
2
20
1741
130
29
462
4602
7597
606
25
424
48
29
1198
290
665
8022
6903
596
322
10
336
20
16185
12
130
29
416
5085
20
3424
2
5494
16
10
13
419
14845
131
6
302
387
29
5913
25
363
790
915
2
22970
20
3875
130
347
11475
20
18890
48
29
20
18890
11380
25
20
1310
37434
25
130
29
363
790
302
13485
25
2
1950
25
48
3047
1252
10570
331
6688
2
3243
20
33253
130
13
363
7062
25
2
25
20
4257
48
29
1252
10570
331
6688
2
20
5767
130
13
387
289
25
1008
131
6
302
1996
12
1348
20
5767
894
12
6656
12
130
289
25
7445
2102
25
20
9512
26
6
957
3229
20
8037
48
29
10570
20
856
1348
20
5767
894
12
2335
0
130
13
2250
1348
20
5767
894
12
916
0
289
25
48
13
387
970
20
4396
48
29
1033
20
3229
20
662
12
130
29
402
331
462
10339
20
10965
289
686
25
130
29
18890
906
25
130
29
462
11619
302
1585
11647
306
1901
25
130
13
2054
16
25
22970
11460
48
29
3191
25
59
331
935
8
25
290
7895
20
11007
130
29
20
546
12
29
20
2158
130
29
11522
12
957
596
2
2613
20
1687
48
29
331
10989
840
25
3342
20
10965
130
29
1252
2
20
10291
20
1758
130
42334
1183
289
25
336
20
11647
59
13
348
369
6656
0
130
29
1627
20
1406
2
25
48
29
523
348
369
289
6589
25
315
20
17711
5441
130
6
5663
2628
3
130
13
6589
25
12722
12
48
29
462
1972
20
11647
14827
0
130
523
5713
5828
0
3215
0
130
29
369
315
424
363
4086
5441
25
289
20
986
130
30
7116
20
17571
12
20
2140
12
322
596
3805
130
13
405
12722
12
130
29
682
2
4257
48
29
1033
331
3499
6
25
5441
130
31657
289
1759
20
7356
29
20
1008
130
48687
447
302
22641
130
29
10339
302
363
22641
48
29
290
4629
424
331
9525
25
545
290
9525
20
19519
302
25
416
1130
637
12
407
25
29
407
596
3805
130
8881
16
322
25
20
3177
12
130
29
20128
16
6
25
4323
20
12110
29
20
23323
130
29
5648
1281
20
2162
48
13
387
3673
363
1910
289
7612
1309
25
130
29
348
369
289
20
970
2
10561
25
289
20
2158
1008
48
29
1309
713
387
1243
290
1309
1569
12
14845
130
1111
5441
25
289
20
986
6664
130
29
27046
2
25
1675
290
20
26741
12
363
6917
228
48
29
5441
387
130
2246
5441
290
1260
2
20
26741
12
3306
0
130
13
348
25
4531
322
20
23193
840
25
3013
4257
25
48
29
1033
387
13
348
25
19761
20
4731
290
20
4731
130
29
11355
302
25
462
9573
289
25
915
3941
3813
130
1111
5498
3813
20
4939
4
2
290
682
6
25
713
1326
16
25
289
20
986
48
29
1963
11355
302
25
26254
4134
29
533
2472
20
23323
2
2560
25
130
29
419
2
5762
25
14806
322
10
130
29
48928
387
336
302
9525
402
30670
713
637
25
130
29
57073
2
25
4579
20
986
48
29
363
3933
302
10006
302
20
11012
29
7116
25
3933
302
5121
1891
0
289
402
3770
48
406
20
11012
970
2199
130
5901
336
59
26741
12
20
1281
48
29
15155
20
958
48
29
20
970
2
20
10561
289
20
2158
48
13
23572
25
30
23572
6337
20
3121
20
2199
12
59
13
7144
12
5121
2
7437
48
29
7144
12
2
5828
3215
48
29
7144
12
7548
289
25
48
29
2885
1677
4381
130
13
20
1626
289
25
322
20
11012
1012
48
29
20
1932
12
336
20
11012
2150
4438
306
6270
290
12990
421
3
20
6908
48
29
363
538
290
20
10111
306
1889
12
660
130
29
443
302
20
2054
59
416
8966
1170
0
24809
0
130
29
11355
302
25
431
304
130
29
523
935
10965
25
363
3998
4883
227
6
25
2335
0
289
20
4950
130
363
306
414
130
29
363
306
2163
130
13
424
4257
130
29
1242
25
51317
130
29
348
369
11355
302
25
431
304
48
3191
25
59
331
1548
16
289
2288
545
20
15318
12
59
348
596
3805
826
130
2
2811
302
25
4617
20
1029
12
29
9357
10
48
29
687
130
2
2811
302
25
4617
20
957
6
539
25
29
9357
25
48
29
1869
130
2
2811
302
25
2319
539
25
48
29
1033
302
658
826
0
289
686
25
130
29
1869
0
130
29
687
0
130
306
2811
56757
25
130
13
363
48
29
387
4257
5527
131
6
302
1079
20
826
306
2768
20
1029
12
130
682
290
20
10965
289
1557
29
363
13738
25
1430
12
20
1223
2335
0
48
29
1252
369
9056
20
1029
12
4453
9056
0
131
6
3045
25
20
1029
12
6
4434
662
0
130
29
952
0
131
6
302
25
3045
20
3788
3800
0
48
13
5234
12
405
20
2405
4
130
22970
4
130
982
322
10
2
20
10965
4
48
20
2290
20
3542
59
2500
20
18890
29
20
5767
29
20
11647
463
2628
16
290
405
20
11012
4
302
20
1008
289
20
11012
2347
2
1687
59
578
10
59
302
20
1170
20
2199
377
2664
2
25
322
2560
25
130
1081
10339
20
10965
132
319
363
132
13
348
39582
130
13
1081
42
10965
25
43
1908
132
319
1758
132
29
1996
12
331
5192
20
10965
130
29
331
363
5192
20
10965
130
682
2
20
11861
130
406
363
10777
2
25
915
20
6504
20
31352
289
957
20
1430
12
130
20
7465
2
3229
20
1430
12
130
714
2
1483
12
20
1223
289
20
4382
289
14154
4
10
130
29
25725
4
10
130
29
15561
10
289
1934
20
5913
48
20
632
59
289
20
1170
20
13935
130
302
25
6688
18890
0
132
347
33253
0
132
347
2
20
5767
20
2536
132
13
348
6688
18890
0
130
13
1081
306
1037
20
18890
132
319
363
132
1111
1963
10006
20
16609
130
24809
0
48
1029
20
18890
331
363
790
20
1910
289
25
130
30
20
957
2
965
20
12323
130
29
965
20
918
20
6716
12
130
29
539
10
48
29
302
25
24809
289
20
432
1729
402
10
130
2471
0
414
2471
130
336
4770
20
18802
12
48
13
1081
11619
302
658
416
3386
581
20
18890
289
2471
290
20
432
1729
132
29
1037
20
18890
302
363
10339
424
130
506
289
20
3424
48
1033
289
539
20
3424
13
34314
11931
424
1573
0
130
29
363
10777
2
6450
25
915
20
2567
26
322
1528
20
13786
130
29
3723
20
8015
20
747
12
130
29
1528
20
7423
130
29
3723
20
1259
29
5874
3
289
906
20
2405
4
48
1111
416
2319
581
20
18890
289
402
2471
130
29
363
2915
2
25
20
957
48
1111
369
11619
302
658
6
20
1127
20
730
2071
12
289
20
3534
130
4018
414
3392
20
9299
407
13244
20
9960
48
29
6
424
3489
20
11403
32768
7917
26
20
1170
306
421
413
1983
961
6903
596
322
25
289
20
3784
12
6
18890
25
606
3
130
29
18890
606
6363
3
289
4221
730
12
1901
331
18890
606
3
6
3291
12
3534
20
40712
269
306
1567
12
12317
3
29
6040
10
48
29
1033
331
9765
336
20
5767
13
10623
424
290
29918
20
4221
130
1111
1037
25
302
7375
2057
20
862
29
20
1044
289
2487
826
130
13
7316
24
306
681
826
980
0
2
7590
5868
130
714
3778
24
421
25
130
333
12
606
4008
130
29
336
2309
12846
20
2471
130
606
4008
48
347
1515
1343
469
3784
289
11886
20
1155
130
39009
34518
3
289
4770
826
130
2
527
10373
5906
3
980
0
5868
0
130
583
17203
20
7412
322
25
130
29
20
1901
414
25
48
714
20
1008
289
302
290
11977
414
25
1081
22641
132
6
302
290
20
1255
290
433
59
985
4810
289
424
20
739
302
5484
24
130
13
2526
3534
3
306
980
130
29
363
17203
306
826
290
3
302
8850
414
424
29
387
7712
3800
0
48
20
1091
59
20
1008
289
302
1242
20
2405
1081
18890
606
25
20
1210
132
347
1081
1130
25
20
5767
132
1111
402
290
9804
363
846
20
1687
606
25
24809
12
48
29
363
17236
20
5767
606
25
2854
12
322
17236
20
1901
48
29
2150
5121
424
3125
0
13
3125
0
48
29
2150
2102
424
290
12769
12
20
1528
20
6148
12
289
20
3429
29
20
5767
6
20
5210
48
714
363
2915
20
957
289
424
2
12769
12
3753
130
29
363
3753
28
130
1111
363
2915
18890
20
5767
2
25
48
29
416
7617
883
4142
20
8803
130
2658
25
596
130
1058
0
289
5399
20
5767
130
29
10570
421
25
730
290
25
130
29
15777
246
289
545
847
20
5399
48
13
3966
290
11977
20
5767
130
29
462
6196
606
25
414
13
419
14420
12841
130
29
682
2
51317
130
13
363
790
11012
25
48
29
20
3095
2
1996
12
20
787
289
387
682
2
5735
48
20
1604
59
20
1008
289
2909
25
20
18199
306
2054
12
20
2560
59
19507
306
1037
20
11647
130
319
363
132
29
1996
12
1037
20
11647
363
790
4240
10
915
289
12359
4
130
29
331
935
8
289
1058
42
20
8469
324
20
12111
43
29
1058
42
13175
20
1008
43
19426
290
25
48
29
33154
34203
12
11910
20
4770
322
2537
1037
20
11647
306
20
13579
130
29
3146
290
1996
12
424
130
13
348
20
11647
985
369
6656
0
130
5172
289
20
10965
48
29
985
369
1758
0
130
13
985
462
1972
6656
0
462
33394
915
289
10965
1908
778
336
20
2628
48
20
1931
59
289
302
935
847
20
2405
12
59
1081
31831
5441
10
289
20
986
132
319
363
132
13
348
331
363
31831
5441
25
289
20
986
130
13
20
681
289
25
10121
130
29
348
369
20
1406
18524
0
29
2560
20
2569
23
30
1406
20
41496
12
20
4821
12
59
348
20
3784
37419
289
25371
130
29
348
25
3615
2037
25
48
13
348
25
1406
8158
130
2560
20
2569
23
130
18524
762
0
130
29
523
363
5441
289
25
306
20
986
130
2150
20
5441
306
20
23760
20
7719
6
424
130
1111
4235
402
437
290
850
25
6
2483
20
3784
583
3618
20
1824
130
48526
336
1555
25
47278
222
0
48
29
387
3191
59
29
20
6325
302
25
363
3933
302
22641
2
402
23851
130
29
348
369
2560
20
2569
23
48
13
985
2628
16
302
20
1008
289
20
11012
6839
306
630
405
20
3770
4
335
363
10777
2
33253
10
20
11015
26
130
957
16
302
20
1932
336
11012
290
8966
20
28908
347
539
25
130
14420
15915
48
29
1562
10777
20
8272
2
2536
20
8037
2
387
20
6359
20
3459
132
29
289
446
2413
290
14214
20
8037
14131
405
20
2358
132
13
985
1548
16
20
8272
377
2
9601
16
25
2536
20
8037
130
5096
289
20
11012
29
20
10631
130
13
20390
322
25
130
29
363
9047
2
25
1950
1
29
4950
1
130
13
348
20
2103
2
20
2358
16447
12
289
20
2869
130
363
24882
322
25
20
23674
130
29
6
1003
25
3927
20
1901
407
20
1255
130
29
1252
44274
258
290
20
3855
290
363
14674
130
6
1457
20
1901
407
20
3045
48
20
2290
20
4550
761
59
2864
20
2288
29
20369
20
2066
20
9022
478
5492
20
1255
3700
24
29
19331
0
130
2984
12
290
20
19126
28
4257
24
17711
20
1305
28
130
29
4250
24
302
290
363
2102
20
2288
29247
130
29
462
2102
20
4508
12
20
2199
12
15458
9262
3852
335
9711
8
10
130
13
419
14845
48
13
1807
4569
24
2658
12
596
20
2249
12
306
5058
25
48
48
491
0
48
29
1968
24
20
546
12
1626
0
306
23964
12
5735
12
290
20
19126
28
130
714
6908
24
331
18890
290
20
501
12
48
48
632
0
48
1111
1624
6
3
289
2471
3875
596
4269
596
421
25
29
1656
130
29
2471
20
11679
12
130
6903
596
322
3
130
970
3
2
1741
6250
290
1003
317
20
1223
130
369
24
8727
28
42
554
1741
3
43
2
5058
12
20
3044
219
130
29
462
16254
24
2
957
20
2909
130
29
1252
14979
24
2
25
462
6976
1302
48
29
290
5828
302
11931
20
3536
20
2288
130
29
20
4508
12
20
2536
12
130
29
20
4661
4
20
9994
12
130
1093
23180
130
406
20
3536
2066
23501
25
596
289
4318
3811
25
130
5897
12
29
5947
12
290
606
25
130
7144
12
59
2
407
12
290
20
5762
130
363
790
25
20
2496
322
10
48
29
7144
12
59
2
804
14507
289
20
8922
48
29
7144
12
59
2
2486
12
637
1486
12971
130
29
10451
12
2066
25
840
25
606
7600
16
25
29
4124
16
25
48
29
7144
12
2
10283
12
637
130
1093
1075
31542
336
20
3675
4269
596
421
25
29
1656
130
33319
0
2
25
130
9248
0
48
13
2026
1814
5706
25
306
5726
16
25
20
8754
12
130
3139
10
596
2738
0
29
3468
12
130
435
260
10
43498
290
10
12718
20
18802
12
433
59
29
596
331
387
2
1112
21028
130
29
4738
25
302
3915
421
25
20
1741
130
13
13182
48
29
387
29
5913
25
611
290
302
17268
130
29
462
16254
826
290
3
2
20
2288
29
3305
20
4508
12
130
406
369
2326
2066
20
3536
2
713
405
20
19649
289
4318
3
130
6
315
12
4405
130
714
363
3391
7038
16003
0
2
2486
12
847
20
3723
20
3459
12
130
29
10185
12
20
3424
130
29
3348
12
20
4318
48
13
9119
4144
36
36
4443
906
322
3875
596
4269
596
421
25
29
1656
130
347
322
20
11679
12
6903
596
322
3
130
9284
31542
13182
130
29
1406
25
6
25
59
20
2909
306
302
20
687
1853
59
302
25
363
11980
322
20
5384
29
331
363
11980
322
20
3458
1853
48
29
302
596
3805
687
2
957
130
29
2188
2
971
12
6440
12
306
20
1069
130
363
443
419
130
29
363
443
539
25
130
336
539
424
290
3341
20
19126
28
48
29
4334
16
3871
462
11558
405
20
10633
29
462
8543
3800
0
331
8305
223
25
2811
405
20
10633
406
369
363
27363
7322
12
915
322
1581
12
290
20
1003
317
8375
26
999
8953
20
15345
29
1581
12
290
20
46596
1665
8375
26
826
0
414
2950
20
4770
347
306
20
2163
29
369
24
985
9051
24
2
1179
12
20
2232
12
957
24
20
3177
12
29
20
7789
12
29
1340
24
336
1409
16
3
290
1610
12
20
14901
29
539
10
48
3047
4334
16
10570
302
25
4680
302
658
935
4508
12
20
19126
28
578
1801
20
3536
289
584
545
20
1255
29
523
682
424
2
11551
421
25
29
419
3800
0
3995
48
406
20
33783
289
1688
20
17606
506
10202
421
25
20
3424
48
13
1033
20
2288
20
5357
306
2660
20
19126
28
13
348
25
4035
5232
20
11866
28
2
302
25
289
25
3503
12
4101
6
14858
322
25
20
11889
363
6
1348
25
584
0
289
686
25
48
29
1963
658
424
804
0
6
22418
20
12484
289
1950
25
48
29
6
424
363
3489
513
7481
12
6
20
19126
28
29
363
6
20
11910
27794
322
826
3557
290
20
8352
347
12722
12
336
539
25
130
29
363
322
7964
20
14223
336
7964
1983
9947
12
29
363
306
20
3100
48
29
3527
405
20
2727
4
2
1801
646
130
583
289
20
4649
2
20
3815
48
29
6
424
462
11558
1483
12
20
5210
2
20
1617
12
2
405
20
24310
4
406
2605
24
20
1406
306
290
5096
289
20
2288
29
16254
2
20
1139
29
20
2006
48
29
985
780
8
20
42926
12
29
1964
12
20
831
2963
8
2
302
20
4137
289
20
2288
5680
6
3927
12
20
8858
12
289
25
130
915
6
578
736
28
59
47
1486
1814
16
6
25
3185
12
682
16
17262
322
1950
25
2
2288
1908
17606
5
29
363
2
1210
22533
322
3875
596
4269
596
421
25
29
1656
130
13
4680
302
658
20
1406
20
2153
20
10240
7703
0
3185
16
25
130
29
5347
6
25
289
1570
25
130
12706
21409
315
25
424
29
57022
322
25
2934
20
2223
377
682
2
25
424
20
1570
130
13
348
25
25494
302
11199
289
686
25
10270
0
29
5693
6
25
3185
12
45577
25
29
12993
1060
25
322
5138
25
20
21759
321
20
2223
48
47
29
20
632
59
6055
241
1270
20
2983
8603
20
822
289
20
986
130
3490
20
3536
2
12718
20
7437
130
2205
302
2915
405
20
3503
12
6
37028
2
10
3288
0
130
985
1814
16
6
25
3185
12
130
29
4539
4449
2
10
38319
0
985
47609
130
29
6
22461
2
25
7719
25
985
5078
38319
30866
25
48
13
3305
424
2
387
20
5377
369
290
24183
20
7479
4
130
29
3305
416
252
331
16356
2
25
20
1910
29
57139
20
3185
12
289
584
20
1341
2389
1357
130
985
462
462
790
1250
12
5138
25
20
21759
321
2
718
641
6408
25
48
29
20
584
20
5868
302
402
290
4638
331
1075
2
25
20
3875
421
25
20
3177
12
29
20
998
130
29
9635
421
25
20
3424
130
5138
0
15196
0
130
13
419
4940
130
29
348
462
2102
4508
16
25
130
406
20
3536
20
21541
290
20
2909
20
10240
4504
762
0
2713
306
20
10098
2
402
3185
12
48
406
20
3536
20
8603
3536
20
17711
20
4234
289
4318
3
289
20
16354
2
18890
20
5647
347
20
4234
414
20
5705
2
19649
3723
363
790
20
2496
322
10
48
29
2309
3471
25
130
7062
25
20
5058
12
29
20
935
130
13
348
290
31778
16
2
25
20
5058
12
336
1838
12
20
11465
29
6946
20
5762
322
30
573
4
20
4118
130
29
8598
12
935
596
3805
1541
0
130
15800
16
6
25
12718
20
1996
12
29
2250
16
20
1687
335
369
416
2104
10
6861
0
322
25
130
30
20
7898
12
29
20
2486
12
130
29
424
1838
12
20
1996
12
335
363
4712
915
414
20154
1044
12
5138
4
130
29
36884
20
2065
25314
596
3805
48
42
13
290
5575
596
302
45327
10445
2065
25
6
20
1741
43
42
13
419
306
2066
290
919
25
43
48
506
8032
4269
596
421
25
29
1656
322
2811
4240
20
2065
130
13
433
59
42
2066
23501
25
289
1950
20
4940
43
13
5781
331
3117
16
25
132
433
59
42
20
54352
322
1881
20
13745
130
29
20
11074
12
336
1881
20
10561
43
13
2
387
4086
20
19126
20
931
306
20
4118
130
20
15051
421
10
130
539
11931
1838
12
20
1996
12
130
29
1252
6555
10
6
441
4513
322
1881
20
13745
1891
0
48
20
2290
20
632
761
59
1578
20
6122
12
29
20
23632
12
29
20
2658
12
20
9022
45
141
26921
196
1
2353
59
2838
4822
20
11012
290
20
22970
6
20
4669
20
2199
12
130
29
20
2038
12874
4
596
421
25
419
377
4569
20
2658
12
306
20
3045
130
743
20
19126
130
1111
433
421
25
20
998
59
42
1260
596
3805
6
8590
421
25
20
998
437
20
1420
12
59
1827
8590
43319
290
4709
16
1
2449
20
2158
43
48
13
1260
59
42
23937
290
990
132
43
13
1260
59
42
290
402
936
130
25703
12
29
2759
29
8300
43
48
29
433
421
25
20
3177
12
29
20
998
59
42
22
52229
319
16
5
306
11174
29
2131
28
1529
12
130
20
7678
12
290
10
826
12
43
48
20
6520
59
302
20
1126
20
491
2223
130
29
523
682
20
2811
2
25
130
302
3
15292
21593
26
130
406
348
3
3618
26
20
2158
130
29
3915
26
421
10
130
29
5022
26
289
10
2
971
23323
3
48
29
20
14031
290
20
23323
130
363
658
289
20
936
915
826
0
48
29
1198
433
596
3805
59
42
29
348
290
14
915
3552
10
43
48
714
42
2449
20
2158
43
2556
12
13187
24275
20
2158
2
17031
25
130
29
4680
302
11196
24
322
718
19164
2
20
23632
12
130
506
2855
16
2
25
20
3243
130
29
2575
6
25
20
3243
20
730
12
20
7558
12
306
511
12
2658
12
596
3805
29
443
611
290
302
17268
48
13
290
3
331
2492
322
8022
6903
596
322
10
302
10
433
16
59
1093
16
20
3675
4269
596
421
25
29
1656
1069
1824
12
48
20231
440
26334
223
130
13
985
419
289
24991
12
19931
130
13
1548
16
306
1469
25
12718
0
662
12
48
13
2026
6846
3177
16
25
433
59
56703
130
290
405
132
1457
16
1412
8022
1827
3875
596
48
433
59
38143
16
20
12718
20
662
12
132
1457
16
59
3047
1827
3875
596
48
433
59
348
12838
49649
338
290
919
5
289
20
2066
20
491
20231
426
338
302
596
3805
3618
20
546
12
290
319
16
5
2131
28
936
0
2
539
1861
29
363
9433
48
714
47071
5
289
20
2066
20
632
12838
290
919
5
20231
426
338
302
596
3805
3618
20
546
12
290
319
16
5
1204
402
826
290
20
2131
28
936
0
2131
28
936
0
2
539
1861
29
363
9433
48
714
49649
338
289
20
2066
20
1091
12838
290
919
5
20231
426
338
302
596
3805
3618
290
319
16
5
1204
402
826
290
20
2131
28
936
0
20
5005
12
2131
28
936
0
2
539
1861
29
363
9433
48
13
1457
16
1827
3875
596
363
2970
319
16
1
387
48
433
59
8724
26
6
14
290
20
28934
290
363
53463
29
363
19931
48
13
387
29
5913
25
290
20
3243
20
7558
12
306
511
12
2658
12
596
3805
730
48
13
387
289
319
12
534
4269
596
421
25
29
1656
560
12
48
29
1412
3871
59
348
20
2658
12
2849
730
0
290
20
1440
20
12070
12
130
29
348
369
611
3
3915
26
306
20
2158
4475
1046
12
5219
12
130
583
289
2478
12
130
347
289
1053
12
130
29
4475
289
354
12
130
583
4281
421
3
1392
2449
20
2158
406
3871
59
348
611
18930
20
2521
29
20
780
289
387
20
4770
2849
3
20
2658
12
348
5523
596
3805
59
14892
801
332
289
36363
20
2521
29
20
780
130
29
462
2970
3
20
1617
12
130
13
348
3
662
12
8863
59
7617
59
462
2640
3
1392
534
4269
596
421
25
29
1656
2335
0
130
2628
34386
313
48
29
7617
59
1130
3
1392
25
29
13665
25
130
29
331
1624
421
25
290
20
10008
4
130
29
3
20
3845
26
6
918
20
1741
130
29
20
22560
26
6
3
130
29
3
20
15292
20
21959
26
48
29
7617
59
1091
407
20
1326
16
28
130
1130
3
1392
534
4269
596
421
25
29
1656
130
29
462
2640
3
13665
25
1790
16
25
130
406
2934
24
3800
0
731
20
16354
302
21028
0
19764
0
1392
25
534
10806
20
18802
12
130
506
2934
19718
8
302
21028
0
5191
6
25
20
40288
130
10806
302
596
2449
25
29
12248
2
20
18802
12
8158
0
48
13
1807
606
5
289
2811
20
7617
20
491
130
13
348
3
315
302
3
2934
24
1392
25
130
2934
24
1034
14718
25
130
29
387
363
11199
3362
12
20
1008
289
20
891
48
29
1033
20
1126
20
641
130
29
419
1406
25
59
42
20
7678
12
290
10
826
12
43
13
20
2540
12
916
12
2309
0
289
25
130
1093
2492
59
42
20
19987
12
290
10
826
12
43
48
29
523
20
1717
847
20
2540
12
48
29
2811
42
20
7678
12
43
443
335
363
1568
306
20
2158
130
29
363
3190
336
20
23632
12
48
406
377
3929
2
25
20
35786
12
6
11558
25
336
20
2158
130
13
682
2
2991
306
20
1728
130
29
348
10810
2
20
23632
12
290
24578
3
48
29
289
2540
12
59
42
402
10
289
20
546
12
130
915
20
58424
12
43
130
29
443
1529
12
59
29
790
302
846
20
2540
4
402
10
2223
12
13
846
20
19987
12
826
12
130
29
443
335
29898
289
20
2158
130
29
658
20
19987
2556
12
13187
1814
20
7686
322
3295
25
130
6
302
20
19987
363
16087
6
25
414
20
17487
1866
48
29
846
20
7678
12
826
12
59
29
443
335
1786
20
546
12
2
539
1861
130
29
363
23632
12
130
6
302
290
18491
20
1861
1093
10396
130
13
682
2
2991
3966
130
29
290
1046
6
20
23632
12
1093
1046
6
20
16421
12
130
13
682
2
2991
3800
0
306
20
1728
48
29
15213
718
23
130
29
7
2556
12
322
449
20
3045
29
1866
25
48
29
3701
20
1529
402
3
407
12939
28
20
1326
16
28
48
13
290
3
290
24910
2
20
1861
1116
48
29
290
3
290
6552
290
20
2158
130
714
11196
2
20
23632
12
48
29
290
3
290
3618
20
2158
714
4235
306
971
16942
3
289
14021
3
29
12722
16
3
130
29
306
3927
12
23323
3
29
1457
16
10
48
13
1033
20
19987
12
20
21593
12
289
20
2158
290
405
20
1529
130
13
443
1529
12
826
12
130
29
443
335
6461
16
29
6912
16
20
6461
306
3875
596
4269
596
421
25
29
1656
130
2
20
1787
12
48
29
1033
290
6337
20
1440
13
290
6461
25
2286
6334
2934
25
2
20
18890
322
2037
25
130
1790
16
25
130
29
10008
4
25
20
11673
12
6
20
1483
12
130
30
3274
20
4690
130
29
31785
20
28367
130
29
11430
20
2883
290
407
7746
25
130
29
20
3424
20
10008
377
12248
2
25
2057
20
26454
12
29
3321
24
322
25
13
985
6334
424
2934
25
130
13
20390
322
25
130
29
4841
29
462
4934
289
25
29
363
20124
130
29
462
13536
336
20
7945
130
13
387
419
20
33319
20
8158
130
29
419
20
14845
130
29
363
3618
289
387
611
20
2521
29
20
780
801
414
16
918
3
322
918
20
1305
28
48
406
3871
59
290
6334
2934
25
387
130
13
363
538
302
22269
289
25
3362
12
20
891
6
746
10895
1838
12
20
681
348
369
290
2057
20
986
130
29
462
1972
290
801
4117
221
24
20
913
12
20
4118
306
20
641
12
48
13
348
462
22269
289
25
405
20
3362
12
130
13
424
6
22559
25
336
20
4118
130
29
8256
25
322
20
2936
29
2130
681
20
986
29
424
4257
29
348
36768
16
20
3362
12
130
13
2537
322
20
891
130
13
419
3800
0
4257
48
406
5452
20
3536
2
596
130
29
20
437
20
641
130
290
2057
402
564
12
130
363
790
25
302
22842
322
20
891
414
3013
20
19002
2
20
1801
20
11673
12
6
20
1483
12
13
348
14979
2
20
1008
29
20
891
130
29
462
18246
130
13
6555
25
20
2793
554
2309
20
787
130
13
419
3800
0
10906
6
25
714
6
25
20
2658
12
20
2249
12
48
13
49031
1865
2658
12
596
20
2249
12
130
29
363
16019
20
1687
20
9022
12
2
20
10605
20
11895
12
20
1213
12
48
29
29990
302
20
641
12
1908
290
20
4118
59
159
42
331
3045
14
29
363
2449
14
915
30
686
826
12
43
48
13
30
331
302
611
2057
20
4118
289
3047
12
29
998
12
130
347
289
637
12
26230
245
10
130
1111
1252
1866
407
10
29
407
20
52753
12
29
20
4521
713
0
130
6
4271
10
130
29
2150
20
21857
377
9681
20
2793
130
3995
48
13
30
424
20
21593
26
289
20
2158
2
20
837
12
336
20
2991
28
130
29
20
2611
28
290
10
289
20
641
12
130
3995
48
13
348
852
12
20
2658
12
363
7794
2
3429
3723
8
29
2150
20
4118
29
20
641
12
2556
2377
322
3429
3723
1
48
29
5641
387
6
331
369
6
1406
25
421
25
20
3177
12
29
20
998
2811
527
433
59
491
331
514
596
289
20
1058
20
491
59
1412
596
363
4267
915
1412
130
2376
16
2658
16
5
44371
130
13
290
1331
302
363
4267
915
596
29
302
534
0
3875
596
13
6
25
20
546
12
48
29
29990
302
2057
20
39965
416
19160
6
3
2376
20
2658
12
29
14835
10
2
1801
29
23062
4
2443
331
606
3
290
20
3243
29
20
2506
130
29
523
935
424
13666
48
13
26488
2
2658
12
596
29
2
20
6122
12
20
3306
12
348
1127
16
407
20
3536
29
20
486
20
1191
130
29
2
20
17487
20
3306
985
8256
16
322
7
630
48
29
348
15
16
1242
7437
289
2057
20
7945
130
29
1242
43000
289
545
20
10965
130
347
1242
1910
289
7
130
347
1242
7816
289
20
811
13
363
44158
289
20
6122
12
20
3306
12
48
29
29990
302
1
407
302
31409
354
12
714
9989
130
29
407
302
19133
289
1
290
21638
16
4375
25
289
630
331
1075
2
25
347
539
25
48
13
16584
302
12263
217
596
2
1621
25
322
23632
12
20
36534
307
130
13
348
20
681
289
424
6235
211
48
20
2290
20
1091
761
59
23572
20
11012
463
5828
545
20
1255
302
23572
20
11012
290
20
2983
363
290
20
4731
48
29
302
20
14420
2
596
14845
48
29
20
7465
2
25
4940
48
32128
6
25
59
20
970
2
26741
12
20
958
29
20
10561
289
20
2158
130
970
2199
363
2811
6
25
554
7884
20
4731
48
29
348
3974
2
25
302
20
3287
290
20
2038
302
20
14420
2
596
419
20
14845
130
13
387
363
790
4893
25
289
25
131
6
302
20
14420
2
20
3875
29
2
20
641
12
3800
0
14845
48
714
348
5498
424
20
6908
2
1069
596
3805
130
2
32762
965
25
130
347
30589
16
25
130
29
462
17860
25
289
20
852
4
13
1963
2091
351
421
25
48
29
348
1968
20
12841
289
20
852
4
3800
0
14420
0
130
347
14845
0
130
14516
25
11012
59
290
4335
852
12
20
3266
29
852
12
20
822
48
29
290
4335
20
2288
29
7737
6440
0
306
20
957
48
29
290
4335
20
2934
29
20
5706
6440
0
306
20
957
48
29
290
4335
4681
20
2140
12
48
29
290
4202
20
558
12
48
29
4202
3714
12
1853
12
363
289
1069
25
130
29
363
289
1759
48
29
11012
20
2054
28
289
25
48
29
2
20
3248
12
7062
25
20
11012
289
402
2419
12
3929
2
852
4
596
130
29
424
970
363
5338
6
25
29
348
5498
2
545
20
852
4
743
545
130
462
3289
6
424
2290
0
29
9174
0
130
29
363
1112
6
25
915
20
2159
2
20
22970
130
6
16194
20
51317
2
20
3875
29
2
20
12478
130
29
4235
290
25
20
431
304
48
714
363
8949
302
3718
20
1910
29
20
1008
289
545
20
5399
130
290
3248
12
20
10965
347
20
22970
130
583
658
20
10965
1758
0
130
29
5602
289
25
2
20
5828
130
29
3580
20
7356
48
1093
2219
16
302
405
2419
12
7356
48
20
2290
20
1604
761
59
20
12872
363
3915
7981
25
336
20
11012
478
20
1255
290
433
2150
23364
211
290
22641
338
290
20
1529
48
29
290
363
22641
338
13
363
48
29
387
363
23572
6
25
59
13
348
433
1856
59
421
6903
596
322
25
1012
2
20
3784
12
130
985
462
1972
4257
13
2
302
13705
1242
25
29
10006
302
20
2054
289
25
14845
130
363
13515
14845
0
130
29
2150
419
3087
289
2419
12
2199
12
47
29
1198
20
31763
985
462
22641
2
5305
20
558
12
130
13
462
22641
2
302
35084
245
347
10006
302
9822
20
558
12
51317
29
682
2
2801
304
48
29
1033
1406
3875
596
4269
596
421
25
29
1656
59
37
985
9659
578
20
1305
28
1242
12
2
20
4257
1093
13779
2
25
578
7
37
130
8305
25
302
22641
25
315
1996
16
25
2
637
25
48
13
290
2219
290
539
25
302
25
13763
6
3875
596
4269
596
421
25
29
1656
130
714
22641
25
13
658
20
53127
14845
0
48
13
1033
348
4257
25
6
5828
25
302
25
6461
20
3875
13
387
12872
290
25
289
637
736
826
48
1111
416
10006
2
25
302
25
14845
51317
29
682
1198
130
29
387
363
658
4257
0
48
1093
23149
389
2
405
20
13999
4
20
10111
306
6664
20
9583
289
405
20
1889
12
130
29
306
20
938
377
302
6174
289
25
130
13
23000
2
25
130
29
20
998
9168
218
5201
20
14689