44
44
15799
41137
45513
8925
55877
15689
31194
44
44
44
44
9439
20
2610
12
44
44
9291
596
20
3520
20
6700
292
45
1719
6
596
377
11082
17022
20
17621
2043
2
20
6348
12
130
29
7800
4318
20
6526
221
45
20
2486
12
130
29
47833
10765
12
20
4940
28
2
20
935
130
29
47492
16286
20
7465
28
2
20
1538
130
29
3431
7518
301
20
5058
322
20
2645
130
29
4446
5149
20
58712
322
20
5052
130
29
7801
16947
20
4525
28
3427
386
20
13737
4
130
29
26622
5590
20
41694
28
322
4298
20
3185
4
130
29
554
811
20
31573
221
45
1673
20
12874
4
130
29
4928
18998
20
7096
2
2612
20
13609
48
795
25
1719
290
2699
3494
4
971
16
25
29
10327
25
130
29
3135
20
12141
290
34874
16
25
166
30589
16
25
130
29
1748
20312
964
25
29
17366
130
29
18629
7169
1996
16
25
290
5740
21529
25
965
25
130
29
9850
25
2271
3465
6577
29
12247
246
290
3853
1621
25
29
2408
843
196
25
48
29
18954
2
25
3536
290
3949
2
1058
25
29
2264
25
29
57309
25
29
17621
4198
222
25
29
3601
25
29
18744
45
419
45
13140
25
29
6176
25
130
29
20500
302
363
4267
915
596
1029
25
363
4024
6
25
130
29
20500
302
534
45
36338
25535
29
3875
25
2449
25
6
2335
305
20
31309
12
29
20
3641
12
29780
0
130
29
6
24142
20
33319
45
21203
45
20
19958
28
24052
199
0
130
29
6
31782
20
1910
29
20
521
1422
0
130
6
8796
20
584
29
20
8923
2238
609
0
131
13
34284
596
421
25
29
306
10376
29
1859
25
6660
28
48
44
44
1795
1996
12
20
686
44
44
12545
302
20
9439
20
10039
12
363
846
289
16111
20
17711
130
29
2150
846
289
16111
292
45
8440
130
13
30
424
9439
20
2610
12
363
846
915
289
16111
596
6793
25
29
3805
131
13
289
20
5233
12732
20
13030
12
130
29
289
20
1155
4318
20
6526
20
7465
28
130
13
402
290
891
46576
20
9439
290
539
2234
45
141
292
45
18802
12
1093
9891
20
718
130
29
658
486
25
30
20
2696
20
36015
130
289
5627
289
686
25
302
25
4049
218
45
419
22200
289
20
1420
12
506
433
6793
25
29
3805
59
42
13
1386
8
322
1
7210
45
1723
45
5706
1
20
437
3781
43
42
160
59
2142
43
29
290
2658
12
596
6793
25
29
3805
6
5058
45
53984
219
3835
840
3
1569
12
936
29
952
12
29
761
28
936
3675
4086
26
20
1255
2954
12
20
9439
130
29
4086
313
3
1562
2651
26
20
1950
289
3821
20
6348
12
130
29
1562
33484
26
20
1950
290
20
5568
292
45
30820
12
130
29
1562
15878
25
6
1748
20
8154
506
433
6793
25
29
3805
59
42
377
2449
397
20
6647
28
3875
0
290
3
24703
0
421
3
3494
4
45
419
45
39583
3
29
4086
3
20
1058
29
20
970
12
43
42
20
1127
12
59
51
43
446
1727
450
3
290
20
5568
20
30820
12
29
290
852
4
20
36819
130
29
2651
852
4
20
13030
12
6
6350
45
47003
45
10587
16
3
48
29
6325
405
20
9439
302
402
331
369
290
852
4
20
3386
1945
1665
290
25
130
29
402
331
658
8757
4
20
4208
14921
25
130
29
964
405
20
9439
302
8960
290
20
4118
336
596
506
433
472
4902
25
29
3805
59
42
29
53098
840
25
38094
196
0
43
42
20
39921
196
59
57
43
29
1621
405
292
45
9439
1558
48
44
44
2290
289
1996
12
20
686
44
44
12545
302
7511
1996
12
596
3805
419
1996
12
20
686
506
433
6793
25
29
3805
59
42
501
299
3
3494
4
8
289
20
5364
29
289
2777
3
583
6574
10895
6
3
302
25
20
584
43
42
2290
16
59
5067
43
29
433
20
3675
4269
596
421
45
419
45
1656
59
290
2219
686
25
1093
2219
919
25
130
29
682
1557
3823
840
1
290
686
1
130
13
985
462
2275
3809
220
1
13
1562
2275
16206
132
13
348
1457
16
348
5
4747
686
5
130
13
2150
2275
20
3193
20
10039
377
419
20
745
29
20
1486
218
45
20
1469
29
20
2946
12
130
29
363
2275
331
289
5762
1
290
20
681
377
2
25
985
3474
16
891
45
12144
45
6363
12
130
29
985
4178
910
16
891
16
20
24189
130
29
985
4624
16
891
16
20
5648
130
29
985
14396
16
891
45
12144
45
4323
130
29
20
27081
3967
1
289
405
20
1687
130
13
20
2781
421
1
302
2275
686
1
2
20
1838
45
141
47870
247
2055
446
1557
2838
130
29
290
3022
11195
16
336
387
20
1204
130
29
6
446
1557
3045
16
130
29
2
446
1557
1865
301
16
1
130
29
2
446
1557
31837
16
1
48
29
416
1127
16
289
5762
1
852
4
130
290
10
852
4
20
36819
130
29
290
10
852
4
20
28750
130
29
290
10
852
45
46279
45
13030
12
131
13
20
2108
1838
12
5070
1
130
29
539
10
3025
290
1
29
10882
12
606
1
130
13
20
2781
421
45
11627
2275
387
29
2275
302
6
402
826
290
1807
4823
29
2610
12
131
13
348
2610
12
20
36819
40556
45
5648
29
20
4323
29
20
4154
29
20
24189
130
13
348
15
16
290
3
13
16584
289
15687
20
6333
29
20
5336
48
29
2610
12
20
28750
289
20
1934
29
20
17787
130
29
2610
12
20
12615
289
20
2677
29
20
449
29
20
9431
130
13
348
15
16
290
3
13
14979
2
17429
3
48
29
2610
12
20
13030
12
289
2486
12
2191
2234
45
141
292
45
49059
12
29
682
6
20
3474
29
20
13737
12
840
3
718
130
13
348
15
16
290
5070
20
13030
12
13
16584
397
1996
12
2335
1
583
2275
20
718
336
20
2234
12
20
9022
12
130
29
2970
336
2486
45
141
292
45
4799
29
20
2191
130
29
4642
686
1
290
4241
20
13737
45
141
218
45
20
3474
130
29
3305
302
405
20
852
4
6
446
1557
6512
16
289
1
130
13
331
3045
10
596
3805
6
846
1146
297
10
29
523
3045
10
583
846
27591
1
130
29
19964
10
6
20
2192
377
21845
1
130
29
4175
8759
45
25642
2593
1
29
20
660
2190
1
583
25836
2
10
2610
16
1
130
13
985
1130
16
4347
1
13
16163
2
10
999
2025
5
1
130
29
15539
336
1204
2610
16
1
130
29
424
20
1204
720
15014
20
2234
12
20
9022
12
130
29
720
20
17711
1326
12
20
546
12
130
40234
849
336
1996
12
405
20
6849
583
2275
290
686
45
21278
209
222
0
1890
0
130
13
402
290
462
2102
405
20
6849
13
5160
25
290
20
20646
130
6
302
20
584
658
6159
25
13824
0
48
44
44
2290
44
44
985
3613
16
302
2275
686
1
13
12545
302
1
290
3125
28
59
20
491
387
20
1950
130
29
20
632
4453
292
45
686
29
20
2108
48
29
20
686
419
20
1950
377
2275
25
2
1357
20
7339
48
29
1838
16
1
20
5762
131
6
302
20
4122
491
29
419
20
641
29
20
686
641
29
419
20
491
131
29
4453
1950
0
130
29
682
20
1950
46576
20
1891
12
20
34778
12
335
289
20
2065
290
20
831
20
7878
130
6
302
25
658
20
27081
218
45
20
12115
130
29
402
1557
19478
25
2
1357
20
2560
13
419
290
387
20
687
377
4453
687
292
45
2232
12
130
29
1033
1838
12
20
1950
13
682
290
387
20
687
130
523
25
290
687
20
8106
13
419
41101
640
20
687
3025
130
29
847
20
14827
12
20
34778
12
3093
12
130
29
402
1121
20
4122
18885
25
29
40732
45
880
130
29
1996
12
596
29
2486
12
2191
20
2234
12
7737
16
25
130
29
20
4939
421
25
29
20
2264
315
25
130
29
6
25
20
13140
29
421
25
20
6176
130
29
20
2610
12
29
20
18786
12205
21322
29
20
2108
20
8383
289
33647
44294
4697
25
29
315
25
48
29
1996
12
1838
16
25
29
1996
12
7737
16
25
7511
1996
12
596
6793
45
419
45
3805
130
13
421
1
2
20
6348
12
583
2275
25
6
302
25
5070
2138
290
4629
20
13030
12
130
29
2335
1153
7469
25
290
20
2234
12
20
9022
12
130
290
424
20
1204
1075
29
336
424
20
1204
2245
48
44
44
2290
44
44
1033
2006
1
331
1838
12
20
1950
130
13
462
59608
289
20
4317
12
611
290
1406
596
3805
59
42
29
6642
17229
322
20
2108
1457
20
2108
290
681
919
5
43
42
20
19392
59
5106
43
6
302
20
2108
1712
290
3248
12
20
971
12
20
9022
12
29
419
290
687
20
681
130
433
596
1735
29
1909
59
42
3068
6
25
20
3045
29
20
681
43
42
20
9664
59
4795
43
13
20
1310
478
687
20
3045
290
831
130
29
290
687
20
681
290
831
130
13
402
1557
4680
421
25
6
20
2149
45
141
218
45
20
4682
29
20
2798
12
13
419
290
687
20
3045
131
29
682
6
20
1950
2149
12
29
363
4682
130
29
6
21274
195
5192
20
1636
12
130
29
1252
554
20
1636
12
6
369
290
687
20
3045
130
29
369
290
831
20
6908
9157
0
29
290
831
20
957
687
0
130
29
402
1557
658
289
25
957
29
6908
13
419
5813
48
29
16203
6159
247
641
419
290
687
20
681
131
6
302
687
20
681
2556
12
322
1557
290
20
4221
17842
313
6
20
2149
12
29
20
2120
718
840
25
48
29
416
5828
545
3
302
20
2108
2003
13
12872
24
48
29
433
29350
348
25
1046
13
12872
24
130
6
43553
45
1046
363
1585
2
686
25
29
658
1187
0
6
539
25
48
13
20
2108
419
2335
1487
8590
130
29
12030
1487
260
367
11430
6
25
130
13
1562
658
1046
0
36
29
433
4008
348
25
3193
13
12872
24
130
6
302
20
3193
5192
292
45
1636
12
48
13
20
2108
377
4434
8
25
1950
0
29
419
1759
1996
12
596
3805
682
2
3193
29
17882
735
406
419
290
4629
20
13030
12
48
29
1996
12
20
2108
2160
12
762
0
130
6
302
25
462
5575
289
20
986
718
336
1996
16
25
6
302
363
1265
45
141
397
20
986
336
1996
16
25
130
6
302
20
986
419
20
6348
12
29
20
1996
12
3117
12
20
15432
12
506
1347
6793
25
29
3805
59
42
29
801
8191
24
289
8
1023
17441
55382
3639
8
43
20
18095
59
6027
48
29
290
462
20118
584
7356
462
44096
302
3591
315
25
289
1996
12
1838
12
20
2108
48
29
491
29167
45
6348
12
302
2275
13673
20
1950
130
6
302
20
1310
985
462
2102
20
3100
211
462
9973
6
45
6812
45
4461
48
44
44
2290
44
44
12545
302
20
686
3093
20
1950
130
29
6
20
1950
18885
506
433
6793
25
29
3805
59
42
29
331
4086
600
353
16206
915
419
43
20
56185
59
2852
48
29
20
1950
11291
6
486
20
641
12
891
0
6
2610
16
25
130
29
2610
16
25
1996
12
919
25
1735
29
1909
130
29
1996
12
919
25
3805
4712
6
25
290
3503
596
29
419
12606
196
12
687
25
48
29
363
4712
6
25
1996
12
15985
20
687
915
290
718
20
10588
130
29
20
10588
478
20
1950
29
20
12030
3093
25
130
714
1996
12
2485
25
29
1996
12
1776
16
25
130
29
20
12030
363
1585
915
221
45
20
3735
29
20
11575
29
20
3558
12
29
20
11014
12
130
29
419
4504
306
2130
290
20
7227
29
20
14396
40556
45
5762
130
29
306
2130
290
20
2883
29
20
2158
289
20
2560
130
29
419
1163
6459
3927
12
48
44
44
2290
44
44
29
3190
302
2275
20
3100
3655
131
29
424
302
20
3100
211
20
2560
419
20
13737
12
29
20
3474
29
2964
45
332
397
20
745
28
29
20
1486
28
29
20
1357
28
29
20
7622
28
29
630
20
1121
131
29
1033
20
3100
211
20
5762
246
45
2964
25
289
20
7383
29
419
1691
20
5944
29
20
8970
29
20
2444
29
20
4162
29
20
11739
130
29
6
402
565
45
141
478
405
20
1601
486
560
130
13
348
2861
826
290
3
2861
637
1487
8590
289
20
1881
28
48
29
3248
12
7421
20
3575
28
289
20
1950
29
419
598
10
130
13
348
681
20
4950
302
2086
935
130
29
348
56144
20
745
302
791
14692
14832
16
130
29
348
681
20
1486
302
3388
511
16
130
29
1198
20
10588
20
1240
583
14069
2692
686
25
32735
22058
20
3139
6
20
1881
20
641
12
29
2915
20
2485
29
1802
20
1537
12
29
4956
56516
211
20
2610
12
130
29
1807
38140
26
6
20
1950
506
302
20
13030
12
38140
26
6
20
919
6793
45
419
45
3805
363
8966
26
681
25
48
44
44
2290
289
1996
12
20
1950
29
3575
25
44
44
12545
302
25
5781
289
20
713
20
6716
59
348
20
686
30
20
689
12
130
29
20
745
28
29
20
822
28
29
630
292
45
1121
7332
10
130
29
20
565
12
20
36853
12
29
840
10
130
29
20
565
12
20
44371
12
4353
16
10
130
29
20
1950
24219
10
29
20
2983
645
10
48
29
20
880
25580
3
583
13652
1067
16
25
29
3723
25
130
6
302
20
9339
218
45
419
20
13737
12
130
21028
25376
3830
245
130
29
20
4353
12
29
419
20
3474
12861
4649
9430
130
13
348
780
45
721
196
45
880
306
331
332
421
25
25042
16
20
689
12
29
10739
16
48
13
1166
302
58548
20
880
20
645
218
45
2651
20
9339
29
20
4353
12
999
745
20
645
130
13
985
1330
424
6305
16
3723
20
1067
45
141
218
45
29719
16
20
689
12
48
29
1198
20
1950
58548
20
2983
29
2651
20
13737
12
29
20
3474
999
970
25
583
48104
680
3723
20
686
29
2139
336
804
20
2610
12
290
1996
12
20
2234
12
20
9022
12
29
1252
1968
292
45
2983
999
745
20
3474
29
20
13737
12
25042
16
686
25
29
369
1950
25
13822
0
289
20
641
12
48
44
44
2290
44
44
12545
302
20
13737
12
29
20
3474
2304
23
6
20
686
11874
23
130
6280
294
681
20
3735
29
20
11575
218
45
20
24189
6
1079
20
10588
130
714
20
686
2304
20
10588
1776
12
20
2983
29
17715
25
25931
2
45
298
5193
1414
20
37779
1909
16
971
16
25
130
714
20
10588
2304
20
2983
29
419
20
1950
10801
29
7564
12
25931
221
45
2066
25
20
2234
12
20
9022
12
130
6
302
20
546
12
29
443
5160
20
6333
347
20
5336
58691
12
289
5790
2646
20
546
12
48
714
20
2983
2304
20
1950
130
29
20
1950
11291
6
1008
2191
20
2234
12
20
9022
12
48
13
290
16584
289
405
20
3503
12
13
419
459
584
290
44257
20
2234
12
130
506
433
6793
45
419
45
3805
59
42
29
331
3045
16
20
546
29
20
937
915
39513
1903
219
43
20
6210
299
4
59
5020
48
8305
25
1412
525
198
8
20
1950
29
8607
8
25
20
880
29
20
3575
130
29
1968
8
20
686
3093
25
583
10545
421
25
28102
386
20
6592
336
1623
421
28
130
13
985
3974
302
2783
584
405
20
3047
12
11100
713
292
45
2162
289
2065
1067
16
25
130
29
1968
20
2234
12
20
9022
12
554
16
25
29
12912
25
130
29
1968
20
641
45
141
3843
25
29
720
25
130
29
20
686
3093
25
130
29
20
4118
1770
25
130
29
20
745
28
29
20
822
28
14957
25
130
29
20
2983
40423
25
130
29
20
13737
12
1230
25
130
29
20
3474
4353
16
25
130
29
20
10588
17715
25
48
29
402
826
8780
2
687
478
20
13499
4956
6
25
3723
20
687
48
29
565
12
20
5944
289
1754
20
7383
30
20
4336
4956
6159
228
25
3243
20
17715
130
29
565
12
20
2444
289
1269
20
7383
713
1242
20
6203
12
4956
292
45
47262
290
745
20
4336
29
6280
10
336
302
3915
10
306
20
2983
130
13
985
1130
16
405
292
45
3243
336
20
645
2627
3723
20
1067
12
306
18125
10
48
13
985
1548
16
826
0
290
3
416
24129
421
1
713
20
13737
12
29
20
3474
130
13
421
1
2
20
6348
12
130
29
363
14543
1309
7
131
6
302
20
1067
12
363
13652
915
2
7
48
13
985
1330
16
424
15
45
2759
346
0
130
29
3826
16
584
20
3047
12
130
29
5625
16
6
1
20
9236
12
289
739
10
130
29
915
15
16
13822
0
29
5625
20737
1
20
5422
292
29
20
2236
12
48
44
44
2290
44
44
2309
20
2610
12
6102
306
662
12
4221
59
565
12
20
3474
29
565
12
20
13737
12
29
565
12
20
957
130
45922
302
658
681
10
1825
0
19989
3968
565
12
20
13737
12
13
3716
25
336
20
5172
15161
339
130
347
3968
565
12
20
3474
13
3716
25
336
20
36815
41101
339
131
13
985
13604
16
20
10327
752
45
2321
12
565
12
20
2664
4365
306
718
20
15432
12
48
29
1198
20
3474
985
3139
3516
421
25
20
1934
218
45
20
1309
130
29
985
3386
2489
16
20
539
12
29
20
5785
12
289
20
986
29
20
4118
130
29
985
13604
369
292
45
4730
29
20
5686
12
29
20
970
12
48
29
6354
20
13737
12
985
3139
16
369
20
31309
29
20
23438
130
29
348
3386
45
732
294
20
3321
29
20
18602
130
29
348
13604
16
369
20
3703
12
29
20
4888
12
29
5913
424
48
44
44
2290
44
44
12545
302
6
20
1950
315
3575
25
3723
0
29
852
4
545
10
4453
5568
20
3467
130
29
545
45
298
225
525
325
20
1195
130
13
2
20
5568
20
1195
12
2640
1326
12
20
2610
12
130
29
20
5568
20
4012
12
17487
45
419
45
2037
25
6
20
18786
130
29
405
402
10
2970
952
12
16903
59
5568
20
12615
130
29
5568
292
45
36819
130
29
5568
20
28750
130
29
5568
20
13030
12
48
13
811
20
3467
290
20
5648
29
20
4323
218
45
20
4154
29
20
24189
443
5568
20
36819
130
29
1198
811
20
3474
290
20
1934
29
20
25984
45
20
6363
12
443
5568
20
28750
130
29
1198
811
20
686
29
443
20
2677
29
20
9431
12
29
20
7209
29
539
38369
443
5568
20
12615
130
29
1198
811
20
2983
335
443
20
2658
12
29
20
957
29
20
1866
13926
525
325
20
13030
12
48
44
44
2290
44
44
29
29990
302
289
5321
1487
8590
952
12
4221
59
20
8654
130
29
20
17923
130
29
20
8926
130
29
20
880
48
29
20
8654
30820
289
7737
16
25
130
29
682
2
30820
289
947
16
25
48
29
1198
20
8926
29
20
13030
45
141
13741
3
29
8921
3
289
7737
16
3
130
29
682
424
289
947
3
29
3045
3
48
29
1198
20
17923
30820
31544
2888
16
25
130
29
682
2
30820
289
3045
16
25
48
29
416
681
1487
8590
2
302
5532
4298
20
6908
25314
20
2983
2936
0
290
20
4239
12
506
433
292
45
3675
4269
596
421
25
29
1656
59
37
331
290
578
915
29
6
25
8926
1720
8926
130
29
348
596
463
15941
338
306
18639
583
880
16
25
37
29
1198
20
13737
12
29
20
3474
3933
302
658
0
4211
228
20
2983
130
13
363
4670
0
3125
0
915
2
681
25
130
13
348
1330
424
479
6
25
1195
20
5568
130
29
45044
246
4
20
13030
12
29
443
20716
20
2610
12
130
29
348
486
2
1901
424
13
797
20
13737
12
29
20
3474
479
196
45
25
20
5568
20
15859
12
130
29
443
852
4
20
12615
29
419
20716
20
18786
130
9820
10895
6
25
289
4154
45
30440
45
302
25
1268
19249
20
1269
5235
20
8654
29
20
17923
130
13
1562
658
637
1
437
20
1420
45
141
250
640
4446
16
20
880
29
419
20
2983
999
745
20
13737
12
29
20
3474
29
7
20
8654
29
20
17923
132
48
44
44
2290
44
44
29
29990
302
20
1310
289
947
12
1487
8590
20
437
130
29
1803
0
27363
6
25
20
6849
13
846
292
45
947
289
2811
20
6849
131
13
1033
377
9524
421
25
20
3474
13
1585
289
947
12
20
8654
130
29
1033
377
9524
421
25
20
13737
12
13
1585
289
947
12
20
17923
131
6
302
20
947
1187
45
141
196
45
20
6849
130
29
2150
25931
20
11206
289
4154
25
331
479
289
5762
25
48
29
2150
2219
16
302
20
1310
397
5762
25
405
20
952
12
130
13
1166
302
10682
942
4
25
29
3796
4
25
130
29
2102
290
446
20
952
45
141
4106
130
13
348
7737
16
25
4712
289
1950
25
29
3051
315
25
336
437
20
1420
12
130
29
348
2084
290
3248
45
141
292
45
3701
4
20
1191
4
1557
13
419
20716
20
2610
12
130
29
348
2084
315
25
539
424
13
419
20716
292
45
18786
130
29
1487
8590
363
30510
29
363
21034
322
942
12
347
10847
130
29
1950
25
713
20
5247
48
29
5568
20
3467
30
20
7818
29
20
4298
12
130
13
985
1463
840
25
424
33523
421
25
718
20
2610
45
141
218
45
5568
20
1195
30
20
2066
29
20
2691
130
13
985
1463
336
20
1950
18881
25
290
4298
20
23323
506
1347
3875
596
4269
596
421
25
29
1656
59
37
21368
20
4012
12
20
1195
12
408
227
10
37
48
29
20
1950
3784
42382
347
9744
130
29
363
20035
915
290
8008
596
2
1950
1527
48
44
44
2290
44
44
29
29990
302
20
13737
12
29
20
3474
2929
210
28
289
20
36819
1968
1588
3800
0
289
1487
8590
130
29
523
45
53984
242
3016
3125
0
641
1154
12
421
10
20
2738
29
20
4208
130
29
2
424
4712
6
25
1996
12
596
10458
247
130
29
3248
12
15985
3503
25
130
29
2
25
14980
686
25
290
745
20
13737
12
29
20
3474
29
4712
6
25
852
45
46279
45
13030
12
130
29
6
424
29062
2
20
28750
29
20
36819
29
18284
402
10
25541
12
6
25
506
433
6793
45
419
45
3805
59
42
29
11623
6
14
331
289
20
1050
4
29
331
289
20
1155
630
0
43
20
20571
1566
12
59
1586
48
44
44
2290
289
15985
20
1950
44
44
12545
302
6
20
1950
1675
28
6
20
2358
59
826
6
20
4630
130
29
20
632
6
957
20
9178
12
130
29
419
20
3862
196
45
2560
336
20
1220
131
13
348
11461
7970
1675
20
10588
130
13
5872
6
25
1675
20
5762
130
29
5532
6
45
165
15554
290
687
20
31575
29
290
20
2701
20
6954
13
658
713
20
2691
130
29
1963
12558
1386
45
165
29668
1557
290
2496
20
4630
130
29
1033
331
369
290
20
2560
289
5627
20
1255
302
2
25
20
9178
45
141
218
45
302
20
9178
12
1012
2
20
1996
12
315
302
25
363
25931
289
20
9178
12
1557
290
687
20
8106
130
29
39118
609
407
20
4154
29
20
9178
12
1012
2
20
1996
12
988
25931
290
718
20
10588
48
44
44
2290
44
44
29
3190
302
2275
289
1234
424
302
20
1950
713
20
9472
12
130
29
20
2701
20
6954
713
20
9472
45
141
21744
269
0
130
6
302
289
25
947
12
402
1869
131
29
985
3958
16
20
9472
12
2
9472
12
660
862
16
947
331
289
250
383
195
45
721
397
20
660
130
29
1198
3463
947
331
289
20
2701
20
6954
336
20
1950
985
369
7656
45
11637
13737
4
20
4118
130
13
348
369
8727
0
2
10
369
687
20
31575
13824
0
322
25
130
29
46280
219
289
637
20
4154
7656
0
290
36149
20
10588
11945
12732
687
20
31575
13
1624
289
45
3192
242
269
20
947
335
289
20
2701
20
6954
130
29
985
5322
1675
20
10588
369
414
25
20
5944
130
6
424
658
377
25931
25
999
7068
20
12910
130
29
682
30
20
584
20
5868
8797
0
48
13
985
5099
130
446
20
1950
130
2
2793
1242
25
462
8615
5944
29
363
10588
130
29
289
424
20
739
25931
2
539
29
45
47003
45
539
5944
130
29
5191
6
25
59
42
13
1386
8
322
1
7210
1
13
5706
1
20
437
3781
43
160
59
2142
48
44
44
2290
44
44
29
29990
302
25
331
290
578
915
29
3618
289
1950
25
20
9473
20
12111
29
994
20
584
306
33979
196
20
7433
130
29
424
363
3618
290
718
20
10588
406
3618
289
20
1950
363
2102
290
21744
219
1075
131
6
302
20
1950
290
687
20
31575
130
29
20
10588
11291
12
6
387
20
687
130
687
292
45
880
130
13
6
424
658
6971
25
322
12769
12
424
20
687
985
462
1972
7656
0
290
4092
292
45
10588
48
44
44
2290
44
44
29
363
17762
219
302
405
20
58015
12
25155
2
20
4154
29
20
2793
1116
130
406
25155
2
20
9178
12
6
290
225
7908
20
4461
29
20
902
12
130
29
4642
290
745
20
13737
12
29
20
3474
29
20
5568
20
15859
45
141
218
45
20
811
20
16282
12
48
13
985
1464
289
1204
3403
29
4648
718
20
10588
130
29
1363
1357
20
5762
218
45
2934
25
130
29
1968
20
1950
289
1208
12
687
20
31575
130
29
433
1541
0
59
37
596
596
596
37
2
1950
25
743
6
2877
25
130
336
302
13515
363
1210
315
25
290
686
25
29
363
290
20
687
130
29
3040
23699
247
3125
0
915
596
6793
25
29
3805
130
22310
16
847
20
1370
12
130
29
26914
289
20
9178
45
141
27376
25931
25
289
20
4154
130
13
3463
6
25
5590
20
13030
12
29
20
12323
130
29
20
947
20
1195
45
141
292
45
2243
12
20
7151
12
130
29
19160
16
6
25
31575
20
1050
4
29
20
1155
130
29
2699
331
363
790
4240
45
419
45
363
1790
25
506
433
20
3675
4269
596
421
25
29
1656
59
37
20820
16
848
20
1155
13
1548
16
24880
45
21883
45
9460
10
37
29
433
596
1735
29
1909
59
42
29
1198
4342
1536
31575
20
1050
4
29
20
1155
43
20
25129
59
3930
48
6
302
2358
20
12323
421
3
20
998
402
10
369
16
290
387
20
718
31745
718
20
10588
506
433
596
6793
25
29
3805
59
42
29
8002
1392
16206
29
53098
840
45
5914
1052
362
0
43
20
39921
196
59
57
48
8305
25
20
5643
322
402
1557
130
29
6946
20
1950
290
402
1557
130
29
20
22123
840
25
6793
25
29
3805
2
20
1178
12
130
29
419
718
20
7509
12
289
387
20
4770
48
29
1033
718
20
1043
13
419
718
20
2746
130
29
405
20
1326
12
20
594
12
11895
12
290
718
292
45
18802
12
130
29
1198
957
20
6526
6
302
25
1814
289
4318
3
2
363
3551
12
290
2234
12
20
584
506
1347
6793
25
29
3805
59
42
5103
8
25
2658
12
290
606
8
29
957
8
25
290
14343
0
957
0
43
20
16214
59
4242
48
29
405
20
718
12
363
7236
915
2
20
1944
12
130
29
348
462
4712
2
20
9435
462
4712
221
45
20
1043
131
29
20
2781
20
7945
221
45
10
583
363
12299
13094
2610
16
3
130
29
419
290
15985
20
1950
48
29
290
462
25931
462
9237
57355
433
6793
25
29
3805
59
42
406
6461
24
2
331
462
10341
24
2
957
25
29
2026
8016
469
10965
25
43
5976
59
4527
48
29
1406
25
59
42
29
1111
462
56082
1526
2
25
13
22
1260
26
387
50194
2003
43
20
17734
317
59
1395
48
44
44
2290
44
44
29
363
7941
302
387
560
2
20
12323
29
20
6526
131
6
302
5070
1487
8590
289
2335
20
3045
45
141
6473
269
373
6
387
30
20
3781
6
302
1912
290
25
9472
12
4934
289
10
947
12
20
687
130
915
377
21993
24835
849
336
10860
130
347
37460
45922
336
10934
347
35749
130
6
302
25
416
1877
130
29
1198
402
12749
985
9524
421
25
20
13737
4
29
20
23323
462
2640
405
20
1326
12
130
29
348
462
4438
421
45
34615
217
20
1326
12
506
433
20
3675
4269
596
421
25
29
1656
59
37
402
7196
9804
306
6007
45
141
292
45
1741
37
29
433
596
3805
59
42
29
20500
3
306
2777
3
25699
16
2
919
14
433
24
25324
43
20
9664
59
19841
48
29
1198
15412
8590
289
6007
16
3
20
7945
2
20
49059
12
506
433
6793
45
419
45
3805
59
42
6007
16
596
335
6007
20
1255
421
10
43
20
2521
59
1560
48
29
20
12323
218
45
20
6526
332
15412
8590
130
433
6793
25
29
3805
59
42
1457
2150
1412
3027
713
14
43
2290
16
59
55
48
46
13
402
290
5585
6413
130
29
290
18796
1463
130
29
290
891
2211
48
29
20
891
363
2915
915
221
45
20
6348
12
183
891
989
2324
7465
416
18796
289
387
20
718
47
29
985
1677
15213
20
3125
45
312
196
45
578
1093
3974
596
6
25
20
3667
29
20
2610
12
2
970
20323
583
2640
336
405
292
45
1326
12
48
44
44
2290
44
44
289
302
20
12509
12
29
20
2610
12
6
1487
8590
289
1996
12
596
6793
25
29
3805
2152
199
302
2610
12
402
1557
29
12509
16
25
29
3078
16
25
29
12509
12
402
1557
846
2
14163
2869
25
130
29
2869
33647
44294
331
3045
6
25
131
13
12509
12
20
1357
289
20
947
20
1195
12
130
29
12509
12
20
7622
289
20
2839
20
2591
12
130
29
1198
6337
20
17499
2
405
20
852
12
131
29
12509
12
20
1950
20
560
12
2
1996
12
596
6793
45
419
45
3805
130
6
302
25
11291
6
10
130
29
402
331
462
2102
25
1487
8590
985
2219
25
2756
2
25
130
713
292
45
10473
985
2219
10
2756
2
10
130
29
1252
10470
322
10
462
5022
10
29
363
3040
6
25
322
10
4730
48
29
1198
985
1814
289
1996
12
596
6793
25
29
3805
2756
2
10
130
29
462
24882
322
20
2486
12
130
6
302
12509
12
20
1950
20
1996
12
29
4366
369
16
20
1996
12
1157
369
16
20
12509
12
1157
131
29
6
424
13
52683
196
45
1310
985
2219
20
645
2756
130
29
1252
957
20
880
6
369
6664
16738
48
29
682
1869
4536
290
596
6793
25
29
3805
130
6
302
2738
402
1869
2
25
29
290
25
130
29
402
7490
774
20
687
2506
3503
16
25
130
13
363
1996
12
14792
290
1996
16
25
130
29
363
12509
12
6664
290
12509
45
141
1153
477
16
25
130
29
682
8691
5505
290
8691
2234
16
25
48
29
402
6
1069
13737
4
20
4118
2395
45
141
221
45
20
686
29
443
31499
2
20
2793
130
29
12509
12
1996
12
20
49059
12
2395
12
2
20
1950
13
363
31499
221
45
20
2793
131
6
302
20
1950
363
35977
2
20
2793
406
846
12509
16
25
611
29
2691
25
1157
6
302
25
2568
478
20
4298
12
336
20
2691
48
42
153
31349
43
2290
218
45
29990
302
686
1487
8590
11895
12
290
20
687
130
29
289
10
290
402
947
12
289
20
687
2886
478
25
131
6
302
405
20
6881
30
20
5445
130
29
5733
25
30
20
6592
130
29
2024
25
30
20
5724
130
29
1469
25
713
292
45
5233
29
10588
25
713
20
12555
130
29
7071
424
1558
131
29
3800
0
13
348
289
5762
25
1409
292
45
687
130
6
302
20
565
12
335
289
20
1297
12
30
20
17693
130
29
335
289
20
6126
30
20
19531
130
29
335
397
20
13507
30
20
12730
130
29
335
34775
20
553
29
57481
20
958
30
20
15080
48
29
4240
424
1558
130
29
20
6325
302
3305
990
289
5762
1
290
13499
916
12
402
3
8727
26
5018
367
11494
130
29
2838
397
13149
12
322
3
130
29
3
363
26225
313
130
29
363
2275
3
2838
29
363
20470
290
20437
421
1
2
3
48
2290
289
1996
12
3728
20
4122
29
11236
20
1121
335
5191
322
10
289
957
20
10457
218
45
419
957
3459
130
29
20
3045
17673
26
322
25
130
29
1198
957
20
891
48
13
402
290
3974
302
4934
5818
2204
25
29
15985
3503
596
3805
289
10
130
2795
336
1996
12
662
12
4221
290
20
852
45
46279
45
9022
12
59
20
1012
59
302
2102
302
9056
20
736
2188
306
20
4208
29
682
2
8023
130
29
419
596
472
4902
25
29
3805
48
29
682
486
289
20
687
2
12208
290
3045
20
1310
290
2883
13844
130
29
2689
387
20
736
2
405
20
947
12
20
9175
12
506
433
596
6793
25
29
3805
59
42
348
45
8402
198
8
20
1310
290
35787
12
47300
352
10651
196
5
25
43
20
1310
59
51
48
13
1250
16
25
414
20
2793
27831
20737
25
131
6
302
20
1250
12
10121
290
20
5855
48
20
632
12
59
1996
12
957
25
6793
25
29
3805
29
302
25
2532
2
20
4221
402
10
131
6
302
405
292
45
15985
29
20
23664
363
2053
915
2
4208
20
957
48
20
1091
12
59
302
3305
302
14109
25
29
2658
16
25
29
4089
16
25
2395
12
2
20
4221
402
10
130
29
302
10
42095
12
6
10
130
6
331
3489
289
20
5724
29
20
3885
29
20
6732
289
511
12
20
971
12
29
1195
20
947
218
45
20
4356
48
44
44
2290
289
7071
3045
12
2042
8590
6
302
10
7511
1996
12
20
852
4
20
9022
12
29
419
957
12185
246
44
44
29
424
1996
12
15985
20
27222
20
9022
12
130
29
1996
12
4511
596
6793
25
29
3805
29
971
16
25
130
29
419
11895
1996
12
20
1950
48
29
419
957
1731
1111
419
1996
12
20
27222
20
9022
12
130
6
43553
45
686
30
20
10480
130
29
20
2983
30
20
7352
130
29
1581
7
20
3902
130
29
290
462
2102
686
25
29
419
9525
1153
477
12
539
25
13
419
30
20
1486
20
22200
377
682
6
25
3735
6
686
25
29
419
9525
302
25
47800
40976
526
20
689
12
130
13
387
5813
48
985
2219
16
387
20
1735
29
20
2738
29
20
4208
29
20
2191
29
20
4799
130
414
302
2219
16
5070
20
1950
897
25
5070
2138
416
10817
6
1
29
414
424
8447
322
1
130
13
348
462
5668
25
29
13149
16
322
25
29
12503
16
45
30440
294
424
13301
12
3459
12
421
1
437
20
1420
12
131
13
16584
289
891
25
130
29
17042
4993
20
4118
499
10
36
29
402
2738
462
3499
289
20
4118
13
419
289
20
641
12
2756
2
363
6389
130
29
3266
2
1969
3410
130
29
971
12
2
363
3321
130
29
1996
12
2
363
6908
130
29
2191
29
4799
3459
23
131
29
1033
20
437
13
682
16071
32242
290
25
6
302
25
12406
10731
131
29
2150
20
2738
1803
0
985
2015
290
405
20
9439
17582
5070
1950
25
583
14980
290
25
3185
20
36819
130
29
2640
1326
12
20
13030
12
130
13
348
8850
336
30130
218
4
20
4118
1621
16
421
25
20
36819
437
20
1420
12
6
302
10
18284
336
20
6592
130
29
3040
4106
289
20
9433
48
1450
2882
2
596
290
424
130
29
2972
2350
2
25
130
29
419
3047
20
9353
29
3047
20
11969
130
29
20
1719
6
596
919
20
687
28
130
29
4269
596
306
1096
8
534
29
306
10376
29
7600
25
6660
28
48