44
44
20
38629
26
2
25
306
539
2057
25
44
44
9291
596
20
3520
20
6700
31335
221
12
20
1898
45
141
292
45
1719
6
596
306
3580
331
17167
8
336
1719
25
130
29
1342
8
6
20
1420
2
2271
25
130
29
20
3177
45
141
218
45
20
998
306
1096
8
534
4536
290
25460
336
8590
421
25
20
998
29
306
7600
45
6812
45
31573
48
12545
302
6
402
1409
12
2057
0
2102
971
10
130
29
290
15662
38847
1409
12
336
539
13244
45
16760
463
4298
10
130
29
387
5132
10850
38629
26
2
25
306
539
2057
25
13
290
18677
25
13187
363
2102
971
45
39468
463
6846
584
25
8508
16
2
387
20
5132
306
2333
20
49389
209
561
5
29
8541
795
18677
25
596
6159
20
22559
336
20
13745
29
2057
25
6
1996
12
545
4706
20
4221
335
369
16
1996
45
141
24719
242
10
2122
12
6
1096
3079
8590
421
25
20
998
527
433
59
18134
195
20
4221
506
443
130
29
387
20
5132
20
4621
2
25
306
539
2057
25
10202
306
952
12
4330
59
20
5252
20
491
59
289
1996
12
20
49059
12
48
20
5252
20
632
59
289
1996
12
20
13030
12
48
20
5252
20
1091
59
289
4706
20
10008
4
48
20
5252
20
1604
59
289
1996
12
331
414
20
2793
29
20
2727
290
20
4118
336
20
53375
130
1342
8
596
3805
6
331
12685
29
5329
130
13
348
25
1866
9211
29
2619
29
840
25
20
7224
218
45
20
3650
48
20
4770
363
658
3537
0
29
3045
20
4770
289
20
4770
681
5813
130
13
20
437
419
20
1348
292
45
1853
289
20
1430
12
29
1114
596
527
433
59
42
29
935
3
2
1114
596
43
42
1536
59
54
43
12006
11291
4
25
29
8381
4
25
29
5140
4
25
290
5038
290
10
1406
25
59
42
40125
14902
12
1114
43
42
2290
16
59
1131
43
13
437
1644
12
20
5233
29
437
947
16
10
29
437
15881
2593
10
29
437
5232
10
48
29
1406
25
42
3045
20
1155
289
437
28
43
42
2290
16
59
58
43
20
1644
12
29
20
947
12
130
29
1644
12
20
19148
4
29
1644
12
15764
10
947
12
826
12
130
29
1644
12
20
1155
1644
45
141
10972
21216
12
407
7806
29
20913
29
443
561
220
6
302
10
713
32888
12
4955
402
34512
227
48
29
290
10
59
20
31450
29
20
6496
4
1004
12
289
20
31450
29
20
5724
29
20
3885
4
20
13545
29
20
1310
48
29
290
10
59
20
1155
13
419
5233
290
718
20
1430
12
130
6
302
2057
20
1430
12
2353
59
402
5996
4054
1
13
10604
20140
1
130
29
402
331
743
20
8076
2253
8076
20
4690
2
20
665
12
336
20
46178
1155
6
1406
25
59
42
29
290
20
1155
713
27
43
42
20
6154
59
1228
43
48
20
491
59
617
12
20
2158
48
29
20
632
12
59
617
12
20
4252
48
29
20
1091
12
59
617
12
20
9885
20
18079
377
2246
20
2883
48
29
20
1604
12
59
20
2883
48
29
20
1931
12
59
20
1155
20
3453
12
48
29
20
2436
12
59
20
55927
4
290
405
20
4221
48
29
20
1953
12
59
20
2506
20
6419
12
48
2290
289
2579
4
306
3494
4
1913
12
42
13
6
31115
24
289
20
1801
43
42
153
59
1131
43
20
5423
4187
20
561
220
336
20
4536
47870
247
5654
336
2781
20
965
48
506
433
3805
59
42
29
302
336
16206
20
11032
43
42
20
2101
59
3874
43
48
29
1406
25
3805
59
42
437
43081
20
5233
30
3920
20
1491
6
20
1528
43
42
20
12323
59
12106
43
48
29
1406
25
3805
59
42
302
20
19148
4
29
20
1155
14384
41741
45
1933
54358
58060
43
42
20
12323
59
1560
43
20
491
29135
8076
20
15764
306
1902
292
45
4371
130
29
20
26341
414
20
41741
3013
20
1824
48
2290
289
302
20
5548
5768
4621
218
45
419
290
20
6495
4
363
290
20
10369
4
48
6
302
20
584
3805
2983
1069
25
130
29
331
19881
45
387
210
25
13
419
416
2983
630
20
1869
4
130
29
348
369
2
20
5078
20
632
29
2150
18868
402
826
478
10
48
14892
290
20
1869
4
20
5140
4
306
331
2211
6
302
25
6793
25
29
3805
11285
965
292
45
402
290
1069
25
130
13
30
331
302
19375
25
1069
25
363
4680
302
7723
130
406
1166
965
402
424
218
45
965
2665
20
3885
4
29
31276
10
38268
363
1910
289
25
1237
0
20
1293
20
1769
130
29
20
1293
2150
3040
9007
2692
0
2
20
1829
29
5705
402
736
336
20
2303
12
335
790
12168
4910
736
0
641
713
25
363
790
915
31276
25
354
12
130
29
31276
25
847
20
354
12
363
9973
915
221
45
331
289
25
8852
20
913
12
48
29
8852
20
913
12
2
20
5548
6
302
25
3805
11285
965
20
402
731
440
25
29
965
331
11285
25
290
1069
25
2781
130
29
19375
3266
20
1293
20
1769
2
3266
292
45
1829
29
30065
3
130
29
19375
30065
3
2
3266
402
736
130
29
19375
3266
402
736
354
12
2
15019
25
8852
913
16
25
29
419
20
5548
130
29
20
5548
2150
658
290
20
5724
29
20
3885
29
7
20
6414
218
45
20
5733
130
29
20
9381
290
3248
12
20
5724
29
611
20
26684
130
13
5625
302
658
20
5548
17149
3379
0
2
2120
20
12233
20
6700
130
6
424
433
3805
59
42
29
289
20
5233
7117
198
14
29
331
14089
26
92
44
13
23098
20
5233
29
20
1155
348
45
1081
45
584
713
331
302
14
20000
26
43
42
20
6210
299
4
59
2142
130
2258
43
48
2290
290
363
2102
1838
12
20
14507
478
363
2102
1838
12
20
14507
363
2102
4706
4590
20
14507
130
29
290
363
2102
1872
45
141
211
59598
195
20
3875
4269
596
421
25
29
1656
29
6337
20
13190
130
406
14507
801
5099
24
363
2102
211
59598
195
596
3805
289
20
8922
130
29
20
11889
11619
302
290
2699
3875
596
289
20
8922
1503
228
2699
1838
12
736
25
130
29
30
331
302
20
2811
377
1814
289
20
686
21018
247
20
5944
322
45
3192
45
7590
130
13
30
424
402
13781
25440
289
20
686
2357
20
5944
6
25
947
12
29
363
5476
302
25
2798
49320
2140
12
736
20
3875
289
20
8922
29
736
25
12530
289
13529
20
689
12
29
331
3274
20
5123
218
45
331
2568
336
6568
6604
25
20
11206
48
29
6
348
1656
8
424
13
1963
6604
25
289
1824
12
826
45
141
1521
246
11206
289
936
6568
306
947
916
12
130
29
20
11739
3888
20
2983
289
302
25
363
790
49320
736
826
289
637
12
826
12
289
1204
28
29
363
306
947
16
28
1558
29
2413
29
2001
29
30
1081
218
45
989
130
29
290
363
9544
1996
16
25
2
2645
387
20
4327
130
1093
54900
290
16447
12
20
2983
221
45
20
1392
29
20
2660
743
20
1838
12
29
20
2811
130
29
363
3933
302
40374
406
3933
302
14296
48
13
3631
25
1260
331
6604
25
3191
25
363
736
25
130
29
433
419
3191
736
25
347
3191
1838
12
2108
45
6812
45
3849
12
322
20
947
29
20
725
13
348
433
59
419
3191
736
25
377
419
4511
25
29
5733
25
130
13
446
31167
194
12
336
736
25
29
736
25
289
686
25
17604
29
20917
130
714
290
2699
3193
0
369
8166
221
45
2524
20
3675
421
25
20
3177
12
29
20
998
13
1562
658
28369
0
6
25
2
2140
12
3191
736
25
130
7133
45
584
302
25
3191
2108
25
20
3849
12
335
443
20
18802
12
13
331
13854
25
13
290
20
725
682
419
2108
292
45
3675
29
5070
25
29
363
736
25
406
3191
25
306
20
787
48
13
348
5781
59
13
446
2811
6
1406
25
421
25
20
3177
12
29
20
998
59
42
290
49298
289
20
8922
1093
49298
246
45
348
20
8926
363
6825
484
43
48
1457
8
59
363
2811
6
25
915
331
13854
25
3191
3551
12
407
20
3675
29
407
25
29
290
3549
20
584
250
4198
25
130
13
30
331
302
5070
20
18802
12
14892
20
2108
20
3849
12
20
3701
12
290
20
3675
414
2459
16
45
37983
5098
12
322
20
3507
29
20
725
29
20
947
12
130
29
523
4389
3549
4
25
336
20
319
12
2
3551
12
3191
7507
198
4466
725
29
3507
29
947
12
48
29
985
369
5070
20
18802
12
20555
0
322
424
130
13
30
424
1069
5997
20555
322
20
725
29
20
947
12
29
523
4389
3549
4
25
336
20
459
2
3551
12
3191
4282
18671
290
2066
347
539
25
290
20
947
20
2243
12
335
11794
302
846
3191
0
6
20
2191
292
45
4226
20
1872
377
363
947
12
6
25
29
363
3507
130
29
658
424
20
3191
3816
0
29
584
45
7124
45
3551
12
289
20
3549
130
13
1260
20
11206
59
1548
16
596
3805
289
20
8922
363
2
2811
302
45
802
21744
16
1069
25
130
506
1260
59
1548
16
20
3675
363
2
2811
302
25
2699
1069
20
3675
29
2108
25
347
1069
200
552
25
2
2811
302
25
2699
3191
25
48
13
348
5781
59
348
20
3675
6
25
713
29
596
3805
363
713
6
25
48
1457
8
59
387
6908
2
20
1529
407
20
713
29
20
3191
130
13
682
20
3191
2556
12
322
20
713
130
13
20
713
2556
12
322
20
47224
289
630
20
852
4
130
29
20
3191
363
2795
289
25
336
292
45
4935
12
13
348
6
20
2983
2811
363
21209
25
539
25
48
29
6
8
302
19356
20
3160
6
25
3191
45
20
331
407
7
290
20
1208
12
289
1557
826
130
29
419
302
20
20917
4
27363
25314
20
3160
57355
27363
20
6495
4
2
20
2983
13
387
20
971
290
20
1208
12
1315
289
20
3191
130
7133
45
2162
2357
289
20
4154
2
20
3160
29
2
20
4690
20
645
130
29
20
2162
363
21209
20
3160
221
45
947
16
25
29
363
2
8305
25
130
29
363
20
645
21209
20
4690
48
915
302
20
2162
6
25
25403
306
292
45
1315
12
130
29
16194
2886
25
20
2066
130
506
302
20
645
3551
12
407
20
2162
29
20
2110
12
289
250
2231
12
2886
20
2664
130
13
387
3191
29
682
2
713
29
596
3805
433
59
42
596
16090
196
45
19148
4
29
20
1155
713
2066
25
30
42441
12
289
10
12686
43
42
20
2066
59
2693
43
13
446
4169
12
407
2066
25
29
407
20
5247
12
29
20
42441
12
29
20
5740
12
29
20
5318
132
433
5997
3805
59
42
12166
290
20
5233
2883
13
6006
16
11923
45
141
221
45
971
10
13
39582
20
4918
12261
0
17368
0
43
42
20
10282
59
1750
43
935
424
345
12574
0
6
20
3424
29
20
3424
852
12
2003
12
363
713
6
25
130
13
1562
2250
20
2883
6
25
3191
0
132
29
14
290
20
8922
4
1046
16
306
3875
596
4269
596
421
25
29
1656
290
14507
6
413
26342
374
48
13
433
59
20
553
419
20
1741
130
29
20
9354
419
20
3424
336
5913
6
25
363
17268
29
33731
323
504
12
407
20
553
29
20
1741
29
20
9354
29
20
3424
915
289
1208
12
130
29
419
302
20
37376
14583
217
2
25
20
6122
12
29
20
3424
1198
130
29
20
553
4823
5217
2
25
20
913
12
20
2560
45
141
218
45
20
1741
4823
5217
2
25
20
913
12
20
5762
12
130
13
387
402
25
3191
29
682
2
713
130
406
405
292
45
4221
6
10
48
29
596
3805
363
713
6
25
523
6
25
5234
12
38983
12
6
1208
12
6495
12
8757
4
596
3805
130
13
348
0
985
2219
8
20
47229
302
596
3805
1562
9357
20
4221
218
45
1562
4086
10
29
1562
2893
10
29
1562
8943
29
1562
1585
20
2288
2
686
25
48
713
8
630
38369
2
20
1310
130
29
5641
348
20
1310
2219
290
686
25
405
20
852
4
6
331
2628
3191
25
49947
596
3805
130
13
20
3191
289
584
596
3805
1812
29
20
713
7339
130
13
348
20
3191
13973
195
5953
20
1557
29
20
713
331
27600
20
1557
48
13
348
5781
59
387
20
787
377
47823
1302
682
16310
336
302
596
3805
2627
40556
45
8922
48
406
336
302
20
3875
3800
0
363
2627
130
13
348
20
6407
3191
25
363
1357
25
13
1406
25
59
42
290
49298
289
20
8922
1093
49298
43
13
419
1293
25725
8305
25
30
302
25
49298
29
331
2934
9445
45
3191
30
302
25
2934
290
5
48
1457
8
59
29
387
331
2205
25
20
1856
2
1406
25
59
1548
16
596
3805
289
20
8922
363
539
48
1033
897
2205
2
25
302
25
2699
1069
25
306
331
419
421
25
13
363
130
13
348
25
1677
20
980
306
302
1069
5997
3805
363
3489
29
348
3191
0
3377
25
20
11206
1069
596
3805
347
1069
20
3675
22814
575
302
2627
130
29
1562
11380
424
130
315
5038
289
20
8922
4
130
13
348
462
35159
2
686
25
1093
40287
378
840
25
290
1581
12
302
3
767
24
424
130
915
302
20
3191
20
7719
416
658
3816
45
7124
45
416
658
8158
0
130
29
2811
20
3816
302
596
3805
1968
14507
25
3551
12
407
20
28369
218
45
407
20
3675
289
3549
545
20
1687
130
29
289
971
12
596
3805
3045
405
20
3551
12
57859
196
45
459
29
407
1263
20
584
2
25
29
419
1869
130
13
1562
790
11475
25
132
13
348
5781
59
985
369
16
2140
12
20
3875
4269
596
421
25
29
1656
25725
0
130
13
20
25725
988
416
20269
289
1728
25
289
584
25
29
363
4680
289
584
596
3805
290
20
1728
4
915
331
2855
292
45
3966
2
25
48
1457
8
59
416
2855
20
3966
2
1728
424
48
13
348
3875
596
4269
596
421
25
29
1656
433
59
1548
16
919
5
289
5505
947
12
48
29
387
988
2855
289
20
3243
335
2855
16
289
5305
20
947
45
141
196
45
596
3805
527
433
59
348
596
3045
8590
306
947
16
25
48
29
682
20
5149
2
25
947
12
45450
45
141
292
45
8654
247
29
289
539
10
290
20
947
130
583
302
25
13854
25
5936
0
730
12
29
331
13854
25
289
947
16
45
6812
45
1838
12
915
333
12
347
333
16
28
130
29
3665
13253
289
947
12
45450
12
20
8654
247
682
2
2811
302
45
6289
12749
1069
13253
947
12
45450
12
20
8654
247
130
406
348
1624
16
847
20
947
12
6
20
3875
3191
45
759
47517
0
322
13253
331
24700
840
25
130
29
1198
1406
25
3805
59
42
13
2571
6
45
21498
426
0
1501
0
43
5890
59
1750
48
29
985
462
1972
12000
12
289
1069
20
880
29
4376
0
130
6073
2248
247
13253
306
1838
16
25
1790
16
25
130
29
348
1624
20
3675
289
947
12
45450
12
20
31482
13
25918
3749
713
424
289
584
596
3805
289
9178
12
29
363
289
8922
130
13
387
331
5553
290
558
45
141
292
45
1210
306
4681
1728
25
130
29
416
2855
322
20
5210
1728
424
29
906
16
289
25
2506
29
3243
130
29
1252
462
5575
289
25
1728
523
8
4667
59
4680
1728
402
7590
12
289
584
596
3805
7507
198
12
363
1641
290
25
29
363
13794
985
369
363
27724
20
3087
606
20
11866
130
29
387
4254
10402
2140
12
20
1069
606
20
611
28
6
3927
12
2426
20
10765
12
6
25
13
348
8305
25
506
4680
897
2353
59
348
0
10699
596
3805
347
56408
840
25
29
3996
1019
25
130
29
416
2376
336
2628
29350
290
405
20
1728
4
5944
4
6373
12
29
20
611
26
6976
26
8305
25
306
1112
25
290
539
6232
292
6373
130
29
18558
289
405
20
1728
4
637
5944
20
7304
13
4680
20
1728
290
539
13027
29
363
4472
527
363
24815
130
29
1166
20
1386
606
20
24815
48
29
306
20
3248
12
387
5575
292
45
1901
336
1728
20
7590
29
4681
25
414
1424
20
980
306
7590
20
2811
290
302
1069
5997
3805
6407
12
130
29
302
20
6407
3191
130
29
5828
290
5828
12000
12
20
3191
289
584
596
10458
247
3087
130
406
26579
6
596
3805
29
6
7737
16
25
20
5913
29
3351
5098
25
322
20
713
29
363
3351
5098
45
165
6159
20
3191
29
6
25
20
713
20
1623
48
2290
289
20
2288
306
20
1529
407
20
826
29
20
578
29
2811
20
11340
4859
25
3805
59
42
1457
419
596
578
43
20
7852
59
50
48
1529
407
20
826
29
20
578
130
58117
4372
247
59
42
29
4267
14
4267
826
43
20
8740
12
59
19097
48
32128
20
1310
736
826
29
7617
13634
130
29
20
5149
2
25
302
25
3248
12
443
3248
12
826
12
130
29
5191
936
826
130
13
20
826
20
6742
250
300
25
290
718
20
2983
29
20
601
419
377
17203
3287
25
322
3392
20
521
12
289
25
130
29
20
578
4106
377
363
3728
289
25
29
363
1712
6
25
2
1112
290
20
5038
130
13
20
826
7116
20
4024
218
45
20
713
130
29
20
578
7116
20
3927
12
289
1069
25
29
1406
25
3805
59
42
596
20
11340
43
20
7852
59
51
48
20
11340
20
4049
20
6690
840
25
539
25
29
387
2909
306
302
596
3805
1794
20
1069
218
45
826
130
6
302
25
1252
369
6
25
4024
289
880
25
6
331
369
11340
0
4049
0
2795
840
25
539
25
130
406
369
419
3800
0
2795
336
4024
25
289
20
783
12
347
20
22983
12
130
29
1252
369
6
25
4780
21216
691
826
6
331
369
11340
0
2795
336
539
25
130
406
419
6690
289
8852
25
29
5038
336
225
1767
307
3728
25
1029
25
130
13
20
11340
209
12
2909
306
20
43492
12
29
20
40128
12
130
42
462
12026
43
2909
17582
302
965
25
20
2121
682
713
965
20
1310
377
12727
1293
25
2
20
31256
218
45
20
30065
130
406
419
965
25
2121
20323
29
10471
29
462
9804
2909
306
302
965
682
713
36080
20
1310
377
2915
414
20
770
130
29
3040
1541
0
4475
289
546
12
1682
12
363
47656
218
45
4475
289
11662
12
363
17501
130
42
29
462
1972
6
25
1723
45
9781
1018
306
302
20
965
20
1872
377
6
25
19388
1
29
3805
29
419
20
965
377
5713
36080
539
25
29
363
6471
20
965
290
539
25
682
915
6
25
19388
1
29
3805
13
1406
25
59
42
1457
4106
596
578
43
48
2909
306
5305
1069
25
20
20555
20
3849
29
20
11340
209
12
7116
29
837
12
7116
292
45
1265
12
322
25
130
13
363
718
289
1996
12
1069
596
3805
14293
29
1106
290
5039
852
45
46279
45
11291
4
322
25
48
2290
289
2288
724
20
852
45
22074
210
12439
545
20
1255
3927
12
289
1069
596
3805
290
718
6114
20
852
4
29
416
479
1406
7491
292
289
20
852
4
363
419
29
363
539
25
130
29
387
20
10336
3718
290
19758
20
49603
29
363
49603
397
20
852
4
3191
424
59
348
1310
0
4086
947
12
20
1058
29
6
25
957
2
947
12
9291
596
25078
3463
847
20
947
12
306
20
30215
130
29
405
852
12
826
12
29
4208
10
302
658
20
1190
4373
0
6
10
130
13
348
25
985
1677
20
957
2
847
20
1058
12
1624
16
20
947
12
306
20
30215
2
2201
366
12
745
29
3551
12
5489
29
23605
130
13
405
20
852
12
290
527
348
20
1190
19160
2
10
5191
196
45
10
957
130
29
290
527
348
20
10633
7643
421
10
5191
363
20
971
12
130
29
363
49603
51160
57859
196
45
957
29
20
971
12
29
20
2288
130
13
348
405
852
12
826
12
289
686
10
29
363
846
405
292
45
1546
4
20
662
12
826
12
130
29
402
290
369
30016
4934
2
20
1357
20
15496
307
13
363
2627
250
454
3306
20
852
12
13
1260
59
419
419
130
29
985
18445
336
20
1546
4
20
662
13
433
59
17705
297
25
130
29
290
1841
3306
20
852
12
315
20
1546
4
1093
1008
2
1357
28
2223
16
28
4638
897
10
363
419
29
363
539
25
29
20
2288
289
852
4
596
3805
29
348
369
1208
0
6
48922
45
3191
13
419
56761
219
6
25
2
1112
641
130
29
559
25470
405
20
6849
2
20
1058
12
5438
539
5735
130
29
1033
20
11739
377
1814
6
545
20
1255
302
20
3191
289
584
14718
596
3805
363
4680
51592
55953
302
424
20
40281
462
8348
407
20
713
29
20
3191
130
13
348
20
3191
2795
840
45
30440
323
935
8
25
289
302
13145
198
6
20
2811
20
6495
290
20
947
20
20917
12
947
12
51450
25
130
29
2519
38369
20
2811
20
6495
336
2628
20
4754
130
29
1033
20
20917
13
363
2795
336
3191
6
43553
45
20917
2
1357
25
28043
289
20
5944
48
3068
3489
302
290
2699
20
32786
12
29
20
13181
29
20
2158
834
451
407
7
363
2795
336
3191
6
405
20
4221
130
29
523
20
6495
20
11460
377
10804
4477
289
20
5944
29
363
17934
25
20
5944
13
348
25
2795
336
20
5542
12
2
20
5944
583
1895
196
336
2628
20
15807
130
29
682
6
596
3805
713
506
433
59
42
682
30
713
25
1557
43
20
3492
59
1395
48
29
523
6
25
3191
130
29
1406
20
3675
421
25
20
3177
12
29
20
998
59
37
348
596
10458
247
3045
8590
306
947
16
25
37
48
2321
12
336
387
20
3191
130
13
348
25
6
331
369
3805
29
43226
6473
2295
228
0
1268
0
2
686
25
418
0
16754
0
12876
0
687
0
2188
0
19126
0
13
20
1310
217
38369
130
29
1252
462
1972
20
1310
2
405
20
14718
18105
0
462
2102
596
3805
130
29
6
424
1347
20
3675
421
25
20
3177
12
29
20
998
59
37
290
2219
686
25
1093
2219
919
25
37
130
13
348
402
331
17751
1280
20
1310
196
45
25
290
686
25
3191
0
460
1025
421
25
20
7945
2
25
29
20
3498
130
29
416
24700
596
3805
336
1124
269
20
12323
421
3
20
3177
12
29
20
998
59
7008
20
1310
4747
686
1
2275
16206
130
29
6
424
363
10341
957
20
1310
2
6097
1790
596
3805
130
6
302
25
682
289
20
5140
45
38993
45
20
11291
4
3191
29
19426
290
424
20
1790
20
560
130
29
1198
20
1392
6
20
1790
20
560
377
196
45
25
3805
6
302
20
1310
2150
4453
20
1557
414
1996
16
25
5485
25
130
29
985
462
1972
196
45
20
1310
840
25
718
29
19426
13
363
957
6
25
2
25
29
363
1392
6
25
606
25
29
363
3117
12
48
13
2798
29924
25
132
13
6
424
363
2102
596
915
596
48
29
14892
6097
1790
25
29
26648
1996
16
25
13
290
433
59
348
20
1310
418
687
2188
16754
12876
19126
29
596
3805
1198
363
658
48922
45
1856
31812
0
130
13
348
20
16787
5305
20
783
12
289
20
1790
20
6097
130
29
290
433
59
52683
196
45
11731
1046
1869
29
419
3507
130
29
20
12012
1046
1869
29
419
3507
363
658
31812
45
23349
45
11731
2
20
12012
130
13
348
20
4507
289
20
13347
12
29
20
7674
12
29
20
14778
12
363
658
1998
5359
0
407
7
130
29
6
424
363
13463
407
20
11731
29
20
12012
315
4507
7
40556
45
13347
12
29
20
7674
12
20
2211
209
12
130
13
20
3191
289
584
596
26580
1812
29
20
713
6050
130
13
348
0
4667
59
596
3805
12873
28778
289
20
687
29
682
289
20
687
3191
424
302
225
6213
242
20
1310
8166
29
11199
25
957
25
29
3714
16
25
29
682
289
10
20
957
29
20
3714
12
31657
292
45
559
25470
2
804
424
29
4327
20
4504
302
25
1562
658
12873
0
3817
0
289
1557
53991
6848
311
6
25
29
363
637
289
25
48
2290
289
4939
596
3805
5058
45
18039
1863
596
3805
5058
25
363
22010
4939
20
1310
6714
20
811
335
7541
221
45
10
4347
25
29
331
363
3168
6
25
289
25
29
331
363
2795
840
25
13
363
8885
25
2
25
130
29
4939
596
10458
247
5058
25
2931
8666
4939
20
2853
20
3288
130
13
985
9524
16
421
25
20
3558
12
681
45
3192
45
4323
20
15261
4
29
20
2853
4049
322
4323
25
363
9466
25
2054
16
25
29
363
11033
25
1940
16
25
130
29
523
20
5441
29
20
7653
5901
294
336
20
3288
29
2150
20
2853
3759
29
4912
1116
130
13
348
1342
292
45
3288
583
3272
20
2853
20762
29
4642
130
29
348
462
10789
13
11977
25
29236
2
25
20
1570
218
45
25042
130
29
31276
25
29
17487
25
606
20
2853
25976
130
13
348
25
396
7363
322
10394
25
29
49884
25
130
13
30
331
43553
487
3805
3045
6
20
6727
804
9684
26754
0
840
25
1198
3045
6
20
2610
12
804
0
29
40732
45
7565
4
130
29
13567
20
686
322
20
9721
2
20
6348
12
20
53573
12
6
10
322
41683
20
5568
478
464
4
29
41683
289
20
641
12
29422
4
48
506
302
41683
20
5568
7265
4
289
20
4118
218
45
29422
4
29
20
23323
2
20
837
12
336
913
12
20
641
12
30
20
10973
2
20
837
12
336
913
45
141
292
45
4118
29
6
20
5232
1388
506
302
6
20
8869
1388
0
29
20
12323
421
3
20
3177
12
29
20
998
225
3605
307
20
5232
23907
26
20
3045
336
718
20
5337
2
5054
20
718
20
53573
12
6
20
4318
130
506
433
596
3805
59
42
416
27500
290
7789
10
92
44
29
416
17928
21188
195
10
43
20
3160
59
58
130
1131
48
714
5191
59
348
20
2853
681
25
2
6354
29
31646
25
322
6354
130
29
302
45
2520
301
1570
25
6
302
25
11977
20
2853
130
29
302
25
479
6
302
25
18548
938
20
2853
29
462
18246
40556
45
24976
130
29
2
20
1838
12
462
18581
228
1570
20
3288
2
2054
12
20
2853
18516
20
2054
12
130
27808
45
302
25
7996
539
718
20
479
12
335
681
25
20
2853
2
10
130
13
30
424
20
11465
443
20
24976
27376
10204
322
20
4318
2501
10
29
2501
20
4318
22918
913
12
20
21254
506
22918
56144
494
20
11007
913
12
20
4118
130
29
20
3191
20
641
302
880
0
290
8440
20
1255
10114
545
20937
228
25
20
7512
322
513
25
2
1281
29
615
434
6
12155
25
18748
25
6
8893
6194
12
20
2163
290
25
130
29
10571
2
804
25
315
8198
20
880
322
20
5542
12
2
25
130
29
3255
20
5377
306
302
25918
1545
25
2335
0
130
714
348
20
459
348
12503
20
615
434
29
23132
25
29
11701
20
1281
363
289
3139
292
45
718
369
14845
0
6
20
3047
12
130
29
348
6512
20
615
434
29
11701
20
1281
289
20
718
3602
11725
221
45
25
369
6786
0
6
20
3047
12
363
2
2811
302
25
43553
20
880
3168
0
130
13
348
25
462
5575
40556
45
31853
421
25
29
289
3009
25
20
1235
3168
0
6
686
25
29
523
3974
2610
12
20
459
130
13
348
45
7711
1503
5149
20
1096
13
10905
369
6786
0
29
348
11977
650
16
2054
16
25
30
23223
8
130
29
596
3805
218
45
30553
606
25
4257
20
14845
28
29
3536
3
2
20
837
12
336
4799
25
29
33205
310
25
130
29
523
25
23699
2148
6
5058
25
20
4257
130
13
348
25
363
9974
6
5058
25
13
348
25
18492
209
3
130
506
363
12685
20
2853
26256
20
3083
29
8770
3
130
29
363
12685
20
880
20
396
8878
322
6714
6
459
25
20
31837
45
141
221
45
20
414
322
25
29
2205
6
25
20
2610
12
2
20
2163
290
25
29
419
4049
322
25
2163
347
414
130
13
3297
303
52738
302
6976
681
20
4939
13
348
20
7565
4
3831
12
29
20
23323
10973
29
2105
10
40556
45
4318
130
29
363
20035
915
290
8008
596
2
1950
1527
130
506
363
20273
20
479
12
915
290
8008
221
45
9378
6545
130
29
30
331
9973
1406
20
2853
6
20
3288
416
2219
16
1
331
9466
217
29
331
56902
130
13
43185
905
5664
18227
2204
217
29
348
11977
16
13
421
10
130
1198
433
596
3805
59
42
290
40847
13
2150
7952
22238
6
686
25
29
290
8458
13
2150
34108
421
10
43
20
19392
59
1202
48
29
1406
25
59
42
290
486
1191
45
1933
45
6
686
25
29
290
12828
13
421
10
43
2290
16
59
4479
130
20
20571
1566
12
59
1202
48
29
1033
20
6176
306
780
292
45
681
29
4614
20
10470
13
682
20
6176
290
596
3805
3474
0
29
7492
0
48
29
3191
424
897
290
4560
20
1274
314
15078
25
596
3805
2
770
20
3079
130
29
290
780
28531
20
1739
15078
45
3192
45
17487
20
3079
130
29
290
780
20
5648
29
20
4323
15078
25
2
20
7227
29
20
14396
130
29
290
780
2345
292
45
3831
12
15078
25
2
1110
20
1570
29
3474
596
3805
306
5058
25
539
3714
16
25
20
25160
130
506
348
20
1801
29
20
7495
4
4148
821
545
10
336
545
289
20
4118
2
2744
7495
292
45
1801
13
545
10
16310
336
20
5966
29
545
10
336
20
12509
4
29
363
2102
8115
10
915
292
45
12323
130
13
30
424
665
12
20
7565
4
29
20
23323
336
5966
20
641
12
29
6
1069
10
290
539
40618
130
13
20
2006
322
302
25
462
11728
20
22182
12
336
20
6176
30
20
2006
289
302
25
462
35977
292
45
3885
322
20
676
130
29
462
16349
20
676
336
20
17487
130
29
462
9357
4122
20
52683
1444
306
29677
595
196
289
25
20
676
2886
0
29
41800
20
13802
322
25
29
419
363
41800
322
20
13802
130
13
30
424
20
2288
397
302
25
6
29561
602
596
3805
686
20
1310
306
1112
10523
10
29
57902
10
20
15959
29
27043
45
298
292
45
41683
130
387
29
596
3805
539
8023
322
20
17975
290
539
5648
29
20
535
917
290
539
426
221
130
29
20
1694
290
539
7825
12
29
2754
130
29
20
6808
290
539
13697
130
29
523
25
416
6194
292
45
1801
29
20
7495
4
130
29
6
424
964
29
970
12
363
4086
10
915
596
3805
29
20
8603
26
40556
45
957
130
29
682
387
2
10255
130
29
2150
20
10255
290
387
20
8553
20
1290
29
20
856
20
13210
130
29
6
4555
302
290
363
42478
336
964
20
970
12
289
25
34119
290
25
6
5663
15432
16
25
130
29
1252
369
217
38369
6
9601
3168
20
5724
29
20
3885
4
335
443
41594
20
3885
4
29
3823
10
336
292
45
8716
713
20
14901
29
20
44708
29
20
1065
352
29
20
8465
29
539
10
130
29
4208
20
5724
302
13515
253
12770
6
331
419
1623
290
25
2
20
6194
12
29
419
20
3885
130
29
6
424
1585
2098
331
18940
290
45
39468
45
13515
1712
290
25
3889
221
10
2
25
29
387
4208
25
130
29
1198
665
12
20
3885
4
20
20607
12
336
292
45
1310
29
665
12
20
1310
336
20
13030
12
289
8341
16
6379
506
433
3805
59
42
29
20
13030
45
141
346
525
26
421
3
290
402
1675
43
20
10282
59
2258
48
29
1033
1348
545
20
3885
4
20
13545
4823
196
45
545
20
28750
20
12964
12
13
289
20
28750
20
56569
5006
29
11236
685
12
29
833
12
2102
45
298
7289
5880
20
1125
12
29
20
2932
130
29
3191
290
34119
290
782
405
20
4221
306
2744
292
45
856
20
1178
306
3580
2120
20
2138
20
4765
30
713
20
13387
377
1858
24113
246
45
6844
2
20
17609
20
1212
12
289
14067
20
1881
130
13
433
6
2057
20
1881
59
331
377
13248
39890
14
132
2320
363
6536
26
405
20
17609
336
17236
10
132
29
462
780
23660
306
20
718
132
13
5781
6
25
59
348
10
1212
12
289
17236
10
130
29
2150
20
5323
290
1093
20
5706
130
29
30
713
20
561
4192
27376
363
5121
20
11626
13
20878
12415
20
20223
47389
29
20
10702
4
29
20
9381
20
10372
12
20
2591
45
141
10895
745
5
25
130
13
433
59
387
416
4092
20
1204
1116
130
13
5781
6
25
289
20
1266
12
3436
12
2443
440
2265
25
306
558
12
20
15145
130
29
2150
20
6834
290
6450
25
419
20
25885
48
29
51160
17338
12
660
290
10
59
348
596
3805
1562
12527
2
20
1557
29
4531
290
20
1139
322
45
419
45
20
12876
12
363
4712
915
2
20
1139
322
25
29
387
11466
6373
130
13
348
20
957
9149
314
21158
301
0
20523
0
347
4712
2
20
11647
29
20
1361
840
10
2
20
1139
130
29
462
4531
322
20
1139
292
45
46683
402
3
130
406
20
15807
20
8023
26
322
20
4163
306
4706
20
11647
29
9863
45
46279
45
1139
130
29
713
424
20
2853
377
12527
20
22131
2
4323
20
5347
29
4531
25
322
20
1139
59396
40765
1348
387
20
5347
9597
0
130
13
348
25
18246
322
25
2628
25
29
18492
421
25
29
14858
322
25
29
7240
292
45
1570
29
746
976
2
25
130
13
348
2211
306
2333
20
29987
3288
0
5213
0
19570
0
15561
20
53449
45
14937
20
2501
462
4531
25
290
20
1139
29
462
4531
25
322
935
20
1208
12
407
57295
25
29
407
505
269
25
130
406
985
957
302
25
682
6094
2
2536
1406
25
29
682
20714
11460
20
6861
6
331
941
2
45
37983
20
7633
29
331
6976
290
1801
20
518
12
130
29
957
302
25
985
2628
20
518
12
29
20
1208
45
141
798
210
1172
2
20
1620
130
29
348
462
1972
6976
20390
322
20
6861
29
1627
421
25
935
20
1208
45
141
218
45
20
518
12
29
462
4531
290
20
1139
985
957
3095
25
2
25
130
915
302
424
3995
289
20
3083
1280
0
130
29
20
611
26
13615
26
322
424
29
1198
1996
12
20
14937
29
20
6891
29
20
1139
322
10
40556
45
2199
4
290
387
20
3806
130
29
1033
13008
20
36819
6
20
1310
713
290
15219
1709
45
27845
504
0
4934
336
10182
4
29
5038
8526
130
32128
6
25
59
1562
27759
1486
25
29
11623
10
6
1003
27027
5
25
29
20
1357
1000
16
25
130
506
302
20
1486
1000
16
25
13
331
4350
25
1968
8759
7
2304
12
29
27759
10
130
29
1968
20
21254
24561
12
29
891
3078
16
10
130
29
387
6908
2
20
18362
29
20
12006
130
406
20
11257
3130
386
302
20
1270
2280
0
25164
247
2
20
10731
130
29
302
20
10731
34238
403
6
1003
20
1270
29
419
1357
292
45
970
12
29
682
424
2
4298
130
13
348
20
4298
419
20
3000
289
880
20
539
130
29
596
3805
38762
6452
6
539
25
880
0
583
658
3000
25
289
25
4298
0
13
363
11619
290
25
4298
130
406
6
25
12168
595
196
331
12690
289
880
25
29
658
2424
0
130
29
20
9695
20
9022
29
20
4731
20
584
363
5575
2
18448
6251
322
25
20
2983
130
13
348
3974
2
18802
20
2983
302
11647
20
2983
5553
306
12000
16
25
30
3045
5997
3805
713
686
25
347
20
1127
407
20
33445
28
130
13
387
331
363
5575
20
4731
2
25
130
29
348
7289
301
2
25
331
18246
20
2983
322
6450
25
29
363
10777
2
20
11522
12
2
26648
25
13
387
682
2
5813
897
658
289
957
20
2932
713
0
6061
20
30844
6
20
3781
130
29
302
20
1637
12
1252
357
16
2246
1123
12
30349
12
3376
16
20
7205
29
539
424
290
20
15014
130
29
387
988
3336
218
322
25
20
2983
2
2811
897
25
363
4223
306
1838
16
25
29
363
10777
2
20
4163
421
25
13
363
3336
218
322
25
20
970
221
45
12000
16
25
130
29
682
402
331
363
5121
25
20
2983
5813
0
289
686
25
406
1252
462
9826
35723
196
45
2158
29
3225
10
13
7274
8
12899
29
433
59
348
5
537
217
6782
12
2
6782
12
29
1591
1508
290
407
45
721
975
222
0
3150
2
4682
7991
12
13
13446
405
20
850
12
29
1705
10
583
363
3040
290
3
1557
15547
297
302
7051
424
336
6333
10
130
29
290
539
302
2893
289
1789
10
406
13446
686
10
13
52865
995
443
29
363
20
850
130
523
8
4667
59
387
20
1557
3336
218
322
25
20
2983
29
363
5192
25
130
29
405
5028
12
20
2158
29
20
601
416
4375
424
130
29
1198
416
10202
20
4731
306
713
405
20
15985
25078
682
16
6050
12
130
29
2150
443
9580
12
29
1529
407
20
1758
29
20
5813
130
13
348
20
1758
4106
331
682
2
9396
29
20
5813
331
363
11619
1348
25
130
29
1033
2811
1406
596
3805
59
42
25747
1521
3269
4670
29
3
6642
26
43
20
12323
59
2258
48
29
1406
25
3805
59
42
462
7895
5664
13387
218
45
416
15
16
12876
0
43
6489
59
8882
48
13
20
2006
416
4281
29
13547
2
25
20
8210
5191
59
10517
828
294
13
363
8
29
6932
421
25
2006
25
29
416
4281
29
13547
2
25
20
4881
506
6642
292
45
7203
1967
25
130
29
596
3805
363
6932
421
25
20
2006
2
2811
20
8210
29
40732
45
2385
2
1406
25
59
42
363
6642
3269
4670
43
48
1111
363
5191
6
25
59
462
1406
8210
13
1033
302
25918
26570
29
363
23006
469
13
682
1198
29
419
20
5149
2
1406
25
59
42
462
7895
5664
13387
43
48
29
48922
45
971
1315
289
6520
405
20
3338
12
130
29
290
21043
322
14289
196
45
6861
2
3545
36383
12
29
462
16763
336
6194
12
20
3095
369
290
20
19987
28
130
47762
2882
221
45
596
290
36383
12
363
15136
13
348
20
23674
12
3545
336
20
7852
29
20
6122
12
290
10
130
2024
59
29
462
493
289
8500
20
1255
3125
0
30
3386
20
2188
28
306
20
2309
41668
250
640
2219
16
302
1
1853
130
29
302
20
1853
363
26204
322
9668
1093
1677
6
1
20
11647
306
292
45
3536
2
596
130
29
331
3823
336
20
2983
290
12939
28
20
1996
16
28
48
14892
302
1
1853
29
43553
45
1853
363
2474
2
686
25
130
29
985
2219
16
686
1
29
302
1
5070
11065
16
1
1996
12
596
29
1996
45
141
323
682
2
20917
29
682
20
13802
290
8852
1069
1
130
2410
445
296
20
13802
363
26105
217
1093
2219
45
12144
45
437
20
641
2
20
11647
13
348
25
363
2811
6
25
915
302
6
1
437
28
437
3142
2838
289
45
27995
7641
2
387
20
13802
130
29
437
641
2838
289
25
7988
6
387
20
4122
130
29
985
462
1972
8852
45
7143
45
20
4122
29
416
2910
16
25
2
20
2793
1093
1677
20
437
20
641
130
29
985
2219
16
302
1
985
2910
45
12144
45
20917
4
2
7988
12
20
4122
3730
16
4475
3047
12
443
1996
12
596
3805
335
443
11065
45
141
640
210
1
29
11032
6
6210
16
1
2
14163
2869
1
20
4201
1252
462
45577
2
20
2109
336
20
13737
4
130
29
4475
242
13424
0
2
20
6971
322
596
3805
59
42
29
9431
407
3
29
407
331
6863
9699
43
4851
59
4795
48
29
2219
16
302
804
20
1996
12
20
935
29
20
1538
29
20
18938
322
539
596
3805
130
29
804
20
17679
196
45
6834
322
935
596
1996
16
25
20
4273
306
20
13737
4
29
20
2269
306
20
4118
130
29
2219
45
30914
596
3805
2188
306
302
2102
3813
5058
25
424
2
3551
12
20
1386
6
545
15014
516
301
25
130
29
2219
16
302
25
416
1330
424
1093
2219
16
13190
25
2
20
11647
29
3949
16
130
29
985
2219
16
7365
28767
20
3549
4
2
20
12323
2150
846
289
16035
12
10633
29
2556
4
40959
840
3
29
3017
397
2934
3
4475
289
9178
12
347
289
8922
130
1093
3949
16
2
20
1528
130
29
985
2219
16
302
5814
5997
3805
14203
12
336
331
1330
25
2
3551
12
29
336
331
1330
25
2
539
3551
12
29
302
10606
45
332
15405
429
12
20
12006
13
20
10606
20
1908
12
332
20
4891
26
29
322
3
5263
2
20
13030
12
130
523
1153
477
12
387
2
718
20
11647
5438
29
20
1406
289
25
1558
13
4375
20
13190
289
3243
3
322
45
332
4522
302
2219
16
4375
20
13190
2
20
11647
130
29
12502
2
424
13
348
25
1326
12
290
1326
4
20
3536
42
4930
596
801
3949
24
290
14
29
801
8794
24
20
957
1326
4
43
20
24310
12
59
1395
48
2290
499
331
4602
921
13
363
14953
302
29199
2335
0
130
29
331
29199
363
14953
302
4602
921
246
45
1406
25
3805
59
42
348
0
3045
8
20
1310
290
35787
12
43
20
13726
59
51
48
2150
20469
2
25
20
1310
292
45
31256
209
130
29
1406
25
59
42
51902
290
6592
43
20
894
59
54
48
20469
2
25
20
1310
20
31256
209
130
29
416
28567
20
16849
478
20
19508
15697
29
6
1675
20
6414
29
20
418
4
290
20
8289
29
20
9463
290
20
4735
29
20
53502
9532
292
45
31100
6881
25
29
20
2846
290
20
943
6829
4880
241
290
20
43599
29
20
41032
290
20
59735
12
29
290
9685
247
20
37066
20
17862
20
57290
218
12
29
290
20
2024
20
418
4
29
290
20
9885
29
20
1134
20
14688
29
290
9885
225
836
20
10580
20
1541
29
20
11014
12
20
11721
29
363
3201
11721
20
2883
29
5913
424
48
506
935
397
1528
20
56952
199
4
29
539
10
130
714
4602
921
387
20
30580
29
3040
1293
25
2
20
31256
218
45
29135
1925
12
1902
20
4371
306
8076
20
15764
988
5553
306
9430
20
687
20
11987
218
45
1547
25
6
20
6193
48
14892
20
3397
29
20
3165
29
20
8578
29
20
6187
13
363
3040
20
22913
29
20
54064
323
433
3805
59
42
402
290
421
10
2410
43
20
3520
59
3635
48
2253
306
20
1155
130
13
3045
596
10458
247
8590
290
6592
714
1677
290
25
20
31256
29
3257
424
2486
130
29
6354
20
27222
218
45
20
5372
4712
290
718
20
7433
714
28902
301
29
17549
130
29
4712
20
2158
290
20
32786
45
141
218
45
20
13181
714
5243
4134
414
1424
10
59
42
424
2120
20
2138
20
13576
43
818
59
4026
48
377
3045
6159
228
13438
20
1925
16
28
1902
20
4371
29
8076
20
15764
377
14475
130
20
2109
377
3045
10895
7
8590
290
6592
714
1968
14970
25
290
7357
12
290
2883
13844
130
714
6408
25
29
17427
289
25
290
2636
227
25
130
13
290
1910
289
2798
12
1939
20
3045
29
782
20
6064
20
4765
289
20
31256
29
20
11473
130
13
6
4934
336
20
20917
4
335
935
8
10
130
29
1033
20
5150
12
20
660
29
2798
12
1266
20
5232
218
45
20
5590
336
16947
10
13
3879
12
289
1675
10
48
2290
289
20
5140
45
46279
45
5140
4
29
20
11291
4
3532
10
596
3805
2
20
2744
130
13
419
20
491
377
363
491
1072
25
29
290
25
4712
20
5140
4
406
20
2447
4
2
1047
10
130
714
11086
20
2744
290
20
4536
246
45
20
4536
583
5654
336
20
1644
12
335
443
561
220
20
4221
130
714
18412
3805
9445
45
561
220
3484
0
336
20
4536
583
4478
336
20
1310
29
2245
20
1310
606
7789
53294
2204
25
336
527
433
59
42
15539
5
336
16206
8932
12
6502
12
43
20
3641
59
2539
48
29
6
424
433
59
42
419
20
491
29
20
641
29
20
2560
29
20
5762
43
20
3781
59
52
48
1033
20
2560
6759
366
575
26838
40141
222
224
20
6060
302
6
20
402
3628
29
302
6
20
1853
9668
0
29
6
20
6687
1869
0
2781
0
130
1033
292
45
5762
13
4849
1790
25
20
560
363
2102
25
915
419
29
1963
369
5762
0
6
2303
12
3013
25
130
506
897
20
3160
335
443
289
2303
12
20
414
322
387
20
3191
2560
29
12056
29
2
804
2303
45
141
42970
311
10
363
8748
10
20
7059
12
20
30340
12
16390
12
29
1163
12
48
29
20
7450
59
331
2102
2
25
4706
20
4221
29
8348
2
25
2223
20
3590
12
290
20
6373
29
40732
45
3551
12
407
20
5233
29
20
1155
527
433
59
42
29
20
5233
1299
10
29
782
20
7450
92
44
3068
210
245
4594
0
289
20
7450
92
44
29
3096
24
20
3790
2
20
8469
29
363
12315
24
20
7450
92
44
29
20
1155
21311
10
6
20
21642
43
20
3520
59
56
47
1131
48
29
424
20
7450
964
290
6891
20
49059
12
363
2102
45
165
250
454
20
8603
26
289
20
957
130
29
596
7588
48
20
5252
20
632
289
1996
12
20
13030
45
141
292
45
13030
12
29
20
546
29
20
12615
12732
1268
12
2
2777
10
916
12
2
20
4706
3429
45
32348
219
407
20
2665
48
3191
424
59
20
971
12
13
348
10
2054
12
6
20
957
29
20
957
2054
6
20
971
12
29
7
2054
45
23349
45
3507
29
20
3507
29
20
971
12
29
20
957
5384
1268
12
2
539
10
130
13
30
424
407
20
880
29
20
8926
218
45
20
546
3429
29
315
424
130
13
402
826
5070
1268
2
686
25
29
416
1814
20
3429
407
20
25853
45
20
880
13
363
14674
19507
3429
407
20
1293
28
30
20
3429
407
20
10480
29
20
1310
130
18414
45
3429
289
20
5384
30
20
3429
407
20
1310
20
10424
220
29
20
1270
130
29
6354
20
3429
10895
20
880
29
20
8926
130
29
419
302
658
20
1293
826
0
29
20
3429
1169
0
40556
45
18767
130
30
20
3429
407
20
1866
29
20
12861
130
29
20
3429
407
20
3675
29
20
1720
130
29
20
2560
302
3429
3
2
20
1293
29
20
957
606
596
3805
130
29
405
20
12732
20
3879
45
141
454
13765
130
14892
302
1759
20
957
2
596
3805
826
363
14927
130
13
348
20
957
20
826
454
5145
915
289
1759
826
29
1838
12
20
1310
1198
130
13
20
957
29
20
6908
2
1557
826
16203
827
826
33445
23
29
289
20
1759
28
539
33445
28
130
29
4475
302
387
20
12732
539
14203
218
45
1081
419
26001
319
363
132
13
387
20
2288
3484
336
1996
12
20
1712
377
363
12272
130
13
52683
309
16137
20
1712
377
363
12272
13
387
20
5070
539
14203
29
363
26001
130
29
348
462
58457
292
45
1712
377
363
12272
13
790
302
658
387
20
5070
26001
0
29
416
433
4008
59
33466
302
658
539
14203
29
363
26001
130
13
348
596
3805
539
14203
29
363
26001
13
54649
9887
387
290
424
130
29
387
539
2866
27
421
25
6
302
1963
7749
0
289
1838
45
141
292
45
1069
130
29
348
5039
322
7
20
5331
29
20
15669
29
20
1687
20
15205
12
29
847
27676
218
45
20
1546
2
20
4706
6
302
331
5039
322
20
4706
20
916
28
2
20
599
29
20
1838
12
43553
45
637
28
289
1759
826
130
13
348
8030
2570
7
336
20
1759
29
1348
7
289
20
1759
14895
346
13463
7
130
13
30
424
5039
20
2570
336
20
1759
29
20
1204
363
5713
4507
292
45
3125
28
130
29
790
302
12579
405
20
12732
48
14892
12732
20
13030
12
29
348
369
16
53991
49821
540
12
130
29
405
20
2486
12
306
1934
28
4475
306
2333
20
3665
30
1406
25
3805
59
42
13
2571
196
45
10
3027
0
1501
0
43
5890
59
1750
48
29
30
331
369
20
3675
421
25
20
3177
12
29
20
998
2627
2987
2475
289
947
12
45450
12
20
31482
48
20
1636
20
632
302
658
6
545
20
13030
12
13802
20917
130
506
302
5232
8
539
20917
12
29
6
10
13802
20917
419
1759
3000
10
29
687
10
20
560
2
10
130
13
30
424
545
20
13030
12
130
29
1963
369
387
20
13802
20
20917
6839
0
306
2743
16090
196
45
18802
12
506
302
20917
4
687
8
387
6839
606
20
6450
306
16003
2066
20
3160
130
29
6354
289
20
546
29
20
12615
48
2290
289
3392
9378
1908
290
9378
641
436
373
9378
290
9378
539
6050
130
13
665
12
686
9378
826
419
1908
336
9378
641
29668
686
424
20
9378
665
12
2261
12
130
13
348
369
6
1310
9378
560
29
6
25
686
560
12
714
13373
1242
424
20
9378
29
1662
414
25
9378
560
29
6
25
686
560
12
714
5099
1242
424
292
45
9378
29
1662
414
25
9378
641
1908
290
25
130
29
424
606
20
4958
29
20
2715
4
20
9710
45
141
199
5094
424
1662
9378
29
2715
20
8076
306
869
12
30349
12
130
714
1483
16
847
20
2715
45
49143
45
1047
10
1266
0
790
6
10
29
348
462
1972
2
20
665
12
20
30349
12
130
336
3628
826
130
13
1662
4420
352
641
4165
20
9378
20
1853
686
0
660
6
847
20
686
315
20
686
20
7988
45
141
25078
369
16
6
20
9378
20
1208
6
25
1208
12
6
10
130
13
363
3929
20
686
20
7988
12
2
48922
45
9378
7489
0
1178
0
6
12000
12
3000
20
686
28
289
13802
826
130
45108
2
424
292
45
9378
7489
0
743
7489
847
20
686
20
1853
12
315
25
130
47139
1866
0
348
369
16
1866
45
141
218
45
40319
348
369
16
12861
12
130
29
6
424
5191
6
402
1310
1513
719
1936
25
29
19811
25
347
18639
42510
25
29
34108
25
130
29
348
1662
9378
23
289
4770
826
289
2
9937
219
347
289
1204
28
29
1662
45
945
45
7
686
23
14384
45936
13
289
20
26950
2090
294
29
289
20
5232
2090
294
130
29
402
290
846
50997
472
12
20
5590
20
7988
12
336
2108
25
611
1662
2
25
290
847
20
1263
4
2665
9445
45
5568
130
13
658
22192
0
13063
0
347
1242
30088
347
539
424
130
29
1963
369
16
20
565
45
141
292
45
7934
12
414
20
7988
12
2
527
13515
6
10
20
687
20
20917
13802
0
29
363
52396
336
292
45
687
20
1623
130
3810
3012
242
20
1801
20
5295
12
289
387
20
687
23693
2948
20
686
292
45
5526
12
20
5013
12
2
10
1996
12
331
29
20
12861
290
10
289
2303
12
20
449
130
6
302
10
2568
16
30046
196
45
1644
12
130
13
20
12861
8926
29
20
1866
290
20
2620
12
20
10731
12
546
29
20
546
29
20
12615
47819
14583
217
2
10
20
3027
29
5814
9112
12
443
6140
4
6
5814
1947
12
130
29
20
6204
30046
196
45
1644
12
2909
4208
20
565
12
1846
369
16
847
20
565
12
15159
12
347
565
12
1866
130
29
1033
292
45
1889
12
322
20
4548
29
20
1489
13
433
24
289
7
331
433
24
130
29
20
584
302
387
964
2150
3130
477
25
20
12323
29
20
9772
26
421
3
20
998
130
29
13030
12
20
1050
4
20
12873
45
46392
196
45
28778
26
289
23435
20
1050
4
363
4086
3788
847
20
23435
915
596
3805
130
506
1347
596
3805
59
42
29
331
4086
2826
16206
915
419
43
20
56185
59
2852
48
29
880
20
2793
40732
45
880
377
12527
25
596
3805
2
2470
20
5590
9220
0
8601
20
9378
377
4165
1013
304
847
20
686
3191
25
3191
693
12409
20
10801
2
20
17427
130
29
20
17427
17427
23
59
17427
45901
506
1347
3805
59
42
13
17427
8
289
10
290
2108
8
43
20
12323
59
6338
48
29
17427
28018
506
58117
4372
247
59
42
29
17427
289
20
947
13
17261
290
289
20
1050
4
29
290
289
20
1155
43
20
12307
59
5570
48
29
58117
4372
247
59
42
714
17427
289
25
660
13
985
332
1420
4934
26
43
20
12307
59
5570
48
20
5252
20
1091
289
20
10008
4
29
3723
20
12323
421
3
20
998
2908
8163
20
18072
130
29
1950
20
10003
418
12
3388
130
29
2288
20
36819
130
29
2288
20
15997
12
335
433
45
945
45
20
11793
421
25
20
3177
12
29
20
998
997
676
16
10
20
4009
12
363
13446
5282
45752
20538
12
130
29
5913
424
306
662
12
4590
59
20
1636
20
491
20
601
247
130
29
20
3645
20
43496
130
29
20
1091
292
45
26435
48
20
1636
20
491
59
20
601
247
130
29
419
302
9357
596
20
957
29
20
913
12
29
20
971
12
289
20
18072
583
6574
10602
48
2481
20
43049
12
20
2983
29
20
971
12
29
20
9051
29
424
682
2
5813
13
348
596
3805
2221
211
306
302
9357
289
20
19508
2636
194
913
12
29
971
12
29
2530
130
29
9357
290
25
17862
0
130
29
9357
478
16566
20
37066
1198
48
29
9357
290
5689
20
8740
20
9463
130
29
290
20
35787
12
20
1310
29
6337
292
45
3885
4
290
1820
10
130
13
419
2188
306
302
9357
2
22433
686
7594
12
289
20
28367
45
141
1123
195
12
29
971
12
130
29
290
37051
1161
3045
20
418
12
20
3932
2238
269
12
290
2024
3744
12
29
16774
29
363
34119
35992
20
2024
418
12
130
13
1562
34119
290
1950
20
10003
418
12
130
29
20
6782
369
6210
686
6572
45
141
2939
879
12
130
29
20
2024
462
1972
551
6210
686
130
29
20
8869
19980
12
13
30
331
4810
424
289
8869
292
45
1255
4810
424
289
6337
20
8869
130
29
302
369
20
3193
17540
2
804
8716
20
9378
49228
0
6
405
20
4221
130
13
402
3193
4631
6
2647
20
9378
20
6545
48
29
348
369
292
45
8716
6839
0
306
20
3558
12
29
20
11014
12
130
13
682
17203
302
658
402
3193
3958
45
20
20
3558
12
29
20
11014
12
29
658
8060
20
11793
29
3
16
25
47450
289
40941
405
20
4221
15547
297
5622
12
29
354
12
130
29
348
878
16
20
1483
12
302
9357
596
3805
713
405
20
4221
289
354
45
141
218
45
2
424
3499
2738
20
12323
29
7408
20
1483
12
682
2
5813
3191
424
59
20
3160
29
20
2158
130
13
348
331
2915
290
2105
20
3160
289
20
33971
4
29
539
10
2150
2915
2
354
12
306
2333
292
45
16728
130
29
331
2915
290
423
13271
20
2158
658
1382
12
13
462
12000
302
658
2105
5149
292
45
12323
306
1112
846
665
12
423
13271
20
2158
336
423
13271
20
3160
48
20
1636
20
3645
59
20
26435
29
419
1406
596
3805
59
123
166
348
290
1557
915
343
717
2
1719
25
125
20
19392
59
4264
48
29
419
2232
12
402
11291
29
9668
306
9056
45
419
45
1869
30
2232
12
20
1084
306
20
2400
247
29
20
1058
12
306
20
2283
130
29
5191
6
424
4950
292
45
637
29
20
19126
26
1260
26
405
4785
12
20
2909
306
20
15544
130
29
20
31999
290
20
1255
454
2102
26
405
20
6194
12
29
363
8584
26
2
10
48
20
1636
20
1091
59
20
43496
130
302
4950
20
637
13515
2486
0
20917
0
306
2333
292
45
3665
48
29
405
11065
12
20
12323
29
20
13190
421
3
20
3177
12
29
20
998
130
506
302
4950
292
45
637
6825
289
20
8922
6
539
20
12323
29
7057
26
1965
0
29
2288
0
506
2627
16203
7975
25
130
302
3248
0
29387
25
347
10480
0
14296
25
347
5351
0
4617
25
3125
0
347
4518
2
745
45
53984
218
23472
290
25
3125
0
347
18284
24041
25
3160
0
347
4690
0
347
13515
8527
25
2612
0
347
539
38369
988
6604
25
20
11206
289
8922
25
130
13
20
12323
421
3
20
3177
12
29
20
998
802
26
424
397
20
9178
12
29
12889
3
405
20
4221
289
20
9178
12
130
13
348
20
32718
363
8348
407
12168
485
424
9051
0
9474
0
347
9051
0
9671
0
290
1220
130
29
20
11206
2150
2102
424
221
45
804
5443
25
29
20
7786
12
407
20
4154
29
20
9178
12
130
29
290
369
16
6
25
925
12
3663
12
23202
847
292
45
925
12
5514
16
10
306
5944
4
20
3142
28
583
302
3
802
26
331
6604
25
29
7057
26
20485
1153
25
130
29
20
3665
20
43496
1717
405
20
4590
29
20
3536
2
405
20
4590
402
45
21883
45
6660
10
2781
48
2290
289
20
23632
45
141
218
45
1033
23632
12
20
12323
421
3
20
3177
12
29
20
998
29
20
6526
130
13
20
23632
12
2556
12
322
52642
36625
290
20
2234
12
20
9022
12
306
5070
20
18802
12
7709
290
10
336
402
5070
58468
45
13920
888
16
25
315
5070
20
18802
12
6
3291
12
20
2967
12
29
3927
12
20
22213
12
306
20
16835
29
3927
12
20
935
221
45
20
3177
12
421
25
4269
596
421
25
29
1656
29
3191
25
2066
20
3160
985
1814
306
20
2883
13
348
45
11861
6056
290
25
336
6568
30349
290
20
8219
363
336
630
20
17236
130
2150
3779
424
292
45
6568
6
1208
12
407
25
29
407
20
2883
289
20
6568
29
847
20
1208
12
19728
12
306
6337
225
1767
307
20
8219
130
29
424
20
6568
419
377
985
2568
290
25
514
336
6568
20
2066
290
20
2883
51451
16
290
25
4988
12
336
20
22884
18734
12
6
20
4988
12
20
4234
12
290
20
514
20
1220
290
20
2883
29668
9062
20
3160
2
527
363
658
6013
290
25
29
363
22133
48
3191
424
3114
29
387
363
790
250
454
289
6568
30349
290
20
4213
130
13
30
331
348
20
1208
4
20
6930
12
30786
20
3851
221
45
6236
20
2066
13
20
1208
4
20
4226
12
20
5137
12
3800
0
30786
424
289
20
12732
292
45
4226
12
130
29
290
48595
421
25
20
4481
1093
3471
16
1208
16
25
315
20
2234
12
20
9022
45
141
246
45
4536
421
25
20
2066
290
539
3551
12
130
29
290
11641
16
421
25
20
16835
29
20
18837
2
20
3875
218
45
2967
12
6040
25
29
462
15409
822
25
289
3500
12
20
30589
12
462
33602
1006
1208
16
25
915
54408
45
3551
12
130
13
30248
336
3551
12
20
2883
20
8797
6
20
3160
336
713
387
8960
1838
45
141
292
45
23632
12
289
20
4118
130
13
20
645
20
2447
289
1950
20
30349
2
20
4089
12
416
27870
247
20
880
6159
18651
4
1859
20
645
34706
322
3
363
6
1208
12
407
20
880
29
1859
20
645
130
523
196
45
302
3
10743
26
20
645
20
1208
6
20
880
130
13
10506
16
20
4089
12
421
3
2
3551
12
20
645
11759
45
2777
3
130
29
1252
2642
16
20
3551
12
462
2849
3
20
4089
12
2335
0
130
6
302
20
880
363
2102
225
6942
305
20
645
29
3851
3
2
25
915
2
3549
20
645
29
6589
20
2110
12
289
20
5667
322
45
332
15577
2293
7590
25
289
20
3549
6589
23632
12
306
2333
20
10291
130
29
2150
20
24070
1204
16
45
165
6159
228
20
880
29
2150
20
7590
6
6589
20
4347
29
596
396
7363
322
20
3549
130
29
1252
2219
20
880
1659
4850
12
3851
25
2
20
645
6
30111
247
322
20
7590
29
1677
20
5667
2
23632
12
363
9051
289
10
29
21003
2004
130
29
596
3805
687
2
25
130
13
1252
7622
6
20
12323
421
3
20
3177
12
29
20
998
40556
45
18173
2
331
419
1190
606
596
3805
6
369
45
10798
1929
3
10633
20
36534
307
130
29
985
3974
596
3805
302
2357
1838
12
20
23632
12
2
5925
228
525
289
20
601
29
20
2694
3541
462
1972
424
20
3665
915
2
10633
9396
12
2
20
23632
12
29
5553
17582
424
6236
20
2066
2
718
20
1208
12
130
29
348
630
331
2855
289
20
3243
30046
309
30559
20
23632
12
2395
2
331
2347
2
20
3875
421
25
20
3177
12
29
20
998
290
3177
12
421
45
53984
218
1199
12
6
5123
25
347
6520
20
16379
29
20
8060
6
25
41407
25
29
539
424
988
6645
877
45
141
292
45
10535
12
29
20
2967
12
29
20
1208
12
315
25
48
20
5252
20
1604
289
3723
331
414
20
2793
41668
289
9433
20
5123
397
9433
20
5123
130
20
686
985
1529
16
20
13802
1079
16
20
565
12
20
7934
12
315
10
506
935
8
10
130
29
7742
1233
322
20
13802
20555
12
682
23284
10
3613
290
20
869
4
20
5526
12
130
3627
606
20
2793
4372
199
12
2
7988
16
10
322
20
13802
29
322
1881
20
4118
40281
251
686
10
20
1310
20
45311
27376
5099
130
29
306
947
16
25
506
369
289
20
4118
17033
29
25195
29
20292
13802
10
45311
45
7124
45
17033
20
5966
20
4127
12
840
10
306
2333
20
2236
4
20
418
12
306
40212
210
2
45
6812
45
14761
20
3816
12
130
13
387
9433
20
5123
130
29
348
369
16
1725
12
20292
25
306
947
12
5954
45
141
17582
1342
331
369
16
7451
25
290
20
546
4
29
20
8777
29
20
6418
29
20
44257
29
20
3079
45
35058
45
20
11878
20
1357
29
20
1559
290
20
2619
130
13
387
13140
20
5123
13
6
424
433
20
11793
421
45
6812
45
3177
12
29
20
998
59
37
20
5123
4475
13529
290
902
20
546
12
347
3982
12
290
3982
20
5010
37
48
13
20
5123
20
8416
405
20
869
4
130
29
9433
20
5123
29
13140
25
331
935
58060
130
29
20
5150
45
141
292
45
660
2037
20
686
322
7695
405
20
869
4
506
4235
20
7205
290
20
720
20
23789
130
506
433
3805
59
123
1457
11684
10
377
7754
10
491
333
45
141
218
45
419
2
402
3045
13576
125
818
59
6266
48
29
1406
25
3805
59
123
377
35573
6
14
290
20
5740
20
3962
2158
0
13
985
6420
290
45
5914
36978
26
125
818
59
3378
48
2909
2560
29
3191
407
6
405
20
5150
12
48
2290
4859
20
11793
4269
596
421
25
29
1656
59
37
290
5099
1093
968
16
1420
16
25
37
130
20
39254
1600
6
20
10564
6275
968
16
1420
12
20
5351
606
2793
25
48
3191
424
59
290
2790
26922
305
0
1270
0
290
21416
130
1093
4165
1891
745
25
130
29
387
6176
363
14107
322
48922
45
1330
48
29
433
3805
3800
0
59
123
29
290
16958
3
30036
18658
25
48684
21105
246
0
6
4649
347
26001
0
336
1681
12
1093
13779
221
45
3474
290
596
125
20
30886
59
1684
48
29
20
1420
12
20
2073
16326
606
22497
3074
13
6
402
826
290
10
15014
2
545
2665
20
965
1919
424
289
4601
20
22913
218
45
20
14970
29
539
7
130
29
606
20
19126
28
5901
424
336
12015
12
596
3805
130
13
348
25
3805
209
1612
739
0
2319
289
25
1869
0
2
3714
16
25
29
12015
16
25
315
302
20
4601
12007
45
141
221
45
20
837
12
336
20
971
12
29
336
1069
20
2003
6793
25
29
3805
130
29
20
14395
12
1260
26
59
348
57274
46593
20
3458
942
4
20
46178
130
29
348
4958
10
916
12
130
29
402
725
290
2715
4
56761
10825
297
25
290
20
2715
4
2044
424
289
18062
49100
2899
130
1111
402
2715
29
402
1266
12
290
847
292
45
2715
4
363
2898
2
1357
10
130
29
2
424
24888
26
3903
20
12606
28
289
20
1944
12
6
402
1266
45
141
218
45
2715
290
2715
4
20
8076
130
13
4680
302
20850
573
56761
219
6
6337
20
4958
1774
289
45
6812
45
3885
4
3025
12
20
725
462
802
713
10
554
10
551
130
29
985
8131
8
4297
0
289
20
2883
14069
228
258
289
25
725
11887
846
23714
12
387
20
725
1208
12
6
4393
25
29
4366
7287
4393
45
33194
1203
16
847
20
1925
12
130
13
985
8131
8
4297
0
641
554
2309
405
20
1925
462
7062
2838
485
942
12
20
2883
289
20
7078
12
20
632
12
30
942
16
25
289
20
7078
12
20
1012
130
6
302
20
2883
40556
45
1012
8087
2481
20
660
6542
130
13
348
1596
20
4297
6
20
6542
1901
1596
45
1081
45
20
8087
130
58191
20
3515
315
18605
20
1801
6
31925
2886
20
778
2
20
2966
48
10817
897
2715
0
6
20
6542
3272
725
0
641
13
1562
658
6032
4
20
6982
29
20
11682
4
29
6337
292
45
12732
306
713
331
369
421
25
289
20
1596
20
491
130
13
363
14953
302
658
40556
45
2120
20
18888
247
6
20
4958
573
8966
405
20
4958
3268
247
6048
0
290
856
20
965
218
45
20
3610
306
1901
20
6048
20
11919
130
29
363
14953
302
658
424
20
6048
9290
0
20478
2248
6
25
3257
130
29
363
302
658
970
25
3701
0
363
9677
25
713
20
573
20
778
20
28897
48
32247
20
6048
20
4234
290
20
3610
2121
0
289
4629
25
130
29
348
369
16
22434
3723
45
39468
45
658
16326
20
1420
12
20
2073
1424
424
20
1596
20
3025
290
20
1801
20
893
12
130
13
658
804
0
1178
0
785
0
6
630
20
5590
130
16058
199
970
10
1315
12
20
5590
13
846
32939
199
12
359
12
30349
12
2
739
363
10355
20
565
12
20
2378
12
6
1996
16
10
48
41087
6
1996
12
739
45
21883
45
363
20
12323
20
9772
26
421
3
20
3177
12
29
20
998
130
13
348
20
12323
3800
0
5532
6
45
16373
195
5532
2
971
3342
3
29
2647
3
130
13
985
462
13274
11647
32216
29
363
13
6
1011
247
306
7896
16137
16
25
29
1627
20
7945
2
25
985
2855
20
4731
2
25
10457
0
363
10989
840
25
20
3342
218
45
20
10965
130
29
416
2963
20
4731
2
25
1454
0
3368
0
1166
20
3536
2
25
29
363
790
210
27211
362
25
130
29
30
331
4810
302
2474
573
2
725
2474
2
804
25
2665
20
3885
4
462
25053
199
504
10
130
13
30
424
1166
302
2474
4770
35110
289
25
20
12115
29
2135
53599
3
29
2898
336
29491
8035
3
5590
3
130
13
30
331
302
20
14420
20124
2290
20
6187
29
34119
348
2915
289
25
5724
218
45
33961
985
2855
2290
20
3397
19619
424
29
407
4770
247
20
2290
28
414
289
405
20
1881
130
13
30
424
407
4770
20
5150
12
20
1012
335
4712
6
20
1310
2
20
30065
130
29
4770
20
5150
45
141
292
45
660
335
4712
6
20
1310
2
20
6086
29
20
1250
12
1758
363
18947
578
7
306
292
45
3645
48
2290
289
1250
12
20
686
336
20
13802
3951
12
20
686
336
20
13802
414
199
7005
48817
322
25
289
20
1420
12
681
2447
539
6050
130
29
10804
57276
247
302
34119
290
25
130
406
20
11466
290
7489
20
686
2
20
13802
289
491
20
681
3217
593
7490
221
1266
10
840
25
414
20
7988
12
130
29
2105
20
686
289
20
13802
2105
1330
29
13008
48
29
363
11647
306
12000
12
1266
387
166
132
132
132
387
20
13802
4631
0
333
12
660
6
2647
210
225
605
25
29
13008
25
48
13010
51160
11466
290
15807
20
6060
130
29
419
302
424
20
2035
34368
17241
2915
1890
0
1890
0
2
20
16728
290
35787
12
289
720
23789
714
290
157
1042
15344
29668
2309
20
3045
12
130
29
985
462
1972
1198
363
5192
2035
2647
20
13008
29
1382
48922
45
11466
48
348
0
416
407
0
302
331
419
2447
2
20
16728
2150
419
20
31256
130
29
1033
20
11473
246
45
363
658
2
20
9345
406
3365
25
2447
1382
12
826
12
48
3068
3489
302
20
14688
377
4602
50076
485
2
20
16728
29
2
1038
20
935
29
20
8171
29
414
1079
29
1011
301
130
29
302
20
11473
247
290
45
32493
313
1382
12
13
348
25
462
2319
551
1134
29
363
6592
545
25
14688
29
545
25
2
20
565
12
1908
336
227
1845
20
14688
130
29
1198
20
16315
377
29199
289
20
3165
290
20
55081
4
658
1382
12
29
39796
11869
55081
12
2631
16
322
637
10
29
2250
16
2
20
565
12
1908
12
336
302
45026
16315
0
290
53991
1042
12
29
9345
130
29
20
5150
12
20
632
12
11473
209
12
290
847
20
4780
335
369
16
289
20
2335
29
36664
832
16
29
2202
26921
16
947
10
20329
596
3805
37088
20
947
847
20
947
336
1820
45
21883
45
2915
20
9378
20
560
333
12
660
130
29
6
10
686
1662
16
606
3365
424
20
9378
5855
246
45
2898
2
20
13008
29
20
3000
840
10
315
20
877
12
335
407
7
130
3191
424
7352
4171
45
141
463
6603
16
29
7786
16
53599
10
130
29
3557
20
7352
2
20
6119
12
336
2222
12
130
714
6536
847
292
45
4780
2
1357
10
336
20
869
12
20
1012
29
29318
29
3232
1483
840
10
7352
20
4171
45
141
218
45
2782
0
10
29
3000
289
10
506
5523
130
29
363
1166
348
4896
387
20
7895
29
630
20
4780
218
45
20
9378
20
3761
686
0
660
130
13
348
3365
20
9378
4896
3365
686
6
25
130
1033
10374
292
45
9378
336
20
637
12
20
1012
13
363
4896
915
1266
20
686
336
20
637
12
20
1012
130
29
1033
5627
302
20
4780
20
4068
12
363
46435
2
424
13
5828
29
11739
363
1546
2
7
130
13
290
7198
292
45
1310
29
20
4780
20
4068
12
335
289
10
2
4780
20
1155
130
29
1949
1868
22569
221
45
20
2149
12
424
20
599
130
29
1033
20
3429
20
7836
336
424
289
20
1528
20
9022
12
40556
45
15603
12
59
348
2057
20
546
12
23901
26
289
20
6665
1240
12
761
936
501
12
714
13515
45
384
54237
5434
12
130
29
348
2057
20
2158
6354
347
16975
714
13515
26
12615
130
2481
20
13921
59
43553
45
1255
35110
26
13030
12
363
27090
26
29
363
11455
26
29
363
13209
26
29
363
4602
18176
219
130
2481
292
45
3424
59
302
20
1255
35110
26
506
3045
3
596
3805
491
333
12
506
433
3805
59
123
13
22
1260
26
290
5198
8
1457
377
6007
14
491
333
12
125
1933
6224
276
59
4772
48
29
2006
1536
421
25
20
3177
12
29
20
998
322
596
3805
59
123
919
7289
659
1562
31154
20
12115
125
20
8740
12
59
13990
48
29
1406
41223
4269
596
20737
25
29
1656
4695
12
290
25
59
123
11963
4301
405
596
4522
2793
10
13
1033
16
25
596
1569
12
359
714
2449
25
125
20
8740
12
59
25883
48
29
17095
1859
20
16214
29
419
1406
25
3805
59
123
29
1198
8486
20511
6
9228
24
407
3
125
336
1406
25
3805
59
123
6
4086
45
410
897
3601
596
584
125
20
16214
59
629
130
2171
48
11218
306
302
405
20
5150
12
5385
45
141
4874
372
12
1166
20
3536
2
10
130
29
369
289
2003
20
13726
289
10
3429
20
1255
29
20
12323
20737
3
20
998
6196
26
847
2
20
18062
29
20
5234
12
20
20917
12
130
29
20
11466
290
20
5150
45
141
292
45
1012
611
290
20
660
915
302
20
5150
12
20
1012
20917
12
2486
12
6757
12
13
3793
292
45
11466
130
13
348
0
1252
2934
8
302
1310
0
942
686
25
2246
3744
12
506
11199
20
569
14100
29
2568
478
20890
25
3613
713
12261
30433
25630
3195
424
20
3613
289
545
1121
20
1637
12
29
3040
354
45
141
17582
405
20
637
12
714
13515
5132
12
130
714
30404
15344
18284
22588
12
130
714
20
22588
12
18284
6881
0
130
714
39496
247
20
6881
5733
0
130
714
2915
289
25
20
942
12
130
714
4235
290
6568
462
25053
2037
3211
290
25
306
637
12
363
35977
319
25
29
363
18492
421
10
289
4313
16
25
130
714
5872
1357
5
25
29
2915
397
20303
20
319
3613
713
11575
33971
462
1972
554
424
289
10
29
27395
2
25
20
1739
336
12168
6287
387
20
1739
2
20
16728
1242
1409
4
29
19585
4
130
406
1963
387
20
3613
377
29923
25
35787
12
29
419
606
20
4313
12
9818
3045
596
13515
322
1908
880
0
8313
0
46896
45
10117
339
611
20
687
29
10854
289
25
130
13
348
20
11466
290
424
611
29
11845
290
20
11466
9445
45
5150
12
20
660
130
29
20
2335
302
402
3613
462
8075
25
20
1310
29
462
2102
804
25
2915
6
45
37983
25
20
11466
130
29
20
11466
869
12
4712
6
20
1310
606
2486
12
3613
462
8075
25
554
424
58812
242
3613
462
2102
804
25
29
462
7057
25
554
424
48
2290
1826
602
20
686
2
20
13802
30
20
6971
6
10
322
4706
20
1687
130
29
2
20
2793
27794
20
7210
506
1347
596
3805
59
123
13
1386
8
322
1
7210
1
125
160
59
2142
48
29
988
27794
6
45
5914
225
605
811
25
988
6552
25
336
596
3805
29
8949
25
3627
17757
847
20
2506
130
29
25074
242
269
10
5492
2105
0
290
20
545
130
29
363
17203
289
971
12
596
3805
348
7440
804
45
48972
477
20
3045
289
2478
12
826
12
17757
20
811
2
20
837
12
336
2105
4
10
40556
45
3067
29
20
5863
130
13
599
20
7450
331
6537
2
25
20
1154
12
290
20
17943
29
3191
25
40556
45
687
20
20917
916
130
13
5356
20
7450
20
2082
130
29
290
25
20
37809
6
20
12624
130
29
20
41469
44206
6
942
4
20
8076
130
29
20
4601
29
20
20666
12
6
20
17757
130
29
20
2951
29
20
3038
196
45
17757
942
4
20
2839
130
13
20
7450
20
8416
29
985
713
25
596
1735
29
1909
6
20
10588
199
504
25
2
331
5523
290
405
20
5234
12
347
539
10
130
13
1838
12
20
7450
1029
25
1869
12
289
630
38369
29
419
331
2102
2
25
20
1154
12
290
20
17943
29
947
16
25
846
5768
12
6
20
601
606
292
45
1596
130
29
6
20
5944
606
20
3665
130
29
596
3805
7588
988
5122
25
290
21573
292
45
1596
4
29
20
7945
2
630
424
2781
48
2290
289
20
1861
218
45
20
1861
1127
6738
4
20
17757
29
8145
2213
10
29
331
290
1310
915
29
6
25
811
6713
40618
15344
8456
12
29
8637
12
29
4891
12
29
18892
12
363
2275
34622
16
10
29
416
363
25751
33253
6713
40618
4
10
130
13
985
4893
16
20
6738
4
29
1127
2213
10
369
1861
0
130
13
348
369
289
971
45
141
5997
3805
302
5532
289
2478
12
826
12
6
20
687
28
6738
4
811
3
29
2213
2506
45
16760
45
419
4915
20
5459
28
130
29
25523
7112
199
302
289
971
16
25
424
13
3966
419
4915
20
5459
28
1891
0
48
29
8032
598
20
4940
28
306
413
12632
961
4031
596
1112
25
59
1562
12136
596
20
3045
397
2478
12
290
539
13421
29
363
12872
132
13
433
13005
596
322
25
59
506
19427
3
315
6337
292
45
3885
4
2
363
13421
29
363
12872
48
2290
289
20
27960
292
45
27960
584
48
29
331
5781
348
25
713
20
2024
12
289
20
2355
12
130
13
419
4298
289
1790
25
130
406
12844
9445
45
2024
130
406
363
1208
12
407
2355
16
25
29
2355
12
20
2024
130
1029
16
25
1029
12
20
3815
130
506
363
1208
45
141
397
20
2355
12
130
13
419
4298
289
1790
25
130
406
12844
290
20
2024
130
406
363
1208
12
407
2355
16
25
29
2355
45
141
292
45
2024
130
1029
16
25
1029
12
20
3815
130
506
363
1208
12
289
20
2355
12
407
20
514
20
30438
20
6557
10895
20
1442
29
20
3160
377
682
290
20
1442
29
363
20
3160
130
29
407
2355
12
20
2024
29
2355
12
20
27960
199
504
2355
12
20
514
20
30438
377
363
1046
6
25
2335
0
6
302
25
306
3191
20
27960
20
12111
130
29
20
27960
20
12111
2556
12
322
20
1269
20
8416
407
20
5568
20
33445
12
130
6
424
416
10895
596
2
387
20
8060
289
5509
12
20
8283
12
527
433
59
123
13428
8
20
19103
3012
45
12111
125
20
8283
12
59
55
48
29
433
289
584
20
2535
12874
4
596
421
25
59
123
29
348
1
6
26881
336
27960
12111
125
20
3492
59
4675
48
29
433
4269
5997
421
25
29
1656
37
2150
2449
16
6
37592
15123
20
5568
37
48
29
433
3805
1104
25
59
123
29
348
1
6
306
3045
3459
125
20
5489
59
53
3191
424
20
4394
2655
12
57859
196
45
22730
29
20
21851
130
29
20
5686
12
407
20
17735
29
20
10799
130
29
20
1597
407
20
19331
218
45
20
10407
293
130
29
20
9606
407
20
13295
29
20
38288
12
130
29
20
3703
12
407
20
13737
12
29
20
58836
130
13
405
292
45
5568
6
10
1900
13180
29
1900
7953
29
7
30820
23
29
20
1269
682
290
20
13180
29
31745
20
7953
13
419
306
2303
12
20
414
290
402
1900
130
29
6
424
433
20
11793
4269
596
421
45
419
45
1656
59
37
1866
20
1687
1990
10
37
3191
424
20
1269
20
514
20
30438
20
6557
407
20
1442
218
45
20
3160
363
290
20
1442
29
363
290
20
3160
130
29
20
787
289
424
302
4208
20
22060
40556
45
6610
12
2
20
13030
12
29
3
5131
485
322
405
20
14718
20
4307
12
130
29
682
289
2552
292
45
1310
20
44650
322
10
2
20
1178
12
130
13
3729
25
596
3805
2
331
6219
20
44650
130
29
348
386
1972
1838
12
20
44650
29
419
20
1269
13
348
20
24401
363
4174
29
363
5258
130
29
20
1266
247
23582
320
269
29
363
4136
130
13
20
21851
29
20
22730
290
852
4
20
1310
130
29
20
44249
20
4394
247
30
302
25
11759
45
7977
29
363
52371
130
13
20
27960
20
12111
29
419
20
1269
20
584
407
20
1900
28
377
363
2109
196
45
25
336
51283
20
831
28
29
419
12844
290
20
2024
130
13
20
3600
4272
2303
12
20
414
290
20
1900
28
658
306
292
45
1269
130
29
1252
2389
8
2601
12
3781
1556
195
12
2
20
2158
1814
16
12761
12
289
10
3627
8964
2
2869
45
2085
219
20
3558
12
13
363
12603
915
306
20
727
6
302
25
20
1269
377
419
2303
12
20
414
9445
45
2532
20
10014
130
29
847
20
1300
12
363
1046
6
10
130
13
985
20
27960
20
12111
419
20
1269
10895
20
1900
28
29
363
1046
6
25
48
13
419
12844
290
20
2024
130
29
6
424
5520
322
20
971
12
20
2378
45
141
218
45
20
3204
421
25
13
363
7755
2
7884
5913
8
20
2158
2
971
2109
25
322
25
130
506
433
3805
59
123
29
348
290
14
915
3552
10
369
306
16206
8431
45
759
16072
209
0
125
5890
59
5759
48
29
433
3805
59
123
29
1023
4188
24
2838
49335
24
407
20
1911
29
1252
2269
345
13
363
11612
24
3395
196
45
2109
125
20
1911
59
12455
48
13
348
20
2664
407
20
1637
16
28
289
20
2967
12
29
20
3204
306
4477
12
1825
12
363
2109
289
25
336
8759
7
1562
3618
999
20
2552
132
13
290
15355
41101
640
20
687
306
20
27960
20
12111
377
16283
596
3805
1838
16
25
322
20
11793
4269
5997
421
25
29
1656
59
123
29
302
387
27960
247
12111
0
4585
1124
1302
125
20
25129
59
18250
48
333
306
27960
20
641
12
2482
0
290
539
2109
6
302
25
289
48922
45
687
1266
686
25
20
4992
322
20
2109
130
13
2250
424
29
7737
1947
0
6
25
13
348
20
1483
45
141
3605
3130
209
12
1931
12
48
387
584
1891
0
506
2855
2
25
20
4240
29
1075
289
20
1126
59
37
4401
292
45
4940
306
20
27960
30
20
9172
20
9222
37
48
2290
289
20
16217
292
45
12509
4
20
20917
12
20
1869
12
289
20
16217
290
5648
29
4323
29
24189
1166
20
7945
2
45
6812
45
2552
10
130
3627
506
1074
601
247
29
43496
29
26435
48
1033
20
601
247
130
13
414
1340
20
2108
336
20
13802
506
935
8
130
29
1033
20
2288
289
302
545
405
292
45
12509
4
988
363
4721
289
10
713
20
553
29
20
9421
832
29
20
18527
20
34956
228
29
20
15372
292
45
470
269
353
130
13
387
988
8467
3605
2
25
1581
12
31831
424
289
7978
3
29
6863
9699
223
2303
12
20
13737
12
130
2481
402
7617
29
402
3282
5475
29
19807
29
3396
13052
2
4008
743
4008
130
29
6
402
826
40556
45
546
12
331
31631
25
506
433
3805
59
123
29
11138
289
10
331
6297
2061
6559
220
14
29
11138
289
10
331
17226
26
125
2290
16
59
2852
48
29
1963
31831
596
10458
247
289
20
641
12
13737
12
363
846
847
20
13737
12
1935
12
289
1881
20
4118
130
30
20
1008
336
640
210
596
3805
130
13
348
20
13737
12
29
20
2110
12
20
3816
12
289
10
289
20
641
12
743
20
4118
48
29
1033
20
43496
130
13
363
13344
2552
25
29
12509
16
25
506
289
20
4154
915
302
25
4078
211
6
5643
45
165
6159
1908
130
13
1252
369
16
1541
12
462
5121
1529
20
43496
29
20
601
247
6
302
1152
18015
20
1310
221
45
20
947
290
527
7694
10
289
20
5944
29
20
601
363
290
527
965
10
290
1220
130
13
1252
2211
478
1220
29
462
2319
289
601
25
2
20
7694
13
363
12509
12
130
29
1252
13010
20
5390
1124
289
20
601
29
770
292
45
1220
6
4838
16
20
12509
45
141
218
45
6
20
565
12
20
17604
12
971
12
306
6865
20
947
289
387
20
687
130
915
302
947
45
298
292
45
12192
12
17604
12
29
682
16
20917
12
29
363
5390
1124
251
289
20
565
12
29
20
10163
211
12
130
13
6
424
50259
14874
242
947
12
2243
12
289
2303
12
20
2191
29
19758
1235
10
29
2486
16
10
462
37707
6
6210
16
45
1081
45
302
25
682
13515
30340
0
506
289
20
4154
130
13
1252
369
16
6
25
565
12
306
2689
10
289
20
565
45
141
292
45
10163
211
12
506
6
25
565
12
306
2689
10
289
20
565
12
20
17604
12
6
4511
16
6
6210
16
25
29
5085
16
1770
45
141
292
45
947
20
1869
12
290
20
1220
130
29
363
19812
20
641
12
20
4118
289
387
20
2811
915
34068
258
4208
20
971
12
306
2689
20
565
12
20
10163
211
12
130
29
402
331
31631
25
5126
606
25
40556
45
637
13
846
13737
16
25
2
804
10336
25
29
10336
25
2
804
23116
25
1949
2
804
7694
25
289
20
565
45
141
292
45
10163
211
12
13
363
15191
2
4350
25
3613
9657
840
25
915
29
2319
289
20
637
1949
2319
2
10870
40141
25
130
29
840
25
20
2321
12
2
1406
25
421
25
20
3177
12
29
20
998
59
37
348
289
20
546
219
1071
0
7799
397
25
20
947
37
130
29
20
1071
2556
12
322
20
14109
20
32999
377
419
14647
20
971
12
306
6865
292
45
947
2
1068
20
12015
12
130
29
7694
20
565
12
20
10163
211
12
2
10
7694
0
3490
0
336
5074
292
45
12015
12
363
7694
0
419
1688
6
20
10098
290
539
1855
506
289
20
2066
289
48922
45
687
130
29
405
20
971
12
6013
29
4436
290
20
971
12
306
20
2768
1220
20
601
130
6
43553
45
1869
290
1220
357
45696
0
2
25
13824
0
322
539
25
130
29
1033
387
13
10510
8328
0
363
45742
289
25
29
363
1641
583
985
4178
2061
2486
12
20
3613
713
0
936
736
289
936
1204
16678
292
12
826
12
130
11433
1161
1302
506
2130
2
4350
3
289
2829
3
20
916
12
130
29
1033
20
23116
292
45
4234
322
736
20
3613
20
1869
290
1220
20
601
363
658
915
289
1204
826
130
29
1079
56144
20
641
306
331
419
6013
29
7915
6
20
13737
4
29
33016
2
10
1012
29
363
3386
289
971
45
141
292
45
2768
48
29
1033
20
1112
20
1091
59
29
419
20
965
20
26435
130
13
302
846
405
20
20917
4
5234
12
6
20
1069
292
45
5137
12
335
682
16
2
20917
12
130
523
20
5137
4
13765
336
2665
730
12
916
45
141
292
45
12509
4
30
20
9671
4
130
13
846
20
9671
4
5234
12
6
10
29
402
826
658
3191
0
6
12509
12
660
4874
195
6194
16
25
289
20
5137
4
27814
6194
12
20
3191
289
20
9671
4
13
348
25
1252
2699
289
20
8922
292
45
4500
12
29
20
2883
20
5056
29
20
1112
20
1195
29
20
8777
20
13252
12
2
20
553
29
20
8289
218
45
20
12110
12
130
29
20
5605
20
14353
12
2
20
12732
29
20
1400
25389
29
20
1000
222
130
29
20
5663
20
6102
12
9445
45
2489
29
20
2076
12
130
29
20
31097
20
23650
12
2
20
12732
130
29
20
44257
20
15129
28
407
745
5
45
1081
45
20
797
12
130
6
369
20
4654
8996
424
2
20
6163
29
363
2526
25
306
1293
826
130
406
2526
41004
29548
306
1293
641
290
2665
20
6163
24121
12
20
1357
5901
545
25
336
8678
20
6459
130
29
545
25
336
2486
12
20
4302
130
29
348
3357
20
630
1392
20
12509
12
29
20
6163
9562
916
45
141
292
45
12006
916
12
20
9435
6
402
826
12
14757
21853
20
641
12
130
13
30
424
20
12509
4
20
5137
45
141
303
57276
247
302
7236
1198
130
29
348
369
988
363
1357
767
16
29
363
7622
2934
16
29
363
2130
306
1950
25902
130
13
630
405
20
4590
2447
45
141
246
45
4680
302
4956
407
20
402
6
826
130
29
4680
302
658
5160
402
826
2
971
2035
25
48
13
20
357
45696
2
20
6861
29
20
10250
306
20
947
377
462
25155
6
25
1900
20
4706
2571
6
45
39843
28767
20
947
29
20
12509
4
130
29
20
7465
26
20
396
44237
26
6
687
20
947
29
20
12509
4
20
20917
45
141
498
834
6
3
290
50671
20
6163
29
20
12509
4
20
5137
12
331
10036
2
3
29
29279
449
3
29
13737
16
45
332
250
226
599
20
546
12
302
289
10
6
402
28730
331
31631
25
130
29
985
7335
16
20
13737
4
462
8949
2838
15405
429
20
5137
4
29
20
12509
4
130
29
20
971
12
2249
12
29
20
565
12
20
2378
12
322
20
11522
12
2
15985
292
45
971
12
9064
12
29
20
2658
12
20
9022
12
3376
16
2
3551
12
20
18802
12
336
1315
12
20
3045
20
971
27376
219
39582
16
25
52043
3
130
13
1166
20
7945
2
331
13
47003
25
29
20
3498
2
331
2456
11032
292
45
2628
289
1687
12772
2
20
4031
20
32999
29
363
8748
2
20
2628
20
10925
29
2150
5121
424
397
3844
4375
606
11373
21663
48
2290
7254
195
20
11978
6
2486
12
20
12323
29
20
9644
12
421
3
20
3177
12
29
20
998
130
13
348
20
6325
478
25
20
1199
12
29
20
21453
301
290
2006
20
15562
12
29
1646
20
27744
290
7806
20
12323
218
45
20
9644
12
421
3
20
3177
12
29
20
998
130
29
20
2556
12
322
387
20
6771
20
23632
12
130
29
387
2915
478
558
16
28
59
20
21453
301
290
387
20
831
29
20
6771
290
20
831
20
641
130
29
6
1199
45
141
292
45
2486
2886
3459
289
7421
20
5252
28
48
1033
20
21453
301
13
419
2
14379
3
12
1242
292
45
1265
12
2
6780
935
20
24070
29
20
7858
306
20
9473
583
18284
1178
12
3
16
25
30817
45
141
397
424
130
29
5192
2
1178
16
25
306
935
25
29
3666
12
2
4350
25
29
405
20
637
12
804
290
25
6
2108
424
292
45
24070
130
135
46
20
7858
583
50536
847
20
2108
20
2591
12
2
331
17448
290
25
130
29
290
11964
40556
45
4118
23212
16
25
29
1178
16
25
306
1310
289
1881
20
4118
130
13
348
424
20
1310
16774
2
4273
38369
20
931
421
25
29
11903
25
2
424
130
13
290
462
1972
289
387
20
687
13
419
1012
2
20
10111
218
45
419
13305
6
424
20
10111
130
13
348
4163
290
419
1220
322
3723
20
687
336
545
225
15012
292
20
687
2447
130
506
9234
289
20
8922
306
3723
290
419
289
20
641
12
19507
4586
27211
7261
130
13
348
20
4154
32320
20
2793
29
5774
25
130
13
2
804
20
4154
1496
8
4631
28
6
1996
45
141
225
15012
292
462
11097
4631
28
289
637
12
20
9178
12
6
10
130
13
30
424
290
1463
336
20
1881
20
641
45
141
218
45
5099
20234
1872
0
369
2
20
4163
306
387
20
687
1012
29
13062
130
13
1033
1178
45
141
225
15012
292
387
20
687
289
630
20
4601
462
1768
28043
251
289
7996
1996
16
3
130
506
39796
372
3723
20
13636
28
3142
12
289
29247
289
8922
8
606
20
14507
29
6
33253
6
7011
1153
303
4
29
3141
4
290
10
3
12
1242
20
1265
12
3627
6780
1242
847
20
2108
20
2138
45
141
17582
1242
20
1265
12
130
29
30
331
5049
2486
12
947
947
12
11513
289
1235
935
25
29
3666
12
686
45
3192
45
20
4350
130
13
30
424
5049
2486
12
424
20
5351
29
2486
12
2090
16
25
335
2805
6971
1347
221
25
46
13
348
2886
424
20
5351
289
20
686
606
8106
12
12030
25
29
3559
25
682
30
2886
25
289
637
41492
25
29
2486
12
12030
25
29
3559
25
46
29
290
5828
302
25
2188
306
302
5126
289
686
424
20
5351
6159
228
25
8106
12
3559
25
506
5126
606
2486
12
3559
25
46
13
424
3087
46
13
348
6
20
2486
12
2886
45
23594
0
682
6
20
8106
12
713
25
46
29
290
5542
289
20
8106
12
2
424
20
5351
462
1768
405
292
45
5542
12
3800
0
17851
0
29
363
10964
290
2886
331
506
433
421
25
20
3177
12
29
20
998
59
37
1314
295
421
333
12
19137
16
421
25
761
0
37
37
29
290
5080
20
16379
862
16
6
25
23632
16
5
37
48
37
29
290
3870
1013
299
862
16
6
25
23632
16
5
37
48
13
20
11978
2
12030
25
377
419
6097
20
15014
6
25
4048
12
3663
45
141
6713
52710
12
6
20
23632
12
29
20
11978
2
3079
25
377
419
5842
12
290
25
46
29
1252
414
31256
218
45
30065
46
29
20
11978
2
3559
25
29
2574
25
29
850
16
25
29
10003
25
29
28543
25
29
6427
25
29
1140
301
16
25
29
20
11978
221
45
1483
16
25
29
1815
16
25
29
20
11978
2
402
1281
25
290
10
1208
12
840
25
11978
3580
6
20
2163
840
45
332
467
269
6
23632
16
25
46
13
348
25
6
55208
606
20
12323
289
1348
3
289
1881
20
4118
29
289
1348
3
53325
20
641
12
363
289
718
20
1996
12
46
13
348
1000
12
20
1996
12
289
20
4118
20
10588
20
2560
45
141
218
45
289
20
53375
1000
12
2102
2
10
20
8106
4475
289
16035
12
3191
46
29
4475
306
2333
20
1454
46
29
1033
20
3723
20
646
289
20
11978
29
20
2163
29
20
23632
12
13
363
7794
46
29
20
5252
20
6664
41101
640
20
1675
20
6771
29
20
1589
290
558
12
20
6487
46
29
348
462
4035
1242
20
4048
12
2
424
292
45
10567
46
13
348
25
1252
782
2024
3875
596
4269
596
421
25
29
1656
347
1140
301
16
25
347
28543
45
165
17582
5123
1360
10431
6122
424
20
10431
2
3829
4
847
20
9739
12
290
20
9433
46
29
348
369
53325
1310
347
850
12
38762
691
847
20
1881
29
2057
10
29
847
20
850
12
29
1664
10
2
8159
45
28538
307
46
29
348
462
4035
2
10
1242
20
1881
29
8087
20
850
12
46
13
348
1589
20
3675
4269
596
20737
25
29
1656
29
419
289
20
53375
8414
336
11549
2
25
6695
46
29
1382
20
22713
223
29
20
2501
218
45
20
2236
4
6588
12
290
558
12
596
3805
336
20
13030
12
46
29
402
880
5909
306
4971
21075
55952
20
3675
12874
4
596
421
25
23212
16
25
840
25
322
539
242
46
506
369
289
637
913
16
25
46
13
348
11978
20
13030
12
2
2108
25
20
3849
12
414
2793
25
16975
290
11978
25
2
25
289
637
12
913
16
25
48
416
19050
302
8618
5690
20
10123
20
10526
667
1299
1310
0
306
7004
25
583
8543
2276
24840
45
10005
12
46
6759
4
20
1310
306
7283
25
29
1077
419
5351
0
46
29
302
1581
12
290
20
867
28
14991
45
13238
4213
13529
20
3675
4269
596
421
25
29
1656
29
5078
24
3225
736
25
29
906
25
336
613
2828
424
289
1520
20
1824
46
13
2934
2057
20
689
12
1965
0
290
20
4252
25612
24
3675
14
23213
292
45
1305
28
46
25612
24
3675
14
13
36137
24
20
10801
406
36137
24
20
27576
29
20
14247
29
20
14185
48
29
767
24
424
20
14991
289
20
4213
29
724
25
1581
12
290
20
867
28
12115
48
29
906
302
25
4269
5997
421
25
29
1656
9286
10894
0
12430
0
289
5123
1310
29
433
59
1299
596
3805
322
1242
45
6812
45
9433
331
4838
387
20
10894
12430
0
46
29
424
290
8159
745
5
25
4269
596
421
25
29
1656
29
1179
219
44491
2162
45
7124
45
4511
25
46
13
985
1858
850
25
29
2699
289
10
290
558
221
12
424
20
2162
347
28543
0
6
25
13
348
45
443
242
624
847
20
850
12
46
13
20
13030
12
421
3
20
998
31831
26
20
11793
13
985
767
24
11865
45
39468
209
1881
347
850
12
347
5123
4511
24
1242
25
29
15124
24
421
25
20
9433
46
29
6
424
20
804
11033
292
45
12115
302
9145
306
13099
3
20
19887
46
29
55850
20
3424
306
34623
13099
3
46
29
4655
292
45
3424
306
51687
343
29
9145
20
51687
343
289
3855
20
12115
46
13
405
2665
20
1208
45
18806
295
1068
637
290
2205
302
44331
402
9380
29
744
306
1175
12
6495
12
29
20
2335
289
38369
302
2456
27016
5028
223
20
14197
1687
0
2855
20
4731
2
10
29
41650
4706
10
915
5997
3805
29
20
12323
801
332
10606
407
596
3805
29
407
5058
25
46
29
348
5836
292
45
31082
198
29
8970
24
289
20
725
20
1212
306
1208
12
20
2398
6
4220
12
20
4313
12
637
45
141
292
45
5449
53622
1526
847
20
11065
12
48
13
1562
25005
20
1310
302
2102
4706
331
2855
2
45
6812
45
4731
290
20
5589
29
20
36547
29
20
3243
29
20
3601
29
20
18744
29
539
424
46
29
20
2983
4504
218
45
3000
25
11895
2
20
837
12
336
847
20
15985
46
29
20
15014
48
416
1851
16
1827
561
5
2591
596
32687
1
545
34850
20
15556
840
25
306
1342
331
1224
16
17601
294
16
5
840
25
46
29
31212
1
29
290
1153
1
2
20
3536
2
405
20
4221
335
2855
20
4731
2
4913
10
743
20
2547
289
10
46
29
1450
2882
221
45
596
290
20
2547
46
29
22
20771
840
1
290
414
302
29
2338
338
596
3805
7422
0
38629
5007
641
1020
25
20
38629
26
2
25
306
539
2057
25
29
1012
290
387
20
6148
13
348
289
387
5399
1851
16
45
16760
209
650
12
17236
29
5399
462
31489
10
915
289
424
20
6148
48
1033
20
38629
26
20
1869
1093
2828
9579
16
5
306
1351
4221
289
25
15556
4
29
2321
4
336
4837
24683
2331
915
26270
10
29
596
20
2619
20
4911
29
419
1068
8
29
840
25
20
7224
29
20
3650
48