42441
12
20
12718
9168
218
5201
20
14689
4134
199
596
20
3520
20
6700
364
20437
16
15317
228
2
1621
45
8142
45
1719
6
596
7201
20
12718
29
8283
20
23625
48
29
10428
20
6891
29
7703
20
51589
48
29
20
3177
12
306
534
2066
20
12718
29
1096
20
18257
29
3423
20
8313
29
4994
20
18050
29
17881
20
46896
130
29
47441
20
15292
29
12463
20
44679
131
29
306
10376
29
1859
25
20
2591
28
20
5690
28
20
31573
48
1033
414
1093
34037
7008
20
561
20
1913
31416
1
596
6
891
20
2610
12
20
2073
130
29
8959
1
6
20
35060
336
20
6877
12
20
2087
130
29
20112
25314
20
1838
12
12876
16
1
130
29
37550
3269
2443
20
584
7277
16
1
130
302
576
258
840
1
6891
20
12718
20
9022
12
20452
12
2
10965
331
3882
840
25
2560
20
3494
4
20
5177
218
12
29
20
3243
20
17054
12
713
1406
25
3805
43
596
2066
20
1050
4
29
20
1155
42
29
2811
3665
25
424
2
20
42441
12
29
20
5247
12
29
20
12686
29
20
5318
29
20
5740
12
130
315
1406
25
421
25
20
998
42
348
6
596
2131
28
6971
0
290
2066
29
4298
12
29
348
25
1252
1386
10
6
11897
16
20348
4
1112
25
402
290
6555
25
5706
25
43
48
29
1674
27199
209
16
2
2006
1
2182
995
2160
0
11830
743
19867
25
7978
20
10517
28
131
29
6334
16
3862
5079
0
363
5872
915
6
20
2746
20
18446
2311
48
714
682
402
964
5532
29
1167
3565
130
29
363
402
1838
12
1568
29
15565
130
406
3538
20
7096
13099
20
6891
218
45
1674
433
545
20
7465
28
42
25361
964
20
49059
12
4257
43
406
433
1096
20
491
28
29
20
641
28
4269
596
421
25
29
1656
42
348
290
20
957
30
869
12
20
21775
363
4086
25
1793
20
2746
2
596
43
48
13
985
9051
24
2
25
462
11380
25
915
2057
20
1073
12
2
596
130
29
2885
3927
2057
20
12247
293
29
1627
2444
20
6891
306
1112
20
648
293
48
523
5
18372
59740
20
2065
2
596
2
20
2066
130
20555
20
964
322
4298
4
20
13745
13
363
532
227
421
1
289
387
20
969
2
20
2321
12
336
50259
1153
29
5216
29
20
4807
336
4706
29
3918
48
13
682
20
2936
289
1723
20
957
322
2057
25
2
1455
290
25
289
3517
25
336
539
2057
25
48
13
290
1732
20
23674
957
0
12511
45
419
45
290
1641
20
42727
28
1093
4298
246
45
23000
2
2321
4
11895
12
29
15556
4
11332
12
131
13
348
787
20
1406
289
25
9149
5054
3229
29
4240
6193
682
10510
1100
6
10
29
2542
247
130
29
682
21711
840
25
3
5
29
1538
16
5
48
29
9153
20
4318
4036
596
5872
10
985
5523
506
5523
2
331
12690
48
29
2150
377
27046
289
20
739
6193
662
12
48
20
2290
20
53988
209
994
302
20
2066
20
584
419
596
3805
218
45
302
1392
20
2066
6
539
25
10291
11460
363
1838
12
6
45
419
45
994
25
2
302
2102
2811
20
2066
2
20
782
20
491
606
20
17711
130
714
2
20
782
20
632
606
20
15014
130
714
2
20
782
20
1091
606
15014
20
15014
48
714
2275
1326
4
20
12718
20
3879
12
20
6695
12
336
15014
20
15014
29
4706
10
6
27794
6
1
606
3013
1326
4
10
302
596
3805
419
20
2066
20
1623
20
3326
130
29
606
16851
4706
10
302
25
20
2066
20
584
20
1872
1029
25
363
4024
6
25
289
25
48
1033
20
782
20
491
606
20
11889
13
20
2066
3882
336
3013
25
130
29
20
3013
681
3213
59
1111
3499
20
1557
363
5813
12
20
1310
29
48454
322
539
25
59
13
658
2560
0
2
20
837
12
29
5762
0
2
20
837
12
48
29
837
12
3013
25
336
20
6450
4
363
5813
12
48
29
4435
20
6450
4
29
1003
195
10
606
20
17711
20
10588
130
29
290
10
7059
12
20
5706
48
29
20
4221
2
20
837
12
336
20
601
20
6429
662
12
4590
59
290
10
331
363
25931
2
686
25
30
20
8869
20
9744
12
48
29
290
10
331
25931
2
686
25
29
363
25931
2
25
539
25
30
20
8869
20
13474
12
30
20
12555
29
10505
12
20
2158
985
462
1768
13842
12
48
29
290
10
331
25931
2
686
25
29
25931
2
25
3800
0
539
25
30
20
3160
29
20
4690
29
20
10801
29
20
5010
20
13842
12
48
29
20
2066
1392
6
387
20
1636
20
1091
48
408
7144
12
4281
306
331
23769
290
20
8869
306
2560
20
8869
20
6522
12
130
32128
32394
16
20
1155
29
1814
2066
20
3160
306
20
1155
29
2066
20
10801
306
20
8219
29
20
9332
48
29
7144
12
4281
306
686
405
20
8869
20
7238
12
6
302
10
3800
0
289
686
10
17931
12
48
29
306
20
3248
12
13
20
2066
2556
12
3269
25931
2
686
25
29
25931
2
25
539
25
30
20
3160
48
387
599
25
29
1838
16
25
2
20
782
20
491
48
1640
45
141
196
45
331
369
964
20
2066
29
2108
25
419
20
3013
6
20
6450
130
29
369
20
6450
6839
0
306
965
20
2066
29
306
965
20
1357
20
10163
211
12
3800
0
59
1111
20
2066
419
20
2560
20
6571
131
29
682
1557
290
20
12718
2560
0
289
584
20
32911
29
363
6571
0
48
1093
18605
20
2108
20
10163
211
12
29
20
2066
20
2560
289
1348
25
5252
0
363
538
290
25
6
20
6450
714
17147
421
25
289
302
20
2108
20
10163
211
12
443
20
11931
12
29
13103
20
6450
48
29
1033
20
2066
13
682
2
11931
29
363
2
25
20
6450
130
406
606
25
20
6450
48
13
369
1392
20
2066
2
20
2066
20
10163
211
17734
290
25
2
20
2066
20
30340
48
29
2268
24
4516
20
2066
306
2066
20
1357
20
30340
12
13
433
24
289
20
42395
348
2066
1357
25
4504
130
29
289
20
21303
200
348
25
4504
2066
5706
25
130
29
289
20
13387
348
25
1093
2066
20
5706
130
29
289
20
11731
348
25
4956
2066
20
5706
29
18314
25
130
29
348
20
45270
2150
941
16
10
20
970
12
406
26
20
11731
29
1968
20
1357
17483
12
2
10
6
2135
2691
20
1357
48
29
1033
20
12012
13
12543
2691
20
1357
29
13615
2066
25
130
583
348
32016
12
20
1008
336
20
12012
20
7238
130
406
336
2066
20
3160
32239
2066
20
1357
29
56804
198
25
506
17506
1659
20
4504
289
5790
20
1601
48
1093
2219
16
2
387
302
20
2108
20
10163
211
18822
16090
130
29
302
25
462
18822
16090
130
29
302
25
462
369
2
387
20
4516
1012
48
29
387
419
20
782
20
632
29
419
782
20
15014
48
1640
45
141
250
29603
302
2066
5706
20
1357
26634
2
2665
20
17943
59
13
348
25
25931
539
25
29
363
25931
686
25
130
29
363
25931
331
414
290
25
130
29
363
25931
331
419
2456
6971
48
29
25931
290
20
4221
2560
10
743
5762
10
131
29
25931
290
20
1869
4
545
10
743
402
10
48
29
25931
4221
14104
12
29
363
25931
331
363
1181
12
6
25
48
29
35084
245
730
0
289
23116
25
59
13
2627
20
594
1693
0
29
20
1758
1908
0
29
20
8087
6542
0
29
20
6542
8087
0
48
13
405
2131
21428
363
19812
20
1357
20
2560
12
48
13
348
369
289
20
7978
1357
20555
12
322
405
20
21428
402
10
13
9119
4144
1081
419
1012
1577
20
2066
319
363
48
29
29990
302
289
1950
20
1310
1357
0
405
852
12
4208
10
29
443
335
5263
322
10
7144
12
2
20
2983
29
7144
12
2
20
2108
29
7144
12
2
20
686
20
1769
48
11197
322
1
20
2556
4
13
348
10
985
3927
16
25479
16
606
4504
20
12876
12
3927
12
20
6849
48
47762
338
2
25
20
2811
377
6537
2
25
20
11257
322
20
1739
20
11580
29
322
20
43049
12
29
322
20
10749
48
29
6
3335
25
42
2983
0
43
1672
12
6
20
2229
289
20
22772
13
4667
59
20
2983
1012
2
302
4453
16090
290
20
1357
20
2560
12
6
1299
12
971
25
322
20
21428
20
2131
29
419
302
20
1357
363
19478
686
10
130
29
20
2983
5121
539
25
29
5121
852
4
686
25
59
1111
5121
686
25
687
0
29
2188
0
59
29
5121
957
686
25
29
5121
957
25
2
957
686
25
29
957
25
2
957
25
2
957
686
25
336
539
1181
12
48
29
405
11065
12
363
20384
6
331
5121
2
1000
12
20
8869
48
29
2456
964
13666
4240
25
48
29
20
632
302
20
1357
363
19478
331
414
290
10
29
363
331
2163
290
10
2163
0
8825
0
59
29
20
2983
30553
606
25
20
1908
29
20
1758
59
34359
289
563
2273
25
336
1623
20
1050
4
6674
0
130
29
11086
289
2478
12
336
20096
20
1155
28
5732
0
48
406
985
584
16
20
4706
5532
302
25
20555
322
302
18385
2
5790
4
2534
25
6849
20
2163
29
20
414
377
6068
407
20
8869
130
13
348
25
19426
290
2066
596
3805
130
29
363
11980
20
19426
322
11984
12
130
29
348
369
363
16459
5
336
6877
12
20
4935
12
48
29
387
1963
2520
1
6
20
28621
6
964
1406
25
421
25
20
998
42
348
596
3045
8590
306
947
16
25
43
13
6
1148
5476
20
4137
289
25
1100
48
20
1091
302
20
1357
363
8748
331
2456
20
8561
130
29
20
2983
10854
289
20
8233
29
20
6886
29
331
2456
8561
20
1050
4
130
29
289
20
10663
20
1623
29
20
31575
20
12481
30
3000
25
289
687
25
20
560
29
1067
16
25
20
1908
12
14892
13802
25
20
560
48
406
20
4706
402
10
363
52376
322
20
2983
48
29
1033
6971
20
2983
527
20271
13
290
686
25
6
686
25
2
804
852
4
443
2261
12
6
25
20101
6971
20
1357
290
686
25
606
796
328
269
20
45270
48
29
22
2275
387
289
20
2290
20
1091
290
20
1058
48
20
1604
302
20
1357
8748
290
20
4221
2560
10
29
4751
10
20
1623
743
5762
10
131
406
17022
10
29
947
10
743
4706
10
48
29
20
2983
39034
336
30737
20
4221
29
6891
10
29
5121
4706
10
29
5590
10
130
29
48186
804
10
29
518
16
10
29
2303
16
10
29
970
16
10
130
29
302
10
290
3045
130
29
1562
3045
130
29
462
3045
130
29
290
990
2811
1127
29
6512
130
29
306
446
2153
12
289
20
965
5085
130
29
331
665
16
25
336
9056
10
29
331
665
16
10
336
6337
11291
4
25
130
336
2797
646
13666
4240
10
4342
20
21078
289
10
1012
48
20
1931
302
20
1357
19478
545
20
1869
4
1111
20403
322
630
20
6495
4
29
322
730
290
20
20917
4
59
1111
363
8748
20
2839
29
20
11626
29
20
44300
29
20
3558
12
29
20
8641
12
29
20
1601
20
11931
12
59
14892
565
12
20
2934
29
20
5706
29
20
2604
29
20
9435
130
406
20
852
4
20
5762
12
20
24078
12
30
20
2756
29
20
6163
29
20
6389
29
20
4966
29
20
1110
29
20
12509
12
29
20
7716
29
20
13737
12
29
20
971
12
29
20
3714
12
29
20
957
336
539
424
290
1869
4
363
17268
29
363
1992
131
13
419
4569
20
874
11895
20
8666
363
2759
12
51486
12
20
4356
29
20
3515
29
7
561
220
20
1869
4
59
13
348
20
8869
289
2335
10
561
220
4590
20
1869
4
130
29
20
4356
29
20
3515
290
561
220
5384
10
48
13
20
1869
4
402
10
874
20
2983
131
1111
5121
405
20
1869
4
335
581
8
10
29
331
462
10980
10
130
29
419
20
611
59
9820
7029
289
630
10
18054
14
421
10
970
0
7437
0
3816
0
48
13
20
6891
20
5762
12
606
25
2560
12
130
29
20
6849
20
8447
12
606
25
5766
12
48
13
290
3022
6
20
1357
20
2560
12
24320
4
25
29
16022
16
25
289
4542
1392
20
2066
3395
348
10
2066
2
20
837
12
336
539
10
523
10
4298
12
2
20
837
12
840
25
48
406
443
15271
290
17715
25
6910
25
2
561
220
16111
25
29
443
5676
12
20
4356
29
20
3515
6
5905
336
2234
16
25
3243
10
13
5602
289
10
2
331
11914
25
1548
25
20
14482
29
970
25
20
5911
48
29
20
10588
20
1240
17715
25
48
29
6
25
289
20
5762
17715
6408
10
290
5944
29
11739
29
1538
29
935
29
2444
131
29
2456
3
797
29
2826
25541
12
6
25
289
687
25
20
560
34238
403
469
29
10854
289
3
16791
8912
20
880
3811
25
406
5492
48
29
4240
424
13666
48
29
416
935
8
25
289
1058
42
32827
20
1950
43
290
1058
20
6086
48
20
2436
312
20
1357
52865
609
331
42095
12
6
25
130
29975
31249
10
19478
852
4
20
8869
29
20
8869
27116
5028
48684
3852
45156
48
29
20
2983
5121
20
1190
4
130
29
20
1190
4
16343
5028
312
846
14104
25
48
3047
985
5401
20
2358
20
6766
223
13
363
658
20
58362
1183
20
4234
606
25
915
14104
0
48
523
289
565
16
25
6450
331
42095
12
6
25
48
29
4240
424
13666
48
13
348
1510
16
6
25
3191
0
12029
25
290
20
5766
4
130
13
348
25
5121
20
3788
29
363
1181
12
6
10
131
406
5121
4474
498
4
20
7107
29
20
662
12
29
6337
20
3788
29
363
11619
6
10
1181
12
48
29
5121
2665
0
290
20
665
407
20
3788
363
11619
20
391
2907
421
10
59
406
5121
957
25
2
20
14264
29
957
25
2
957
25
2
20
1557
130
29
957
25
2
957
25
2
957
25
48
13
10327
25
289
387
20
826
363
5153
606
1181
12
48
20
1953
302
20
1357
19478
20
594
1693
0
130
13
3489
20
3160
289
4682
30107
29
20
12555
289
947
15052
27526
12
306
5435
7050
48
29
20
2983
5121
302
20
12555
29
20
3160
1157
290
20
1155
9492
0
5005
12
131
29
20
1357
3489
20
12555
8087
12
130
406
3489
20
1442
407
745
5
25
8087
0
130
29
3489
20
5280
8087
0
289
4682
25
130
29
20
2983
5121
302
20
5280
6542
289
20
12918
29
20
4900
306
20
5074
130
29
20
1442
6542
1541
0
130
29
20
12555
8329
289
402
2478
17732
0
730
12
506
433
4269
596
421
25
29
1656
6
13253
421
25
20
998
59
42
13248
16
20
3160
43
13
433
363
59
3047
433
1562
433
42
731
1457
16
363
336
302
1457
16
3047
130
59
416
2524
2027
12
12951
12
501
12
43
48
29
2665
12872
20
5706
730
12
130
29
20
2983
20555
322
10
48
13
348
1457
16
59
4342
20
14197
35084
245
26
289
1008
3
13
12545
302
289
3
5944
4
29
11628
0
29
5138
4
10006
26
3121
10
3121
20
2983
131
13
20
12872
6695
840
10
48
29
416
4240
8
24688
10
289
1058
42
8059
20
957
43
29
1058
42
13175
20
1008
43
48
13
1033
20
2983
985
16141
322
38781
12
20
11739
29
20
5944
462
11619
302
35084
245
131
406
2699
20
4221
306
331
443
421
25
130
29
289
12462
25
16293
3459
48
29
2150
8724
16141
25
322
405
20
29089
414
20
2793
130
29
606
424
27794
20
7210
29
36322
20
6891
29
14131
402
578
331
822
290
1866
347
449
4384
0
131
29
8075
1058
0
363
6398
1693
12
29
363
594
12
915
33077
10
130
29
606
25
5191
130
13
1386
8
322
1
7210
1
13
5706
1
20
437
3781
48
29
2150
20
7210
7210
20
5944
29
20
11739
29
539
7
131
29
606
25
1260
20
26942
2
11628
25
29
5138
4
25
20
6373
12
29
5944
4
25
20
7339
12
43
919
8
26914
8
29
2934
8
13
15539
8
5703
1191
0
42
20
3494
12
48
1093
2219
16
2
387
302
20
1357
1012
1577
20
2066
290
20
2066
20
2082
130
714
2219
16
302
20
2983
1012
1577
20
2066
290
20
1357
48
406
407
7
290
20
10148
331
9973
315
25
302
5191
348
25
1012
406
20
584
302
25
20
4078
6
20
1392
743
25
48
1640
45
141
2152
199
302
20
6060
29
348
369
16
30340
12
130
13
682
16
20
30340
4
402
10
606
10
306
6558
12
826
12
130
406
545
10
658
606
10
30
302
25
3142
30
20
2358
20
3368
12
713
957
25
2
302
20
1557
20
826
363
658
2003
0
1853
0
29
363
658
1869
0
13756
0
130
29
20
1406
20
826
363
658
30986
29
6461
0
130
29
302
20
970
985
6688
6
20
1557
4681
25
6688
6
713
25
130
29
302
20
6097
985
369
1869
0
369
20
21303
2781
20
965
59
13
985
2211
20
11731
1093
2211
20
3507
130
29
985
2211
20
1310
1093
2211
20
3885
48
29
1033
3100
25
13
363
7062
289
20
2983
130
1111
363
7062
290
965
20
3507
965
20
11731
29
363
290
965
20
3885
965
6
1310
336
539
424
290
20
1578
20
3368
12
289
20
2781
4
29
20
1812
4
29
20
6050
4
48
29
290
10
331
363
17666
20
2983
289
402
637
985
1046
421
25
406
2795
336
302
16146
11270
246
25
29
746
425
26490
25
29
21493
421
25
2
20
10111
30
20
3674
4
48
29
2150
21493
25
2288
20
970
12
130
13
606
16003
2066
20
970
12
13515
20
2983
30340
0
2
20
1330
414
302
369
30340
0
2
20
565
12
48
29
6664
20
970
12
2288
596
3805
48
29
290
3248
12
2288
25
20
3424
560
12
130
13
846
1770
12
3494
4
20
3424
606
1357
20
2983
1770
12
2066
20
3160
606
20
1357
20
2560
12
1111
2
25
697
20
23116
48
13
2
20
20611
302
4453
20
3424
16090
506
4453
2066
20
3160
16090
13
3191
20
3424
2066
20
3160
29
3191
20
2983
2066
20
1357
48
29
2
387
11398
2811
1406
25
59
43
13
3949
24
2
596
29
3875
25
29
20
2066
377
12166
8
43
130
29
1406
25
59
42
416
1075
14
11647
290
919
14
29
12166
8
840
14
16090
4691
0
42
48
10523
12
405
20
1640
45
141
1503
228
2628
16
290
387
302
20
1357
1357
23
59
2560
12
29
5762
12
59
13
20
2560
12
290
687
20
601
29
20
2232
12
130
29
20
5762
12
290
687
641
29
419
687
20
31575
48
29
6
402
1357
290
20
1357
28
3160
29
2066
606
25
18284
1270
12
20
23116
8759
7
2560
12
29
20
660
5762
12
131
29
20
2560
12
290
687
20
2232
12
29
443
20
3160
20
20917
12
48
29
20
5762
12
290
687
20
31575
29
419
20
3424
29
1528
596
3805
20
1770
12
48
29
2885
19160
6
1
387
16851
0
3663
0
1093
22310
6
1
491
1675
290
3725
20
31575
48
29
289
387
20
687
15985
4896
211
2
20
837
12
840
10
687
20
2232
12
48
29
348
462
10545
336
387
20
687
130
29
13320
2
25
20
5663
289
23423
687
20
2232
12
13
419
2
16800
12
414
130
10672
322
11065
12
20
1769
12
131
406
19113
290
20
43049
12
1111
462
20273
20
43049
12
2
8942
12
20
2463
336
387
20
687
48
29
6
424
433
596
3805
59
42
5497
30
20
25129
406
332
19113
43
48
29
7588
302
20
2232
12
2
20
837
12
336
687
20
31575
30
20
12910
2
20
837
12
336
20
5501
130
29
30
20
947
12
29
20
12030
2
20
837
12
336
20
2108
130
29
30
20
4298
12
2
20
837
12
336
20
2066
130
30
20
41301
2
20
837
12
336
20
11269
48
29
6
424
4453
687
20
31575
20
687
20
6419
29
20
687
20
9112
29
20
687
20
38107
48
29
289
1163
16
25
20
11987
29
20
20783
29
20
4298
340
48
29
363
17762
1412
21218
2
20
687
20
6419
20
1050
4
13
348
10
11269
29
2246
289
584
687
20
2232
12
29
20
601
130
29
2562
289
6450
25
20
36819
48
29
1033
20
459
13
363
5872
6
25
1675
20
31575
29
363
13515
31575
209
0
915
29
24925
289
584
25
20
1155
539
20
1155
29
20
1050
4
13
13515
402
1004
999
20
601
29
20
5944
1155
25
29
290
3248
12
20
1050
4
130
29
402
331
2642
322
20
601
13
56774
25
29
387
419
20
25027
20
491
6
402
19570
18412
2192
25
336
2163
20
2234
12
20
49059
12
48
13
20
1310
7998
336
6550
20
40051
28
130
29
290
25
3161
995
336
20
687
20
1623
48
29
1033
20
13030
12
13
348
3
3248
12
687
20
31575
16619
26
289
2234
12
20
25363
130
29
290
10
6949
26
336
20
687
20
6550
48
29
6
424
433
421
25
20
998
42
348
596
3045
20
3045
289
4298
12
714
38703
421
3
290
2066
25
43
29
433
59
42
348
6
596
13030
12
419
7588
2
811
20
1255
290
3
43
29
20
12323
985
1130
25027
3
20
2213
20
3326
29
30800
24
290
25
336
20
41301
29
1008
24
290
2246
336
999
5960
24
3800
0
306
4318
20
5058
29
4536
24
306
3248
12
290
2358
20
8106
59
1111
290
369
289
687
20
31575
369
606
596
3805
47
43
29
606
25
43349
20
8106
42
446
290
606
25
14960
1801
20
1869
4
289
687
20
2232
12
131
29
687
20
2232
12
2886
290
2506
424
20
687
130
2931
290
25
8666
20
1442
2
20
837
12
336
20
804
48
29
9153
1996
12
20
7495
4
363
3389
915
290
20
1801
130
29
6
424
369
687
20
2232
12
3191
0
6
687
20
31575
506
22
2281
289
994
20
42441
12
29
20
12686
29
20
5740
12
59
6
302
20
7495
363
11980
322
12476
12
20
804
29
11984
16
25
1293
0
290
20
11984
12
306
2163
347
306
414
48
29
387
6
302
6
25
9583
0
4320
0
29
290
5960
306
26648
1838
16
25
19160
6
25
4706
5234
12
20
3424
306
6298
48
1640
12
8960
336
1838
12
20
2066
246
45
4667
348
369
331
25931
686
25
29
539
25
1012
1577
20
2066
130
13
348
369
290
3248
12
331
25931
2
25
539
25
3800
0
315
302
25
25931
686
25
29
539
25
130
13
419
1012
130
1577
20
2066
290
377
363
4687
289
539
25
2335
0
130
406
2
20
1362
302
4453
10801
0
5283
0
6
8271
12718
25
306
539
25
48
29
405
20
11065
12
3389
6
20
2108
20
11848
20
7594
1111
23202
2
3551
16
25
2665
20
7011
306
20
46683
48
29
2
387
11398
2811
4625
12
596
534
0
421
25
20
998
10801
0
5283
0
48
29
20
12323
402
3
27576
130
29
1198
20
2746
48
29
523
20
10148
407
3
363
29097
48
1640
45
141
250
640
369
20
8112
2
377
20814
290
25
2066
20
23116
302
4453
10801
0
5283
0
13
377
43294
290
25
20
10801
289
686
25
4237
2
302
44336
322
25
2
20
2158
48
29
405
20
27576
20
4068
12
2150
5243
4134
289
2335
10
290
12718
6419
12
48
13
20
2108
20
11848
20
7594
8708
5318
25
3956
7370
29
1252
462
8865
220
25
2158
48
29
523
2150
13515
16090
306
2066
985
344
16
25
20
2158
48
29
2
20
20611
302
658
17933
20
5590
20
4068
12
443
20
2108
20
9022
12
20
6419
12
335
1790
10
421
29
1487
2809
6903
596
322
7
13
433
0
59
42
348
6
596
880
0
43
6
25
2131
26
936
1112
289
402
1112
2131
26
936
4950
22297
596
2
630
10
43
29
419
377
13290
2
20
13030
12
402
3
13
5781
437
20
1420
12
43
437
1585
20
2108
29
20
13030
12
7737
42
13
443
985
1841
16
290
527
43294
290
10
20
27576
20
4068
12
462
1972
6
10
3191
915
20
2158
130
29
424
363
46015
915
290
831
20
6144
48
1640
45
141
292
45
12718
20
9285
12
335
5243
4134
290
10
20
12718
20
4068
12
348
369
6
10
2744
2
527
43294
545
10
290
545
130
13
20
3823
290
20
14647
20
491
1012
1577
20
2066
6
302
25
1623
6194
12
48
29
3191
2744
25
289
687
20
2232
12
363
8748
25
915
2
302
6068
2691
20
4690
1004
0
289
2362
12
1555
1169
0
306
9472
12
26246
12
306
8219
130
29
26496
0
290
10
336
8219
641
289
1163
16
10
714
11407
0
290
25
336
20
1155
2
527
12993
297
20
1155
48
13
2838
3305
302
331
306
20
1155
290
20
2066
1187
6
331
306
20
8219
29
331
306
20
8219
1187
6
331
306
20
9472
12
130
29
331
306
20
9472
12
1187
6
331
289
20
4690
130
29
331
289
20
4690
1187
6
331
289
20
3160
59
1111
290
10
36625
20
2066
306
20
4690
48
29
405
20
12718
20
952
12
2153
12
545
10
1623
29
4436
290
545
130
29
6
402
826
3770
1190
29
1326
12
560
12
363
53177
48
13
12545
302
25
416
19160
6
13244
20
39965
302
20
12718
20
31575
209
12
2150
2211
16
306
2744
1198
130
29
302
20
4891
419
20
3823
336
20
2066
20
3326
48
13
363
8949
302
846
6194
12
19331
362
2246
6194
12
13253
130
29
302
289
3
20
3823
6
2163
1326
16
25
290
2234
12
20
49059
12
335
443
14647
20
12718
402
10
130
29
302
289
3
20
3545
130
29
407
7
1326
4
43066
306
20
4804
48
29
2150
20
1190
3927
16
3
29
2744
3
289
3770
4
3
29
2786
3
130
29
302
3
506
1790
24
2
25
2777
3
1111
433
24
59
43
29
348
0
6
1267
20
17350
26
48
29
348
0
6
1267
20
14963
26
42
48
1640
45
141
250
640
2219
16
302
20
12718
6
10
2744
13
12545
302
25
363
48844
1550
336
539
1181
12
130
406
17548
336
14647
491
419
20
2066
6
6210
16
25
29
2
1069
25
130
682
2281
25
2066
290
539
25
130
29
290
25
22344
20
12718
402
10
306
2744
10
48
13
10775
1100
1392
20
2066
17734
29
1012
2
20
17931
20
4487
297
2066
25
290
539
25
130
347
2
20
9240
289
1069
25
20
5283
6
402
331
6408
25
13
331
606
5
302
25
13344
421
1
20
584
289
25
48
29
2
25
6466
302
1392
20
2066
17734
2
20
2066
20
3326
20
1623
377
363
2066
2246
25
130
29
290
25
11086
20
2066
336
539
25
48
1838
45
141
374
3871
29
363
56303
348
1392
20
2066
306
539
20
2066
20
491
10291
11460
59
1111
402
331
6408
25
985
1841
1069
25
13
419
289
1069
25
290
527
1069
25
363
2066
6
25
59
406
38107
16
25
15325
12
290
539
25
29
363
8852
6
38107
16
25
20
15325
247
2
686
10
130
406
2
539
10
48
29
665
12
20
15325
336
20
4487
297
10291
11460
48
19620
1665
302
290
14154
10172
0
29
10480
0
29
3093
0
29
27576
0
130
29
6512
25
289
20
739
377
41569
25
20
7570
211
130
29
306
20
599
377
2660
25
130
7257
2
20
1838
12
347
2
20
10291
63
29
302
20
7570
211
419
20
7257
347
20
4487
297
63
3395
130
406
20
4487
297
5808
289
686
25
506
369
48
29
2150
20
7257
419
20
7570
211
377
290
25
20
9428
12
29
20
3828
130
29
840
25
20
8461
29
20
9608
48
13
3966
20
2066
20
584
419
377
2
745
25
20
3045
29
20
681
130
29
290
25
20
8913
12
491
0
29
20
32016
12
632
0
48
13
363
521
12
6
578
315
25
289
1838
12
387
20
1392
29
363
289
4542
25
915
290
527
10492
25
2
25
29
26028
421
25
2
4625
16
25
8733
20
4000
306
6714
985
11270
25
1281
0
714
2530
25
4000
0
48
29
985
19160
6
20
459
20
1838
12
957
302
25
29
1281
25
6
4000
25
306
20
11808
363
4024
6
25
289
25
2335
0
29
3886
210
12
48
2885
2219
16
302
20
2066
5901
336
20
3013
56029
250
6234
29
12006
25
130
13
12545
302
25
363
4298
12
5492
290
22871
20
770
59
6
302
20
9744
18822
9744
0
6
302
25
682
6
20
23116
840
25
1361
130
1111
682
13515
1869
0
6
20
12876
315
302
25
1869
289
686
25
48
13
377
682
1869
0
363
6
539
25
29
363
6
686
25
1562
363
4896
302
658
419
20
2303
12
289
20
4298
12
29
289
1163
16
25
20
965
13
419
20
2066
59
13
348
20
1557
331
462
3499
289
1069
25
363
3499
6
539
25
48
29
20
965
14927
336
331
6
20
1557
290
1069
25
29
336
1281
25
290
539
25
48
29
331
6
25
20
965
290
539
25
13
965
25
15325
363
8852
6
25
2
686
25
48
406
985
1841
1069
25
290
527
1069
25
13
419
770
11460
48
29
2150
419
1869
290
527
665
16
25
336
539
25
130
29
424
682
2
965
1872
506
2219
16
289
3191
14154
12
20
9332
29
20
7257
48
13
20
1869
20
584
419
596
3805
130
506
302
20
2066
20
584
419
596
3805
48
1838
12
20
4706
478
1600
14853
20
7465
26
290
23423
20
10291
336
1167
314
20
1838
12
130
29
12184
24
25027
3
59940
24
2
20
2486
12
20
6609
209
12
302
682
289
20
965
915
596
3805
130
29
302
43
402
1557
19987
915
1112
25
42
363
302
25
13515
19987
0
289
739
290
20
4601
130
406
419
19987
18888
0
29
2280
0
363
11619
915
1198
130
13
348
402
1557
6408
25
985
1841
1069
25
290
527
1069
25
13
419
770
11460
131
29
985
1841
290
20
1112
377
11838
840
25
20
965
290
20
491
20
584
7360
1869
0
363
289
1069
25
523
290
20
1112
377
4135
49075
25
13
658
20
1869
1112
596
3805
1116
48
13
6
402
1557
1112
23
59
1112
336
686
25
29
1112
336
919
25
131
13
3966
363
1869
915
596
3805
29
1112
25
48
13
3966
402
1557
19987
915
1112
25
18888
0
29
2280
0
48
29
462
13313
1807
336
437
20
1420
12
6
7057
24
5406
20
9006
3805
43
6
290
20
880
20
437
6
596
20
826
20
46896
42
406
387
20
5406
363
21853
2934
3
3883
0
48
29
462
6976
24
290
2811
1406
25
42
596
1157
43
302
25
1157
290
539
25
130
58362
200
6
596
130
1111
682
289
20
965
315
25
539
25
583
658
1157
290
25
131
406
8536
6
539
25
6194
12
20
7570
12
130
406
6194
12
20
9434
12
48
406
682
6
539
25
965
915
290
20
1112
377
4135
25
48
13
20
1869
1112
25
1116
48
29
5813
302
5191
348
25
1157
290
1112
25
48
406
8305
10
302
25
1157
290
302
5191
6
25
1157
2
2811
20
837
12
29
20
34749
12
130
29
1157
290
302
5121
539
25
26648
37245
25
130
3675
0
369
347
880
0
48
406
363
2102
596
26648
1996
16
25
915
596
48
406
402
2082
1004
289
807
12
20
7465
29
28548
25
1571
0
331
130
29
424
36844
20
4799
29
20
18185
48
29
387
6
25
787
935
8
25
289
1058
42
20
12912
20
36918
247
43
289
6849
2469
596
20
6010
43
48
2321
45
141
292
45
7465
26
47
414
20
35060
336
5233
20
1838
12
47
4251
24
306
302
3
462
802
24
289
20
965
915
20
826
20
584
48
523
290
3
290
369
6
25
405
20
637
11331
0
1595
0
130
29
290
3
290
2250
6
25
424
637
0
39162
0
48
29
15909
16
322
3
20
3927
12
2
20
1178
12
29
8104
24
2
20
34874
12
20
11460
12
29
31777
209
16
289
10
6060
3
13
2250
24
30
20
428
4106
210
28
289
25
29
462
8615
289
3
16418
363
6
935
539
596
29
363
6
935
2777
3
3800
0
48
13
462
1972
606
3
915
596
130
13
3144
24
3144
0
1382
743
25
2162
6060
3
130
13
433
578
3
42
1412
20
584
43
29
433
20
641
42
46138
331
6664
1104
5
43
29
433
641
42
331
289
20
1627
12
915
596
43
29
2288
20
8120
289
637
20
3144
48850
29
363
16283
48
13
2026
6643
322
3
3144
3
29
1340
24
336
2162
20
2983
377
419
7450
596
289
1155
25
130
2219
24
302
424
462
1972
1838
12
20
707
406
3185
20
707
713
1406
20
10011
289
637
10592
7716
25
42
1412
290
44955
29
290
44955
1412
43
29
363
8949
302
17222
20
1310
9472
12
49356
289
10
29
462
802
20
9472
12
551
130
289
5627
302
20
947
12
335
13854
10
443
947
12
20
9472
12
702
12
2
10
130
29
2627
20
12110
289
20
5247
289
5627
302
20
12110
3507
20
5247
48
29
985
2250
424
606
25
9396
0
29
17926
289
25
822
25
38285
29
433
59
1070
20
5247
15775
16
20
12110
246
45
10347
0
13
23688
196
20
681
246
45
30769
12110
29
363
20050
218
45
30
7461
20050
29
363
12110
218
45
1529
407
302
1260
59
20
12110
20050
130
29
407
302
1260
59
30
302
25
20050
48
29
405
20
637
12
985
9524
16
4434
16
2
20
837
12
336
1242
20
637
12
42
13823
43
406
42
13823
20
13823
43
59
6
302
25
3683
322
686
25
29
3683
322
49884
25
130
13
348
25
682
4035
2
686
25
289
847
20
637
29
363
26105
3755
25
2
686
25
48
29
1252
2024
2
770
3755
25
2
686
25
6
369
416
2024
2
686
25
48
29
6752
405
20
637
12
2
20
837
12
336
20
30817
2
25
2
4950
20
10291
707
0
347
2
4950
20
1838
12
4481
0
48
29
2456
405
20
4706
3800
0
6891
13666
20
4137
289
10
48
9020
45
141
26921
196
1
25924
302
2275
1112
837
12
2066
25
336
20
1050
4
29
20
1155
130
406
1112
1348
25
289
1069
25
2066
20
1050
4
29
20
1155
130
13
363
3933
302
13344
424
421
1
414
302
2219
16
302
25
20
2066
29
363
2066
6408
25
29
302
25
402
20
12718
130
29
302
25
20
2066
20
1178
130
6
302
20
2066
2556
12
3269
27794
2
25
20
4221
130
29
1623
290
25
331
27794
2
25
29
6
25
130
29
1623
290
25
331
27794
2
25
29
6
25
29
290
25
130
29
302
20
1872
290
25
331
27794
2
25
29
6
25
130
29
1623
290
25
331
27794
2
25
29
6
25
29
290
25
130
29
302
20
1872
290
25
331
27794
2
25
29
6
25
29
290
25
29
682
2246
25
2066
290
25
16897
25
29
21453
301
25
59
406
424
6
25
289
1069
25
290
1069
25
6
6210
16
25
363
290
539
25
48
714
2219
16
302
387
1023
18129
2
25
915
20
2066
20
491
48
714
2219
16
302
20
1050
4
29
20
1155
15048
12
16090
290
2620
16
5
20
2066
59
27853
20
6695
336
20
5706
29
20
12876
12
59
446
336
20
601
29
20
2983
48
1033
20
20061
13
331
9826
25
289
20
1050
4
290
20
12555
29
20
3160
29
20
4690
130
29
331
9826
25
289
20
1155
290
20
5514
12
20
30763
12
306
402
331
306
20
1155
583
1624
16
2
25
20
4356
20
916
12
1237
0
289
20
3397
130
29
306
402
637
289
20
3885
4
29
20
6732
29
8863
20
1869
4
48
29
20610
0
10
462
1972
6
20
4356
3013
130
406
965
48
714
6337
331
3499
6
20
601
290
20
3515
29
20
17757
5121
4697
0
6
20
4356
29
363
11619
6450
10
915
2
3551
16
10
48
29
1033
20
12718
20
5137
12
20
4226
12
13
20
687
20
1623
15048
2
10
130
29
443
12732
20
13030
12
130
29
20
687
20
6550
15048
2
10
29
443
20
913
12
20
8383
12
714
20
1769
12
48
29
2
20
2066
20
1769
20
11987
1624
856
687
20
41301
506
2
20
2066
20
1771
1624
856
687
20
11269
48
29
419
20
2811
2
1406
25
43
7754
14
290
20
1155
29
41044
14
289
10
42
29
433
3805
59
43
19280
41916
55382
289
20
1155
42
29
433
59
43
29
2651
14
17104
20
1155
42
130
29
433
59
43
348
5
30162
289
20
1155
2765
12
42
48
13
985
42
2219
16
387
2219
16
302
20
687
2
1047
25
15048
2
20
12718
20
2560
12
20
6429
12
29
20
5762
12
20
5137
12
130
714
2219
16
302
20
11987
12
7201
12
545
10
290
545
8271
20
2066
290
20
10801
29
302
20
10801
419
20
2108
20
7594
20
11848
130
29
302
20
5590
20
7594
12
20
11848
12
17933
12
290
20
5590
20
6419
12
16897
20
10801
290
20
2066
131
29
302
20
6419
4
545
10
17933
12
290
20
545
130
29
302
2744
10
2744
3770
4
48
714
14853
3248
16
10
336
2066
20
12718
29
11544
10
29
14647
10
20
491
131
29
302
424
419
596
3805
1029
25
363
4024
6
25
130
29
302
6337
20
12718
15325
12
130
29
2150
20
1872
2066
25
1116
131
29
302
20
402
2066
25
130
406
419
20
402
130
406
363
2545
12
6
539
25
915
2
20
10291
48
13
3966
363
2066
915
2066
25
130
29
6337
20
12718
12718
290
377
4135
25
363
290
1069
25
48
4668
25
402
4466
1112
840
25
29
2990
7764
25
59
43
13
10351
5865
24
13
714
1112
596
42
13
3966
363
4267
1793
419
59
13
348
20
4267
2556
12
3269
20
1112
21262
25
974
25
2
20
5058
12
29
20
38144
223
59
14892
5038
20
4318
13
348
10
20
12718
48
406
506
363
4267
915
419
130
13
363
419
915
419
59
6
302
42
419
43
2556
12
3269
840
25
2321
12
17330
369
130
29
363
2321
12
915
840
25
48
406
402
331
6023
16
840
25
13
419
2
20
1838
12
2321
12
421
25
29
348
15
16
363
2275
25
2838
6
13149
16
1
322
1838
12
20
4706
335
935
8
10
48
29
363
2321
247
336
2066
20
3160
406
336
20
3160
48
13
402
331
289
20
965
13
665
16
25
840
25
289
2560
20
3191
30
665
12
20
2066
336
20
3160
48
13
3966
42
363
4267
915
596
43
4481
20
17711
130
166
42
363
4267
915
419
43
4481
20
15014
130
6
302
387
7915
29
6097
29
17626
29
17734
29
12844
29
6481
2
1242
25
289
20
34874
12
20
11460
12
29
20
30589
12
20
2147
12
48
29
11032
25027
20
46683
1067
12
20
34874
12
48
29
682
2456
424
12357
5
59
1111
20
6312
363
11619
915
2
3927
12
59
13
348
25
1293
837
12
9149
331
290
25
20
5423
29
331
840
25
20
5423
48
29
985
2642
16
20
3927
12
584
16
20
1029
12
29
2569
16
20
837
4
29
15798
16
20
2321
4
29
462
8615
11269
29
41301
29
18470
29
3614
59
29
12000
20
6312
13
12000
20
35060
48
13
682
2456
20
1623
11269
130
29
363
315
20
1029
12
3927
12
130
29
363
315
20297
20
3927
12
35060
130
13
348
369
290
2631
637
48
13
20
5687
336
5233
20
4118
59
14892
2
20
2743
290
11269
336
41301
6
302
20
1623
6
25
6550
29
682
6
25
1623
48
13
405
443
2303
12
20
2303
4
29
11032
20
891
4
59
4086
25
290
4086
25
29
11380
25
290
13485
25
48
29
419
290
20
957
377
419
30
869
12
20
21775
377
363
4086
25
915
20
2746
2
596
48
13
985
9051
24
2
25
462
11380
25
915
2057
20
1073
12
2
596
48
29
363
8949
302
433
20
2746
348
20
5687
336
20
5233
20
4118
419
5687
880
59
1093
19758
20
2746
331
419
5617
290
25
131
1111
433
387
20
30817
2
20
34874
12
3800
0
6
25
5687
336
20
5233
20
4118
59
13
348
50
424
419
5687
25
336
4382
20
10588
347
6777
20
1121
48
29
840
25
20
2321
12
2
1406
25
42
1496
16
2934
25
377
7057
2
25
29
5706
25
377
25931
2
25
29
4950
25
377
15759
2
25
43
13
985
369
419
2934
25
29
5706
25
29
4950
25
130
13
419
20
21434
29
20
10163
211
29
20
4185
3966
363
539
25
131
29
840
25
20
2321
12
2
1406
25
59
42
1570
16
13
462
1992
338
43
20
1126
48
13
942
4
387
20
3859
290
20
5233
20
4118
29
6047
4
25
30
20
2934
29
20
5706
290
5233
2246
25
130
29
2983
25
2246
424
48
29
419
3161
356
290
5233
20
2983
336
11032
25027
20
46683
48
29
1067
12
20
34874
12
2309
2131
2620
4
714
414
25
30553
306
8233
20
30589
12
130
29
290
25
25580
20
681
6
2620
4
1050
4
25
48
13
1963
1008
20
10517
840
25
13
2268
20
1406
2
302
596
3045
8590
306
947
12
20
3520
130
336
302
31621
20
1008
13
4086
302
424
10965
30
1406
20
1856
42
1412
20
584
43
166
42
46138
43
406
30
1406
25
6
2911
421
25
20
998
59
42
1570
16
13
462
1992
338
43
166
42
15
16
2934
25
29
5706
25
29
4950
25
43
29
5476
1100
2470
20
994
13
331
18372
37836
290
387
20
971
611
290
387
20
971
48
42
1045
12
43
3631
1
363
30491
336
387
20
2288
23212
16
1
130
406
20403
743
6877
16
25
3
16
1
130
12029
840
1
2288
0
3823
336
13
40811
29
33016
6
2861
1
48
29
29990
302
2811
1348
25
2066
20
1050
4
29
20
1155
2275
25
2
20
665
12
336
20
2066
20
2560
20
6429
48
13
985
1548
16
12718
20
3397
29
4500
16
25
713
0
289
10051
20
4371
13
6
1148
26239
289
302
1
3489
20
4356
48
29
1963
24035
16
302
1
4334
16
3489
315
20
4356
539
10
130
13
348
1
2353
4334
16
5476
315
20
4500
12
539
20
4500
12
48
29
1674
7372
306
387
4008
13
4250
24
302
20
2066
363
2811
6
25
130
29
302
25
682
315
20
4356
539
20
4356
130
13
10570
24
965
20
2066
315
302
25
3217
20
4221
130
29
1562
363
29
2
25
3463
20
4221
130
29
419
377
25931
289
686
25
29
25931
2
25
539
25
506
2376
48
523
606
10442
20
3160
29
8106
12
20
10801
29
3392
20
1442
6555
24
7786
12
3368
12
407
1759
20
1442
29
407
1099
20
10051
13
4149
24
2
302
20
2066
2811
2456
20
4356
5121
315
20
4356
583
30
302
25
6
3291
12
26470
310
25
363
5121
130
29
6
3291
12
3013
25
13344
48
29
416
658
20
3013
804
20
18384
48
29
20
1557
985
25817
599
25
8790
421
1034
25
48
13
985
2219
16
387
13
12545
302
13244
20
39965
331
767
24
3125
0
915
767
24
596
315
25
48
29
1963
3139
306
387
545
3
13
433
42
331
1548
16
3125
0
915
1548
16
596
554
25
43
6
302
290
3
290
2627
20
4221
2
25
29
290
3
290
2627
20
4221
2720
0
25
2
20
4221
48
29
336
20
491
20
2321
12
2
1406
25
3805
59
43
23511
14533
2
919
1
302
25
306
402
1557
3231
42
131
29
306
20
632
20
2321
12
2
1406
25
3805
59
43
501
299
3
3494
4
8
289
20
5364
42
13
20
491
1242
2486
12
130
29
20
632
1242
20
16884
421
25
130
29
20
491
1326
12
20
2599
28
130
29
20
632
1326
12
20
2746
20
8603
28
130
29
682
414
7
915
1326
12
20
17673
28
20
13824
28
48
29
1111
416
2219
16
387
13
12545
302
25
506
1624
402
1557
6
20
5706
2
20
2066
20
2560
130
1093
1624
402
1557
6
20
12876
12
20
5762
12
2
596
48
13
419
315
402
1557
363
21853
25
714
3499
402
1557
130
506
302
20
2066
315
402
1557
29
2
25
3499
48
29
523
13010
298
1600
10148
59
29
419
302
20
2066
20
2560
11619
302
7303
2
10442
20
3160
29
20271
583
3499
20
1442
130
29
1033
20
2066
20
9022
377
2
25
3499
402
1557
130
363
11619
8106
16
25
406
14953
2631
25
48
32247
315
20
4221
1541
0
130
13
12303
718
20
16884
2
20
7786
12
48
29
1252
4327
8106
16
25
6
59054
16
20
1050
4
29
20
1155
130
29
6
6555
2
25
290
20
7786
12
331
8487
315
25
336
20
1996
12
2
331
2
25
1624
16
20
4221
48
29
523
6
331
26718
16
20
4221
402
10
306
6048
826
289
20
2232
12
306
30589
12
9056
10
2642
20
8601
29
8447
20
718
59
1111
20
718
20
2560
1996
12
20
4221
2
20
31596
13
331
363
1034
6
25
29
363
2631
6
25
18900
20
3723
289
20
2232
12
6
25
48
13
363
8949
302
13344
29
658
6643
2729
25
6
3291
12
34009
222
25
29
20
13149
12
322
25
6
16003
32005
222
25
48
13
6793
290
12500
322
20
3045
6
3291
12
3013
25
130
29
52936
322
3
6
16003
2066
25
48
29
1963
462
6976
3800
0
26648
387
20
2288
545
20
9064
28
130
20277
469
290
1406
8
42
348
596
315
402
1557
30
20
2066
315
20
4221
42
302
25
289
402
1204
131
3805
29
43226
322
20
665
12
336
20
1204
48
406
3631
20
5617
322
4728
12
387
20
5944
302
4667
348
25
554
402
1557
131
29
348
25
2246
402
1557
131
29
348
25
6571
402
1557
48
29
20
6571
363
21853
20
6571
289
1996
12
1242
20
12876
12
13
419
377
21218
2
1406
8
322
25
315
402
1557
48
714
363
13344
421
1
3800
0
302
20
6571
29
2246
25
315
302
25
315
25
2
1112
59
523
25
315
25
2
1112
29
554
25
2
1112
48
13
363
17762
219
302
25
10232
130
29
1841
2
20
20917
4
335
443
1326
16
1
289
20
11331
131
29
14362
1562
846
942
12
20
745
315
942
12
1442
20
745
29
554
10
3800
0
48
29
290
462
10510
2065
25
6
1996
12
387
7726
2769
211
387
20
6048
290
20
957
130
13
6
402
957
1259
131
29
402
9896
6
331
3045
6
25
48
20
2290
20
632
397
994
3191
20
42441
12
29
20
12686
218
45
20
5247
12
29
20
5740
12
29
20
5318
29
20
2158
218
45
1996
12
387
6869
209
1147
7315
28
10510
20
874
289
7
336
539
599
3537
48
523
5
13862
840
7
2
20
4807
29
20
7295
59
578
7
289
994
964
20
3665
29
15561
25
29
1112
2159
5590
20
6849
2
17022
20
5234
12
130
29
1112
2798
12
20
1208
12
407
10
130
29
2798
12
20
4020
12
407
687
20
2232
12
335
290
10
5105
9885
12
20
5913
130
29
687
20
31575
377
290
25
12993
1060
5590
20
6849
48
29
20
632
289
2620
4
5590
20
9885
12
20
2378
12
29
12006
12718
10
131
13
348
387
20
3191
22063
6
994
424
131
1111
6025
1487
6524
42
713
2066
25
289
1950
20
4940
30
42441
12
43
29
6025
1983
413
10005
59
42
713
2066
1950
290
3949
43
48
20
491
289
964
20
3665
29
15561
45
298
29603
302
20
687
687
23
59
9112
29
20783
59
29
348
3613
16
1457
16
59
9671
29
5137
131
29
348
3613
16
6419
29
11987
48
29
20
402
12744
130
29
2150
5396
2
3429
20
1546
4
59
13
985
1841
16
7
289
2777
7
1457
16
20783
29
9112
130
29
348
1841
16
7
2
20
837
12
336
20
1357
20
11931
12
6
7
1457
16
9671
29
5137
48
29
348
1841
16
7
2
12697
578
7
336
20
641
1457
16
6419
29
16134
48
29
1963
4434
16
578
7
687
20
880
29
20
2232
12
29
20
641
687
20
8106
29
20
31575
48
29
290
1008
336
20
4706
290
20
10633
1963
40861
606
3927
12
20
10633
29
10336
3927
12
20
6849
48
29
377
27363
6
25
20
4706
2651
20
6849
2335
0
29
20
10633
1187
0
48
29
681
20
4504
2
20
3100
131
1111
4272
20
4706
290
20
10633
48
29
336
20
610
28
20
2321
12
2
1406
25
3805
59
43
582
478
15219
12235
0
306
1112
25
15662
319
290
15219
1501
0
306
27960
12111
43
48
29
1111
416
2219
16
2811
20
687
28
13
12545
302
20
687
20
31575
209
687
8106
131
1111
419
7512
322
20
611
28
48
29
20
687
20
9671
687
2232
12
1111
3797
25
20
1315
12
48
29
20
687
20
9671
12357
195
12
336
20
2983
48
13
1252
462
1972
407
7
1263
29
1208
12
6
2341
228
718
20
6312
840
25
48
29
1252
11249
424
6
11249
20
2192
336
2234
12
20
49059
12
29
20
2163
290
596
3805
48
13
462
6552
290
596
3805
578
331
462
40238
34105
12
18666
12
20
2534
48
29
20
687
20
3614
322
6450
20
601
29
20
5944
419
377
21218
25
2
687
20
2534
48
13
985
1841
8
3248
16
25
2
527
363
4235
290
25
1557
29
363
3618
289
25
331
419
3025
290
25
4434
8
25
18666
12
20
2534
48
29
1963
4434
8
20
2108
20
2378
377
419
8666
5216
20
2534
42
20
4314
20
3849
43
48
714
405
20
18666
12
289
10
21294
545
10
5492
20089
0
289
6849
20
2534
48
29
523
7590
20
18666
12
10341
2
630
2620
4
10
48
13
363
17762
219
302
405
20
10633
24201
4
539
6495
12
606
13244
20
39965
48
29
17429
5
1100
2
4240
402
7590
315
935
25
22235
338
322
20
12912
48
13
421
1
20
34416
297
6
2628
405
20
10633
13
8791
336
20
4347
29
3871
59
6
331
369
687
20
2232
12
12357
195
12
336
687
20
31575
130
29
369
3649
20
27960
20
12111
2556
12
322
387
20
6312
131
29
416
5263
322
25
2
20
986
29
2
2964
20
7344
47
13
1252
462
1972
407
7
1208
12
29
1263
6
331
4327
20
6312
290
578
7
336
20
641
47
1968
16
20
2658
12
20
9022
12
687
20
2232
12
306
4020
12
687
20
31575
59
13
331
290
1557
290
387
20
687
915
29
419
3191
6
1557
290
424
20
687
48
29
1963
369
20
1557
20
826
3191
0
6
4221
290
687
20
31575
48
29
1963
369
6
20
1557
20
826
290
20
31575
5234
12
730
12
290
687
20
2232
12
48
29
2150
658
3191
0
985
15129
25
1293
0
290
20
4169
12
130
29
7268
25
1293
0
290
20
7485
12
48
29
4804
847
20
5234
12
9149
17079
630
1869
4
20
687
28
2
1047
10
130
29
1023
15691
2
25
20
565
12
20
2378
12
29
331
14233
6
2628
25
20
565
12
20
2378
12
48
13
363
15691
2
4240
25
20
5998
20
2799
12
48
159
37311
316
302
4747
1
290
10
19426
0
6
912
9262
2
20
5735
290
10
306
20
730
130
29
27046
6
1
1675
20
21398
293
2
387
20
6048
290
20
6891
13
3871
59
348
369
289
687
20
31575
12732
38107
12
1731
12
1682
12
5263
322
10
2
20
13030
12
130
290
10
23202
20
12718
306
20
5590
20
2378
12
130
29
6
1003
10
416
6752
13244
0
130
29
658
596
3805
919
20
13244
6
424
130
29
658
6
10
12006
289
38107
16
10
9762
12
130
13
2
20
20611
302
658
3191
10
290
687
20
2232
12
20
3160
29
20
4690
29
20
12555
48
29
20
19570
6
20
718
491
0
5654
336
331
1326
16
25
1326
12
20
12555
9820
644
6
25
16003
2066
25
29
27794
6
25
302
20
687
20
6550
2
1047
25
999
2162
25
29
999
16003
2066
25
131
29
8429
6
25
290
2191
25
29
11269
1326
16
25
331
13536
13
1260
59
42
387
919
5
43
714
985
8670
6
25
331
2246
25
988
6194
16
25
6194
12
20
4690
130
2699
1571
20
491
289
2758
20
9721
2
20
837
12
336
331
2246
25
13
433
59
42
363
4454
20
44910
28
43
29
1198
3161
995
583
5654
336
331
3191
25
20
3160
2720
0
25
1157
29
1623
130
2720
0
25
3958
0
6
20
3191
2
1293
1208
12
6
25
315
25
48
29
20
1208
12
315
4466
20
3386
3386
29
25465
3800
0
48
13
5356
1260
59
43
1112
16
1112
5
6
377
6007
20
1050
4
29
20
1155
9947
0
42
29
2811
42
377
43
2321
12
17653
12
363
1208
12
6
10
59
1111
1252
433
1856
331
3191
3287
42
377
43
462
11619
302
54414
322
25
48
13
20
8907
322
402
1208
12
419
20
491
20
584
48
29
6
424
6
331
433
545
20
28934
6
3875
596
4269
596
421
25
29
1656
59
42
331
665
20
4267
63
43
5085
289
6520
25
43
1457
419
596
578
48
596
20
11340
48
462
12026
29
462
9804
43
336
641
10
130
8305
25
302
20
43226
29
20
18091
322
20
665
12
665
16
25
48
29
6
424
6
331
433
11702
6
2911
59
43
29
331
919
20
687
28
42
30
20
961
6
8779
16
25
462
1166
915
2
3549
25
2
5814
25
130
1111
369
16
20
5814
3217
606
20
6066
13
433
59
43
919
20
1050
4
29
20
1155
42
130
13
433
11702
6
290
724
25
43
3068
9419
26
42
30
20
9248
421
25
289
14578
25
289
6520
25
322
891
20
8779
12
130
13
433
2911
59
43
919
14
23098
15515
14
20
491
28
42
13
665
25
11702
336
20
8846
1111
369
5506
25
20
3191
29
20
8779
12
131
29
419
8101
322
20
5814
130
13
433
59
43
348
3875
14
377
3835
840
14
6
10749
42
48
29
1023
14505
242
336
20
19426
13
4667
957
42
20
2496
43
52476
15561
1934
20
3191
131
6
302
20
14507
1712
290
20
18802
12
48
1033
3489
302
20
3160
289
20
14507
2496
10
20
2162
130
6
331
407
7
290
20
783
12
29
20
4169
12
289
2811
9112
47
29
419
20
26050
4781
306
20
1315
12
315
8271
20
2506
306
20
630
48
29
20
4690
2496
25
20
645
6
56468
12
20
3160
2066
10
2
3551
12
20
4690
306
20
687
606
8106
16
10
506
23769
20
2162
12718
25
2
3551
12
20
645
306
290
7303
322
2234
12
20
2162
48
29
302
290
2627
302
25
289
745
25
9020
17463
2
25
14846
20
1259
29
24342
20
1911
13
2496
25
302
25
16379
33050
554
20
7165
289
2490
48
29
302
290
2627
302
25
7639
20
5318
289
20
5895
13
2496
25
302
999
25
2100
12
443
319
25
29
419
363
2102
48
29
17079
3725
20
2496
48918
217
6238
0
2
387
20
4629
130
13
363
12203
20
17429
414
10
59
406
3871
59
506
302
289
20
1869
4
20
1682
12
20
9112
12
331
3191
25
20
3160
29
20
4690
29
20
12555
130
13
30
424
289
10
331
6
25
5234
12
660
985
1841
16
290
25
14718
646
2443
20
38107
12
48
13
348
369
289
847
20
1869
4
331
419
3490
363
7723
29
3459
363
746
44237
130
29
290
25
22161
336
11923
12
20
4318
20
2378
12
1369
20
7011
29
38847
20
23062
4
13
3191
25
42
20
6144
43
131
29
348
369
714
1869
4
11834
847
20
38847
545
3
1012
290
545
13
3191
10
20
4314
48
29
348
369
16
847
20
38847
414
1263
10
2
20
4318
20
2378
12
3527
290
1950
336
1950
130
13
405
20
4318
3800
0
11923
12
48
29
28618
20
4314
4318
20
12323
714
20
2746
714
290
414
3
48
13
348
369
16
405
20
11923
12
743
20
491
29
322
10
796
1832
130
13
2
20
20611
302
658
20
491
419
20
4314
20
4280
6
3927
12
1699
25
29
11269
1326
16
25
48
29
348
369
20
4314
20
591
26
8999
290
641
1326
4
20
4314
20
4280
6759
59005
477
223
28056
20
4314
20
4280
743
3955
16
25
29
50168
25
48
29
348
369
2108
20
3675
10801
0
5283
0
130
29
369
424
20
2108
17933
0
2
3551
12
9695
506
433
59
43
52122
8
840
1
2108
0
290
681
8
42
13
331
290
25
20
10407
12394
3191
25
20
2158
130
29
348
369
20
20641
8184
290
20
12323
545
3
306
11460
20
6861
6
331
2934
25
130
29
545
3
306
3168
290
20
12876
12
130
13
3191
3168
20
10805
20
1210
130
29
3191
3168
20
396
221
609
20
26916
12
29
20
4640
29
20
7090
48
13
348
1242
20
9435
783
6
20
3675
289
545
20
3723
48
29
3191
847
20
783
12
20
53733
4781
48
29
2150
1184
38464
2
20
2158
290
315
25
20
2158
130
363
290
7057
1210
10
48
29
348
369
491
1770
20
12323
20
6312
336
20
687
20
3849
322
30
573
12
20
601
29
20
5944
130
13
3191
424
20
1770
20
4314
20
3849
48
29
348
369
363
790
57158
424
20
4314
20
3849
915
2
12602
334
20
1348
28
47
14892
20
4118
29
20
641
12
47
29
20
1917
336
20
826
20
584
130
29
6
302
20
4118
29
20
641
12
25693
2377
2428
10306
2377
29
7
5214
23
6
20
5070
20
38107
20
2378
790
12602
334
7
333
12
29
20
15677
2
7
660
130
13
3191
12602
334
7
606
20
37047
6
20
1917
336
10005
12
20
2534
9236
20
23058
28
48
406
12440
356
336
2234
12
20
49059
12
333
12
660
29
4667
59
348
369
289
847
20
2234
12
1557
2
3551
16
25
1921
198
200
20
2358
20
6766
12
289
20
12732
20
3958
12
6
10
13
3191
25
42
20
5489
43
48
29
348
369
289
847
20
12732
20
3958
12
331
545
10
778
336
20
3730
130
29
290
10
8931
336
539
10
130
13
3191
10
42
20
2701
20
6954
43
166
42
20
1070
20
5715
43
48
29
348
369
2246
20
5017
6
20
2358
1557
419
25541
13
3191
25
42
20
745
43
29
348
369
6
405
20
2234
12
20
25018
12
306
20
745
29
20
2701
29
20
5489
29
20
1058
2744
4184
13
3191
25
42
20
947
12
43
29
348
369
2319
6
20
947
12
20
30212
12
1293
2744
306
405
20
16450
12
130
13
443
306
947
12
20
3520
48
29
1529
407
302
5191
42
306
947
12
20
3520
43
29
407
302
5191
42
306
947
12
596
43
6
302
20
2658
12
20
9022
12
443
335
947
16
20
2234
12
20
9022
12
2
405
20
947
12
48
714
20437
306
8590
13
11270
25
947
12
11895
12
785
12
6
630
8863
331
289
20
687
583
30
302
25
402
331
289
20
687
347
419
2954
12
290
20
687
11895
12
48
29
947
12
8590
47
14892
405
20
947
12
47
6022
12
2
514
596
48
13
419
20
514
20
9022
377
682
2
1605
8453
130
1111
18091
514
25
322
302
658
1605
0
29
8453
0
506
18091
2288
25
322
302
658
1965
0
29
5372
0
130
29
5489
25
322
302
658
6782
0
29
10580
0
130
29
745
25
322
302
846
5733
0
29
4511
0
48
29
5641
405
20
2658
12
6
3321
20
14046
322
1996
12
919
25
59
1111
363
2102
919
25
915
290
2219
686
25
48
13
2026
369
387
290
2506
20
2658
12
2250
306
947
12
20
3520
363
306
947
12
596
59
13
348
2234
12
20
9022
12
539
2234
12
20
2658
12
29
539
2234
12
20
880
29
539
2234
12
20
49059
12
48
29
6
424
681
2
20
28083
2
630
405
20
2234
4
13
433
59
43
1457
36792
10593
20
1255
130
880
20
1255
130
4267
20
1255
42
29
5641
387
20
2811
6
369
3933
302
1260
306
947
16
25
29
20
7590
20
3552
289
20
1126
20
2223
306
947
12
20
3520
48
29
6
302
4557
2234
12
20
880
322
20
9022
12
29
20
49059
12
9149
4240
0
1558
0
31004
2850
223
130
29
4976
217
290
20
19426
387
20
971
130
13
348
387
2115
363
4139
6
25
48
13
348
2211
16
289
686
1
19785
0
322
405
20
5913
13
348
1950
1
2
1406
25
3805
59
43
12166
290
20
5233
2883
13
6006
16
11923
12
2
971
10
42
20
3494
12
130
29
302
25
1562
2855
289
20
4472
302
20
2883
419
20
1996
12
29
20
3424
29
20
11923
12
20
4318
48
9020
12
29
5408
454
17762
219
290
387
20
19426
29
718
1934
20
3191
5172
12
290
5
289
1299
20
2560
29
5138
0
289
14062
10
583
3871
713
0
462
1972
315
2911
23058
23
130
29
462
7057
20
2264
2
1406
25
59
42
8402
242
23058
5
1
43
58362
200
6
596
13
348
14062
20
8122
2699
20
15318
12
801
1008
24
2
20
1357
20
15496
307
336
578
20
687
28
29
462
2102
24
20
4020
12
407
20
687
28
130
29
462
6976
24
1112
25
48
506
302
14062
20
6891
7964
20
16427
209
12
48
13
377
30712
20
2560
16427
247
130
29
377
30712
20
5762
15318
48
29
377
4956
407
7
1270
48
29
6
424
433
421
25
20
998
59
42
6
20
3424
2560
29
5762
1029
29
3219
43
29
1963
906
387
322
306
6839
0
421
25
48
406
3871
2628
2911
290
20
681
2
9236
20
23058
28
12602
334
20
1348
28
13
35118
20
681
2560
0
2
9236
23058
5
25
130
29
5762
0
2
12602
334
20
687
28
48
29
387
419
42
20
1546
43
446
20
5325
290
20
1557
336
539
25
130
29
290
20
2560
336
20
964
48
29
1529
407
290
7057
1406
3875
596
4269
596
421
25
29
1656
59
42
363
3618
20
13030
12
1555
0
289
25
8654
43
48457
659
20
8654
289
20
1555
29
1260
682
20
2560
5149
0
130
406
20
5149
4801
12
1555
20
1950
322
8654
20
3474
6
302
25
4531
20
1996
12
335
443
290
12718
20
13030
12
59
985
20
3474
7058
20
2983
130
29
407
290
28326
20
681
289
20
2560
714
1260
59
20
8654
682
8654
0
6
947
16
25
406
6
8305
25
47
29
419
20
2131
209
12
29
20
20253
12
47
29
985
369
2444
20
1555
377
419
1105
20
736
29
20
13802
2781
0
322
947
12
20
8654
130
13
2
302
1166
2444
1555
20
1950
47
29
419
1105
20
5070
20
1872
20
560
47
322
449
20
31482
12
1012
48
13
1412
6660
407
20
2560
29
20
964
630
0
130
13
387
419
20
1270
59
29
419
20
2811
2
1406
3
42
20
1270
290
363
26433
7370
2066
1996
16
25
2066
21792
25
43
29
6
424
3489
20
1270
363
4600
686
25
2
780
599
290
1471
20
4731
315
4208
20
12876
12
48
29
405
12289
245
12
290
10
1814
545
20
19570
28
336
20
26741
12
29
25913
5435
20
3121
2560
0
130
583
302
25
1963
780
578
3
20
3177
12
29
4250
302
25
1541
0
289
20
3177
12
2
964
25
48
29
387
2443
12289
245
12
20
31999
290
20
14381
12
801
23572
3
24216
4
30
1406
545
3
42
348
596
4049
322
486
8
43
29
1406
545
3
348
20
5762
15048
2
20
54625
222
258
682
790
11066
16
25
29
363
25005
289
10122
20
3474
29
20
13737
12
6
5828
25
302
25
10304
2
10122
10
59
29
405
16572
4
48
13
1033
331
935
8
25
13
419
16938
12
6331
29
18651
12
19570
14733
25
20
8926
13
41083
25
2
9354
20
13745
48
29
8791
336
1126
20
23058
28
13
3871
59
2560
9236
20
23058
28
14254
306
780
20
1348
28
48
13
20
3191
289
20
2560
584
29
17424
25
336
20
964
20
5762
1838
12
48
29
2057
387
20
10111
332
801
1130
24
1326
12
20
5247
12
506
22
2281
2811
20
5247
12
131
6
302
20
5944
377
290
9885
16
25
5653
20
3191
4861
6522
20271
20
6891
29
7256
407
1
29
407
20
12718
131
29
523
985
7737
583
2250
30
20
5247
20
5125
539
4653
322
20
12718
130
406
2250
315
424
7608
0
6
20
12718
130
406
2250
315
424
4224
0
6
20
12718
322
20
37559
2
11173
20
5306
48
29
22
2728
217
939
12
20
5247
12
48
13
12545
302
20
687
20
6522
20
9474
20
11987
2250
289
584
20
12323
5247
12
29
42441
12
6
20
12718
29
9696
12
6
20
6891
130
29
12357
195
12
336
20
687
20
1623
48
29
2
387
2102
302
20
3191
20
2560
584
29
2456
25
964
48
29
4833
306
387
42
20
6144
43
166
42
20
2158
43
29
539
7
48
1640
45
141
250
640
433
20
3875
421
25
20
998
59
42
1548
16
459
20
3520
413
15461
3618
20
546
12
1490
24
43
13
363
17762
219
302
25
462
8075
25
2
20
5706
1198
130
406
13854
25
289
9178
16
25
506
6604
25
20
11206
289
4154
25
131
29
348
369
459
20
3520
713
0
11206
0
289
1555
25
2
736
25
130
13
348
20
4154
2150
2886
289
5913
405
20
2486
4
6
8678
25
2162
20
10588
322
20
2066
20
5762
20
9022
130
13
348
20
10588
12704
12
6
25
29
11874
12
5485
25
336
687
20
601
130
29
2250
246
12
1112
25
322
687
20
8106
29
20
31575
48
29
545
20
12718
20
7594
12
416
6091
300
29
29051
2
527
363
912
1262
25
20
10588
336
687
10
29
363
9047
25
130
12537
1161
289
20
9178
12
331
8075
539
25
289
20
8922
48
29
523
25
985
369
289
2303
12
20
4208
462
7194
6450
25
306
11460
20
947
12
20
30340
12
130
406
982
290
10
336
20
964
13
19160
6
25
302
20
3536
11874
336
20
687
377
5263
322
25
2
20
546
12
131
29
20
7257
29
20
3456
12
11874
336
20
913
12
20
3142
12
29
443
20
687
20
6550
48
13
348
369
20
11874
336
4993
20
4118
4435
347
1956
0
6
20
11874
20
641
1405
322
20
2027
336
20
546
12
48
29
348
369
11874
20
3536
4435
33943
16293
0
29
28161
0
289
1815
25
131
13
658
3191
25
290
687
20
2232
12
42
20
30746
43
13
30
424
15758
6
25
12718
20
6891
290
2456
5247
4
20
5944
48
29
6
424
363
7194
289
970
25
306
459
20
3520
29
348
369
23116
25
11551
0
421
25
130
406
6645
2
25
306
402
290
1691
16
12876
16
25
29
58468
3536
25
130
29
3927
16
3456
16
25
3927
12
16556
20
3536
523
363
17375
25
6
43559
565
12
20
3536
48
13
387
52476
2798
12
23116
20
12323
20
947
12
29
2798
12
2486
16
3
20
6849
290
2456
20
947
48
29
20
3619
302
658
20
2811
778
0
336
20
2486
12
20
5762
12
714
36625
290
10
306
20
2108
20
9474
5818
3605
242
20
5944
2
947
12
4020
12
6
20
2811
38983
12
6
25
48
29
387
20
6048
290
20
9695
289
20
9178
12
13313
336
20
10965
130
506
302
25
289
20
4154
13313
336
20
2496
48
29
20
1169
290
25
289
20
4154
665
16
25
336
20
15014
20
7594
12
665
12
20
826
336
1148
12
29
952
28
48
29
20
1169
289
20
9178
12
665
16
25
6664
290
424
48
29
8503
302
665
16
25
840
25
665
12
20
826
336
20
662
12
48
13
348
377
19160
6
8
290
20
15014
20
7594
12
16441
839
10
289
662
12
16903
130
29
387
826
290
847
20
16903
20
662
12
48
20
7315
20
632
397
994
12006
20
5590
292
45
2378
12
20
38107
12
1111
2
1996
16
10
2275
5234
12
20
3424
246
45
20
491
290
10
20
2108
20
6311
29
419
377
8999
331
20534
25
20
10588
20
1240
130
29
30
302
25
2335
20
2108
20
8383
29
491
25
130
1111
2
25
13515
20
3885
3885
0
48
29
419
1869
6
20
5280
20
11580
48
20
632
20
2108
20
9474
130
29
419
377
746
33193
331
6635
25
20
10588
29
6280
25
32052
8
606
25
6
3915
25
306
20
2108
20
5137
377
2246
25
606
20
1265
12
840
25
48
29
387
363
2319
6
20
5280
20
11580
289
1311
12
40192
25
59
29
6
424
16958
242
2
20
1557
6
4518
25
130
13
985
3646
322
25
23611
25
29
363
18515
25
686
25
840
25
336
302
12906
1890
0
13
13515
2
527
985
8106
322
25
20184
29
891
424
6
3266
947
16
25
6954
12
289
5944
25
48
29
387
416
2319
6
545
20
3885
4
743
545
130
29
363
2319
6
20
9259
20
46452
306
20
2158
6
302
25
7661
20
2158
6
10767
25
2
10051
20
4371
59
289
5627
302
20
10801
2362
12
2802
12
336
6568
20
10051
15828
5
686
25
421
25
9820
225
8772
2
25
48
523
25
985
25817
25
29
1677
289
20
4298
12
14584
25
333
12
414
333
12
48
29
1252
369
6
25
20
2108
20
4224
20
396
33193
6
331
6179
25
20
601
840
25
290
20
1110
6
331
14584
25
414
302
7713
333
12
2
25
13
20
8654
985
1934
333
12
2
6782
12
130
13
985
2699
20
6782
12
414
424
290
414
5732
48
20
1091
20
2108
20
5137
377
2
25
8748
20
6849
20
1220
12
322
20
601
29
20
5944
130
29
419
20
5070
20
30212
20
560
130
29
363
2319
363
6
20
36819
29
363
6
20
19718
48
29
11931
4
25
20
7011
20
3368
12
20
1178
12
506
935
8
25
606
8979
2066
20
2983
306
2066
20
1357
48
20
1604
20
2108
20
3380
130
29
419
377
4518
20
2358
20
5137
12
20
11460
12
13
7676
407
10
4816
4
29
9996
4
29
25784
290
10
7011
1731
12
48
714
985
2516
1301
16
28
713
0
130
936
407
7
333
12
646
12
29
2516
1301
12
660
48
29
363
3262
14475
1198
336
539
1181
12
48
20
1931
20
2108
20
11848
20
7594
377
12866
2
25
20
12323
29
545
20
6526
130
29
289
25
15758
5216
20
8106
29
3121
20
641
12
29
3248
12
290
7011
31575
20
1050
4
29
20
1155
130
406
290
20
7011
20
17583
12
335
18246
743
10
20
2108
20
5137
29
20
3380
48
29
840
25
20
2321
12
2
1406
25
3805
59
43
29
1198
52122
8
840
1
2108
0
290
681
8
331
15
16
2055
331
20
1058
29
363
20
3536
130
29
523
1968
8
25
16090
23750
2
25
43
20
3494
12
48
13
363
8949
7008
20
16619
289
687
20
2983
302
658
2456
20
2983
6144
641
3499
289
25
331
363
3499
289
20
2983
130
506
363
8949
1348
20
2983
6144
0
2456
20
4557
29
20
6047
27363
289
25
23664
29
15985
18246
322
10
20
6047
29
20
4557
48
29
363
4175
3326
20
4208
1626
0
306
686
1
48
29
348
1510
16
3191
0
988
9826
25
290
3248
12
15014
545
20
3027
13
10775
336
9435
20
2024
1562
12866
2
25
4008
290
20
1255
29
419
1293
6047
29
6450
130
29
9502
322
25
545
3
583
363
5939
606
3
20
9144
20
22835
12
290
20
5293
6866
12
48
29
14362
1562
4511
16
565
12
20
9435
289
2984
12
583
22569
24
2
10
20
4014
29
20
6293
29
20
15858
29
21573
20
1306
294
4
335
290
10
20
15160
29
290
10
20
5440
29
290
10
20
17697
29
290
10
20
13075
29
290
10
20
30107
219
29
290
10
20
4869
130
29
290
10
20
3580
6
20
7209
247
48
29
2150
11465
405
20
2506
13
1699
6
25
2335
20
9435
48
29
1033
20
5708
322
11065
12
20
9435
57181
289
5647
20
1965
29
16625
289
25
405
20
2506
130
29
419
34119
290
1242
20
2211
29
20
8373
247
48
29
1252
5836
20
14197
402
3
290
13244
20
9435
306
559
25470
25
2811
20
9435
462
5122
24
421
25
48
13
387
3191
289
681
32252
523
25
1908
336
13
40811
48
39979
2
25
20
9435
20
560
20
7594
29
16584
302
18284
290
2057
20
9435
2
1557
290
424
20
2108
59
13
348
6
20
6526
290
25
3168
0
13429
0
48
13
348
462
4607
13
16584
302
18284
2
20
56511
220
12
335
935
8
10
29
20
10111
4
335
4807
8
840
10
290
2057
20
957
2
10
48
13
348
462
4607
13
363
1455
290
302
846
290
2057
20
3536
2
10
59
166
43
4930
596
801
3949
24
290
14
29
801
8794
24
20
957
1326
4
42
48
29
20
957
2246
20
3536
130
29
20
9435
2246
20
957
48
13
20
9435
10139
29
20
957
4182
29
20
3536
2647
2536
2
20
6861
48
29
1195
20
5828
2
2057
20
10139
347
2
2057
20
11331
48
13
985
2219
16
405
20
5590
20
1240
12
13
12545
302
10
2
3248
16
10
12718
6
302
10
3463
8863
20
1869
4
130
29
20
601
247
29
20
9474
290
10
130
29
348
369
2562
20
36819
289
4629
10
130
523
377
6
20
1310
290
25
6048
641
4536
29
1623
131
29
3045
20
1310
6
1003
4347
1003
29
12481
48
1033
20
3885
4
13
462
9357
424
6
10
915
6
658
1000
16
10
289
891
25322
10
289
13008
10
6
20
14046
48
29
2150
3045
6
20
58676
6
658
1776
12
6
25
32380
2
10
290
20
687
20
6550
3599
20
7011
20
2172
12
20
1731
12
48
1111
20
1310
985
6555
2
20
601
736
0
2619
0
31305
2983
25
290
25
2811
359
0
3306
0
506
935
8
289
3191
30746
459
20
3520
413
15461
48
29
985
2219
16
405
20
5590
20
1240
12
18227
14505
242
336
1046
20
5234
12
48
994
5234
12
405
20
3494
45
141
2152
199
302
20
1406
289
4020
12
405
20
5590
20
1240
12
6
20
42441
12
29
20
5247
12
29
20
12686
29
20
5740
12
29
20
5318
790
30483
25
130
523
5
33863
25
29
16161
609
306
20
10111
306
718
25
13
3871
59
1033
20
2108
20
6311
13
985
1008
16
336
11065
16
25
2211
16
12718
25
1220
12
290
12219
650
12
30
20
1357
28
29
20
7622
28
29
20
33837
28
29
539
10
48
29
33016
3191
6
25
290
687
20
2232
12
20
42441
12
48
29
1033
20
2108
20
9474
13
3194
6
25
15014
662
0
59
8759
7
59
302
25
290
9885
12
20
687
20
11987
20
6522
59
6
302
20
1557
20
17604
5452
4682
29
725
1112
4
10862
12
30349
12
48
29
419
306
665
12
290
20
17604
290
2163
347
414
48
29
290
1104
20
6522
20
18105
2
14718
20
8869
302
20271
322
20
12718
20
5137
12
20
11460
12
335
3668
5098
322
20
1790
2
20
558
4
29
20
17757
29
20
2163
29
20
414
48
20
632
12
59
302
387
20
5944
20
6522
985
26622
29
27635
29
327
221
29
2159
2250
9730
0
6
20
6849
20
5137
12
29
7608
0
6
12718
10
130
539
4653
322
16003
2066
10
290
10
48
20
1091
12
59
302
20
5944
289
1311
12
20
681
6690
840
25
762
0
6
17934
2
25
20
7011
20
5137
12
13
363
47395
29
363
8263
26160
196
29
363
8044
2730
0
4235
322
20
2159
48
13
3047
20
2619
20
3191
4
20
9474
12
6
20
7011
20
5137
12
48
29
405
20
15014
20
662
363
3194
10
289
687
20
2232
12
2
20
837
12
336
20
12718
20
30340
12
1793
6
20
5247
12
59
13
348
10
289
20
2335
290
5070
6522
523
26622
29
1070
198
583
363
20271
2066
20
12686
406
2783
25
306
1112
25
130
714
6280
25
322
20
37559
2
20
5306
20
6805
12
29
20
942
4
20
4663
12
48
13
443
491
3191
6
25
48
29
1033
20
1091
29
419
20
2108
20
5137
377
2
25
6450
20
7011
20
1731
12
20
9022
12
13
363
13344
421
1
1112
3665
25
2
20
12686
48
29
416
2219
16
387
956
2376
290
994
1348
20
12323
27576
0
5283
12
48
29
1033
20
1604
29
419
20
2108
20
3380
13
290
11065
16
25
302
25
7538
821
276
290
2335
826
714
45414
290
25
839
2377
130
714
290
402
839
12
839
2377
29
3297
336
302
12774
20
839
2
20
4661
4
20
5137
12
130
714
16310
2
20
641
12
336
1391
443
8583
4
10
48
714
847
20
8583
4
2898
20998
297
10045
0
6
5913
10
59
1111
790
3800
0
14768
545
10
2
20
545
583
38481
336
8583
4
2456
10
506
935
8
25
289
1058
20
8469
324
20
12111
48
13
2
20
20611
302
658
3191
25
290
387
20
687
20
5740
12
48
29
1111
369
16
8583
4
25
1644
12
6
9371
12718
20
7011
29
7488
10
29
10394
10
13
2
20
20611
3068
2571
2
5740
12
20
58975
29
20
10393
29
20
13311
29
539
10
130
406
290
3248
12
6337
20
5605
2
20
5895
12
560
12
59
6
302
5501
8583
10
419
20
5318
377
419
1644
12
20
15703
130
29
12866
290
6337
20
591
2775
2
11065
12
1154
12
20
16003
315
1457
12
20
7818
48
29
985
369
16
20
9311
12
335
13268
14970
10
29
20
5740
12
335
12774
8583
16
10
6752
1482
12
130
13
335
363
26302
2061
8583
16
10
336
599
3537
1012
302
6752
5740
12
1482
12
48
29
985
369
16
839
20
2710
20
5137
12
20
11460
12
1220
12
322
2647
20
837
12
336
20
558
4
29
20
2163
29
20
414
130
13
20
4350
3846
247
302
846
363
1507
12
29
363
1580
12
48
29
1033
20
1931
59
29
419
20
2108
20
11848
20
7594
20
6695
336
20
6526
985
369
289
2303
12
20
8154
29
20
2738
29
369
16
20
2108
20
5729
12
14203
12
336
331
2795
336
1043
29
10111
29
10567
290
1220
583
3778
289
2665
20
7011
130
29
545
10
658
289
3291
12
20
8154
30
302
25
27293
2
686
25
290
539
10567
290
1220
130
13
2
20
20611
302
5263
322
20
5125
20
2324
20
2035
2
302
25
8708
5318
25
22604
130
29
1252
462
8865
220
25
2158
59
1111
290
20
6526
290
8708
36625
2066
25
583
8708
26204
322
10567
20
12323
131
29
289
20
12323
290
8708
26204
322
10567
20
13030
12
48
13
387
20
3191
1940
6
387
20
1636
48
29
985
369
16
405
20
12718
9994
12
545
10
306
545
59
13
20
601
247
419
20
491
130
29
419
30
20
28263
12
29
20
5054
6
20
9474
130
1111
363
11619
20
9474
915
1212
0
414
25
131
29
20
3380
29
20
5137
658
23
414
7
131
13
2
20
20611
302
846
20
5247
12
30
20
1759
6
20
12686
29
20
42441
12
30
20
1759
6
20
5247
12
59
13
658
20
12686
289
5247
12
130
29
20
5247
12
289
42441
12
48
29
1111
369
16
405
402
10
12718
0
545
10
2246
545
13
2
20
20611
302
846
16090
387
20
3191
2150
8429
6
4318
20
4940
28
347
6
4318
20
12323
29
20
6526
363
6
4318
20
15292
59
13
348
20
2066
13547
6
20
15432
12
48
13
20
8414
322
718
20
7344
7339
29
4298
12
130
406
5492
290
20
4298
12
59
6
302
20
4298
12
363
26881
336
20
7339
506
363
26881
336
20
584
48
29
6060
20
15292
44813
16
130
29
1198
6337
6450
4
3
29
1024
16
306
20
10452
404
289
584
3
48
13
3191
3
30
1486
289
42
2115
3955
247
38523
195
25
1113
290
2246
25
1113
290
2246
25
9372
4298
4
545
10
2246
545
43
29
20
2115
29
20
3955
247
419
20
4118
2
331
289
10
290
20
7514
20
29422
12
29
20
4993
20
54959
12
29
20
9310
311
4
20
28688
209
12
48
29
20
1113
20
491
1113
20
13737
4
20
3362
12
336
20
852
4
20
43049
209
12
29
20
49661
2725
2
20
12509
4
20
9671
12
29
1646
20
347
1083
20
17868
12
583
348
3
10350
26
29
4305
26
506
13446
20
25129
48
29
2
20
20611
302
658
387
20
1113
9744
0
6
302
1490
20
1557
16194
247
29
31803
48
29
20
1113
20
632
1113
20
852
4
20
2131
209
12
20
18199
12
306
20
3474
29
20
14380
12
29
20
26027
29
20
10002
29
20
14733
29
20
38578
12
29
20
21275
29
20
11488
48
29
2
20
1362
302
658
9744
0
6
302
20
3474
7058
20
2983
48
29
2
20
1362
302
658
419
20
1113
20
1623
59
6
302
20
3474
289
20
611
10666
196
306
20
13737
4
583
985
5907
24117
322
20
13737
4
29
22826
322
20
12509
4
20
1333
2331
12
48
29
1033
20
13737
12
13
363
17375
20
3474
20
25082
2335
0
48
29
1033
20
9372
13
419
20
5138
4
20
10343
12
130
29
20
24118
20
8158
12
130
29
20
5944
4
20
6373
12
335
2250
16
8561
0
407
20
14845
28
29
407
20
3536
29
1996
12
20
584
29
20
342
715
12
25314
3160
20
3424
29
20
2983
59
13
348
11065
12
20
9372
302
20271
16003
2066
20
3160
48
29
985
369
16
405
402
10
9744
12
13
2
20
1362
302
846
4298
4
545
10
2246
545
48
29
985
369
16
405
20
4298
4
17954
322
1996
12
20
4221
20
1908
12
1621
0
322
20
1758
12
130
29
6
424
8561
20
15292
322
1996
12
15985
3723
20
3675
421
25
20
998
315
2163
10156
25
29
3013
25
2
3545
6183
130
13
2
20
20611
302
5263
322
25
2
302
25
1252
6702
745
25
462
23376
6604
10
48
29
985
369
14647
20
12718
402
10
290
20
2066
20
491
20
584
506
2376
994
25
13
2
20
20611
302
3377
402
3859
302
42
29
290
462
2651
596
6
25
16090
13
331
6
25
290
2066
43
13
4976
1
387
20
971
290
6891
405
20
3494
12
13
23000
2
25
48
20
2290
20
1091
397
2811
1406
25
421
25
20
998
31249
6
596
2131
28
6971
0
290
2066
29
4298
45
141
7112
1386
10
6
11897
16
20348
4
1112
25
402
290
6555
25
5706
45
419
45
289
545
20
2540
4
21092
12
130
29
289
545
10
2131
28
936
0
59
13
3871
59
348
596
3805
4800
196
289
1069
25
6
6210
16
25
130
29
658
20
6971
2
20
837
12
336
13824
363
5813
12
131
29
348
20
13824
28
290
20
3045
662
12
4590
59
290
3
290
8561
2
2536
20
4298
12
131
29
290
3
290
8561
2
20
2066
20
11460
131
29
290
3
290
8561
25314
20452
2
4298
12
48
29
8863
405
20
4590
730
12
14390
1292
3927
16
10
130
29
12203
302
45522
429
4893
10
289
2131
28
130
523
363
19962
2
331
15435
848
290
1530
29
4893
130
1111
363
8474
302
25
20
5149
2
20
1126
319
363
48
1033
20
4893
336
21092
12
29
2131
28
936
0
13
424
363
10777
2
25
915
20
565
12
20
7594
12
130
315
302
2560
5828
5
302
405
20
3788
3879
12
6
20
54617
363
6
20
1530
131
29
416
3527
20
1483
12
2
935
581
29
363
13547
2
25
20
4893
406
20
54617
48
29
596
7588
2
787
424
130
13
424
1220
322
20
6125
48
29
2150
377
12203
1100
302
4747
1
405
20
4590
29
545
8863
402
1636
13
3871
59
20
1636
20
32570
45
3
20
13824
26
2
11460
20
4298
12
130
29
3
20
21959
12
801
363
6094
26
2
596
29
20
437
20
641
48
29
3
801
4117
221
24
20
913
12
20
4118
306
20
641
12
6
302
3
363
6094
26
2
20
641
12
2335
0
29
1807
7617
23
59
7617
22469
336
891
804
6
387
20
687
13
8747
25
336
20
2869
59
29
20
2869
2556
12
322
852
12
615
47780
289
20
8869
637
12
289
10
131
29
443
9744
12
1111
682
6
10
1996
12
29
6450
29
363
1210
6
10
290
686
10
29
363
988
4497
290
10
131
29
682
6
10
2066
5121
2
20
5706
20
2560
3800
0
48
29
20
7617
20
632
59
332
801
4092
24
2
2777
3
29
462
21997
24
6
891
20
804
3800
0
130
406
3402
24
3822
20
36819
130
13
369
8561
3
5232
3
20
29101
12
130
29
13737
4
3
20
9744
12
130
29
363
4298
12
5492
290
20
9721
29
20
686
59
29
6
424
433
596
3805
59
43
1574
21744
210
290
3469
4267
25
7711
25
42
29
433
3875
596
4269
596
421
25
29
1656
59
42
20
9721
39526
4267
459
289
20
1155
43
29
1807
14424
24
1529
0
59
1529
12
4250
16
302
2303
12
20
891
289
20
4118
443
1646
20
347
1083
29
3187
20
13737
4
29
6450
20
12509
4
20
43049
209
12
290
38526
227
29
6453
29
19764
48
13
1807
3811
20
12509
12
130
22092
26
10
29
4272
313
10
29
3377
26
302
3187
10
2303
12
20
2610
4
59
5984
24
6
2777
3
302
658
24
2
1770
12
20
36819
406
561
220
290
10
48
29
446
4298
12
5492
290
424
1093
8561
1807
2
11460
20
4298
12
48
29
1529
12
767
16
302
2303
12
20
2610
4
443
20
9524
12
29
20
6780
29
20
1309
29
20
496
247
29
20
1047
130
29
387
7964
20
28934
29
20
6513
29
730
290
20
31999
130
29
3
13824
26
2
4298
12
20
852
4
20
2131
209
12
6
9524
16
10
421
3
29
1348
6450
10
6325
6664
20
12509
4
48
29
1807
54900
24
2
302
658
24
2
1770
12
20
28750
406
561
220
48
29
1529
12
1091
12
767
16
302
2303
12
20
2610
4
3927
12
20
1281
29
8328
20
5572
6
302
20
1281
419
1000
12
1646
20
13737
4
402
10
130
29
2
25
2915
6
20
1310
20
15303
306
1646
20
347
1083
48
13
1807
3
16
3
1127
20
1281
29
2892
1449
20
7332
29
20
2742
29
20
7977
20
28517
199
12
29
20
25129
29
20
22913
29
12650
20
15052
999
20
1155
48
13
3489
20
826
20118
2950
972
25
16073
20
7514
289
20
32393
29
20
19190
29
20
7244
29
4956
20
2128
29
719
227
2
10
306
686
25
1621
0
322
539
25
59
29
3
20
5149
26
2
1406
25
421
25
20
998
59
42
11302
459
20
17561
130
11302
459
20
15052
43
48
9160
4298
12
6664
988
14921
306
20
1310
63
348
20
2489
29
20
2076
12
4297
23
363
13547
294
6
12653
7
48
29
443
985
462
13780
2
10
20
347
1083
29
462
13147
13
443
29
20
17391
307
2
4586
12
130
29
20
17391
307
2
4586
16
10
48
29
1529
12
1604
12
21043
16
322
23674
12
1807
29
18841
196
16
130
29
4250
16
302
6664
20
2610
4
289
8328
20
3221
29
20
12230
29
2730
20
935
29
3927
12
20
8796
29
5062
20
681
20
38896
48
851
0
10
363
332
6
10
915
20
42368
195
12
29
3841
12
34694
23625
20
10517
28
583
348
20
826
416
42184
289
1555
25
29
10339
20
1014
29
11196
1281
25
336
10172
7125
447
2
10
606
2037
25
1001
363
4934
840
25
2
1357
20
53057
12
48
29
8863
1807
363
557
38494
130
29
402
3
13824
26
322
596
3805
2
11460
20
4298
12
130
29
443
5232
3
20
9744
12
48
29
363
2811
6
935
33253
20
1529
414
3392
20
10111
306
20
16903
48
29
3618
289
3248
12
1807
1581
12
1260
26
2
4950
3
42
363
4267
915
596
43
130
523
1963
1079
3
306
424
2936
347
39788
2
20
1305
28
29
31331
2
3
347
21453
301
290
1281
3
131
347
6
1003
20
9299
6
1761
12
7964
20
6549
48
13
1807
985
462
2196
3
405
20
1179
12
306
20
486
20
1191
13
363
3716
3
20
1179
12
290
20
4298
4
336
20
2066
130
406
43
2509
2729
3
20
34148
4235
14426
290
20
2066
336
20
4298
4
42
48
1033
290
2886
16
289
25
20
1179
12
2
527
18353
16
25
4012
16
25
29
964
16
25
1195
16
25
13
419
1220
322
11460
20
4298
12
29
348
369
730
0
20
22182
12
48
20
1636
20
632
7222
246
12
8561
24
25314
20452
2
4298
12
29
3
662
12
8863
59
7617
5533
4298
16
3
290
20
601
130
29
7617
5533
4298
16
3
290
20
5944
130
29
7617
5533
4298
16
3
290
34749
4
5137
12
6373
12
48
20
7617
20
491
20
13824
26
2
20
4298
12
20
9671
12
29
3
6250
363
11980
826
290
3
322
51486
12
20
12544
336
686
25
29
322
20
38144
223
29
20
22469
336
1996
12
919
25
48
29
491
1326
4
3
459
12
20
42851
29
641
3
20
9368
329
12
130
29
407
7
1326
4
48
13
20
2984
12
20
1012
459
12
20
42851
59
957
24
306
20
3248
12
302
6
3
17746
7062
3
23357
25
306
5232
3
20
9744
12
130
29
4638
24
302
919
3
14792
290
402
1557
29
523
8561
16
3
4298
12
20
601
322
302
34942
24
20
687
20
20917
13
3469
24
290
2777
20
12732
30
20
2489
29
20
2076
12
29
20
15190
1829
0
5276
12
2
5505
20
947
29
53137
10376
12
48
13
1807
13824
26
25314
20
1735
12
29
20
2191
130
29
20
1735
12
29
20
2191
290
852
4
596
29
12718
25
130
29
523
3
28600
4959
2
20
8869
20
20917
12
29
1405
3
322
424
4298
12
20
601
130
13
348
20
601
4298
12
2
20
837
12
336
20
687
20
9112
20
5137
506
2376
48
20
2984
12
20
632
12
1581
12
290
36363
20
780
682
6
3
564
12
29
363
4317
12
3377
26
302
6
3
17746
29
302
25
5764
20
4221
130
13
985
767
24
1310
0
289
2303
12
20
2191
347
5740
0
347
10480
0
347
539
424
21529
24
6
25
29
433
24
348
25
919
8
48
13
1807
13824
26
25314
20
2191
315
4298
12
20
601
130
29
3
6481
289
3500
12
20
2066
290
459
12
20
42851
6
302
3
22092
26
20
2191
20
3306
743
20
736
20
560
13
363
10619
5518
2
1557
131
714
22092
26
20
2191
20
6843
363
20
8381
290
558
16
3
29
2
3855
3
48
29
2984
12
1091
12
433
24
3933
302
658
919
8
38107
0
289
1069
25
2
11560
289
947
16
25
130
6210
2162
289
686
25
130
16011
0
289
2234
16
25
130
363
24243
20
2163
290
25
130
29
523
3933
302
658
20917
0
131
1111
363
2811
6
539
20
20917
606
3
48
714
2211
24
20
2158
2
405
20
852
12
1336
1903
2331
29
53137
17746
48
13
1807
13824
26
25314
20
7183
12
29
20
9148
59
29
402
424
290
12718
596
3805
48
29
2984
12
1604
12
4250
24
302
20
2158
2972
1275
421
10
1267
2
20
9005
29
20
6273
130
13
443
999
3000
8
13
363
11794
6
20
9022
12
130
406
331
658
2
405
20
852
4
29
462
1972
999
3000
8
714
5158
1267
999
3000
25
29
658
315
424
18105
0
2
20
11269
29
20
1425
48
714
369
20
6716
956
407
3
957
20
3052
29
837
12
20
2105
4
840
10
48
13
290
3
290
459
20
27297
130
29
290
3
290
459
20
7494
336
539
424
290
20
12555
2
1068
331
4638
1302
289
20
3052
290
3927
12
20
2105
4
48
13
1807
13824
26
25314
20
11269
29
20
2743
29
20
45471
130
29
443
290
12718
596
3805
48
29
2984
12
1931
12
4742
16
1807
289
20
23572
29
523
433
16
363
3933
302
658
919
8
26634
0
2
20
6012
29
20
8249
2
20
837
12
336
20
12732
20
38107
12
130
406
3933
302
658
1157
10
130
13
459
24
20
3160
29
433
24
443
1157
48
13
1807
13824
26
25314
20
18185
315
2084
12
20
12718
33110
8
2
4298
12
20
601
48
29
2984
12
2436
12
21043
24
322
1807
13
433
24
59
20
2066
402
25
363
15223
2
25
20
3160
406
6
539
10
12718
130
29
363
3933
6
20
919
4024
289
38107
16
25
13
459
24
20
2066
20
3306
20
785
6
630
12718
20
687
29
4250
24
302
25
919
20
687
29
20
1866
4
402
10
6695
12
840
25
48
714
767
24
289
20
687
14370
0
13
462
27573
24
837
16
10
336
919
3
43214
0
6
25
322
20
449
130
13
1968
24
407
25
29
407
20
4298
12
10233
12
130
29
8747
24
20
687
336
20
2066
29
20
4298
12
130
29
1963
1050
7
42
18665
294
43
166
42
31289
478
43
130
29
3
20
9368
329
12
48
13
4976
1
387
20
971
10111
0
306
387
20
7617
130
2628
611
290
424
48
20
7617
20
632
20
13824
26
2
545
20
12718
33110
8
2
4298
12
20
5944
130
29
3
801
25817
24
20
601
130
29
4202
24
2456
20
20917
4
681
0
130
523
462
790
3
51486
12
20
5944
130
13
459
24
1869
0
1889
0
306
20
8233
48
29
561
220
3
6194
12
20
12239
12
714
8863
20
8977
12
2
6660
3
48
29
363
12203
4240
2405
4
3
29
9960
3
13
363
3436
12
289
20
54617
48
523
12097
3
1326
12
290
4335
20
16095
12
29
630
18767
10
1793
20
558
12
20
30349
12
2
558
12
2246
59
6
302
377
363
14633
336
20
558
4
29
363
13366
2
302
25
1220
20
687
29
363
1004
25
462
1972
606
3
1869
0
1111
462
1972
17604
0
48
29
462
5121
24
302
491
1326
4
20
6495
4
2336
20
665
12
336
20
558
4
48
20
7617
20
1091
20
13824
26
2
20
12718
20
9022
12
20452
12
2
34749
4
5137
12
6373
12
9744
12
13
459
24
4267
0
16754
0
12876
0
19126
0
687
0
2188
0
17130
0
418
0
130
20555
0
322
20
558
4
130
523
2628
24
405
20
852
4
306
1068
1208
12
7737
16
3
48
29
1963
2963
545
3
13
433
59
42
2288
25
1965
29
5372
30
2288
8
43
29
1963
6312
545
3
13
433
59
42
363
406
419
30
1126
686
8
29
363
419
1965
29
363
5372
43
29
1198
985
2950
221
24
2
1838
12
20
2934
29
20
5706
29
20
913
12
8850
24
336
20
16787
290
527
20
2811
29
348
10570
4959
2
20
7590
1111
462
5121
24
2335
0
6849
405
20
1728
4
289
584
596
3805
48
29
6
424
433
24
289
3714
16
25
348
10
1853
12
713
3714
16
8
48
29
348
10
891
29
5078
713
5078
8
48
29
405
9960
6716
12
13
363
1265
12
336
7071
10
48
13
1807
13824
26
2
3248
12
290
20
12718
315
4298
12
20
34749
4
20
5137
12
48
13
1807
8863
20
1636
20
632
801
8561
24
25314
20452
2
4298
12
48
29
2
596
20
3667
48
20
1636
20
1091
6181
20
13824
26
2
11460
20
12718
29
3
8863
29
363
790
57298
3
59
9548
4677
336
662
12
8863
290
3
48
20
491
47
2984
12
2219
24
6849
20
852
4
787
0
29
6555
24
302
1728
1392
20
2288
29
20
3714
12
29
20
971
12
29
20
957
29
539
10
306
7737
16
25
682
713
1728
25
306
20
3027
131
13
350
798
24
322
3549
25
2
405
20
852
4
29
37553
2
20
837
12
336
20
11291
4
506
2219
2911
421
25
20
998
289
6520
1406
11702
59
42
29
331
919
20
687
28
43
13
433
24
348
20
919
20
3849
20
20555
322
6849
405
20
852
4
419
4763
20
1050
4
29
12873
10
43
48
29
20
7617
20
632
21043
24
322
1807
290
527
1624
6
3
302
289
20
1050
4
3927
12
130
29
302
4763
402
5233
560
12
1869
641
4453
880
0
130
29
289
3
3927
12
130
29
2150
665
16
3
336
20
12718
20
9022
12
665
12
20
12555
48
714
2201
6
3
302
405
20
1050
4
289
1234
8076
641
8166
20
630
2
942
16
25
289
20
437
29
20
1824
12
333
12
13
20
919
419
20
4763
6
20
7755
20
3326
20
35792
306
20
46178
402
10
1111
20
3927
12
20095
12
322
25
48
29
20
7617
20
1091
21043
24
322
1807
29
433
24
59
348
6777
20
8869
2
718
20
1476
12
3933
302
658
797
12
6
919
20
687
28
29
5058
12
6
25
29
7565
12
290
459
290
5058
25
4453
880
0
59
665
16
25
336
20
12718
20
9022
12
20
11460
12
665
12
20
4690
289
20
12718
20
20917
12
48
13
4250
24
302
20
919
419
20
38896
290
558
12
387
20
4763
131
29
658
20
919
3805
4763
0
6
20
402
2
718
20
681
363
2
718
20
1476
12
48
714
289
4661
424
20
681
29
8779
16
25
7445
18246
322
25
611
20
52043
29
363
10339
25
387
20
1058
48
13
1807
20
8863
402
3
13824
26
2
20
12718
20
11460
12
48
29
2150
20
4127
26
7617
1604
15565
6
3
3800
0
302
387
42
20
38896
43
18105
2
852
12
42853
20
30589
12
20
11460
12
29
20
4208
20
2324
6
964
363
10339
387
20
1058
1386
25
59
29
302
665
12
387
42
20
38896
43
665
12
20
3160
289
20
12718
48
13
1917
24
290
377
11199
20
1050
4
29
290
377
11199
20
7755
20
3326
130
29
290
377
681
2
6777
10
336
377
6007
20
1050
4
29
6007
20
7755
20
3326
29
6007
20
15383
2
6777
10
130
13
1463
24
336
1869
20555
322
402
331
6555
25
5706
290
554
3
13
11897
16
20348
4
1112
25
20
491
20
1623
630
331
6555
25
5706
20
10517
28
29
12876
16
3
13
985
29
12432
25
3849
0
20555
0
322
630
331
1790
8
25
290
554
48
714
1807
14424
24
59
13
290
3
290
28763
290
25
630
331
6555
25
5706
25
29
52337
1659
29
27323
130
523
2084
419
3500
0
6
20
2191
29
20
2534
29
3500
0
1069
25
289
2191
25
377
4864
25
2
20
1361
336
20
2234
12
20
9022
12
48
13
52337
1659
16
289
25
20
30340
4
743
20
30340
48
29
25817
1807
2984
12
332
15014
20
15014
13
11897
16
3
20348
4
1112
25
29
54739
3
2162
20
4799
13
52337
1659
24
29
22768
24
289
6210
16
3
29
462
8615
6
3
2478
336
2777
3
6
49884
3
322
2777
3
48
29
462
8615
915
20
826
20
584
48
29
2250
2811
1406
25
59
43
402
1557
19987
1793
1112
25
43
6
3
9435
0
29
637
0
48
29
416
6023
8
336
424
289
20
2290
20
491
130
29
935
8
302
3
1562
2268
24
20
707
29
1562
5828
218
25
48
13
405
1181
12
20
4127
28
48
29
290
3
290
462
34304
289
20
6312
29
20
35060
306
20
7071
377
935
8
25
29
462
11323
421
3
20
718
13
2376
24
289
491
14094
12
336
1996
12
20
2534
29
43214
20
49059
12
322
402
331
1166
43214
25
322
25
130
13
9524
421
3
491
0
331
9524
306
20
641
28
641
0
130
29
2637
421
3
20
12920
1382
12
13
11897
16
20348
4
1112
25
630
331
790
302
5121
25
5706
9671
29
12876
12
5137
12
48
29
6219
302
658
20
491
718
42
20
3228
43
29
20
632
718
20
3423
4269
596
421
25
29
1656
130
29
596
7588
2
6891
8367
7
29
12718
3770
7
48
13
405
2321
12
336
8863
20
13824
28
130
29
363
8949
302
2640
650
223
3
985
2290
16
20
2405
4
29
5128
8561
20
19570
28
2131
28
936
0
48
29
523
985
18234
16
363
3738
826
0
290
10
1220
0
322
20
4590
335
4893
8
10
59
13
348
3
2150
20271
26
2
7737
16
3
20
2378
12
130
347
2
20
601
347
2
20
5944
347
2
34749
12
20
2983
130
347
2
20
2066
20
11460
506
2376
48
13
387
331
2234
338
289
6520
405
20
3338
12
130
315
302
20
2006
14404
338
29
20
1538
4525
492
130
29
20
9473
18963
130
29
20
3
336
539
10
387
20
969
25090
130
29
3267
5
421
25
302
6642
596
3805
20
5667
3269
19895
2
25
20
5489
130
347
3589
16
2
25
20
822
131
13
348
4137
10171
12
20
6891
20
9022
12
3031
130
29
50336
20
12718
20
9022
12
290
2456
20
8561
20
2378
12
5438
539
5735
48
1186
12
42441
12
20
927
45
141
345
2954
25
290
1099
20
15775
48
48
48
42441
12
20
12718
883
5201
20
14689
1186
12
42441
12
20
927
45
141
8294