44
44
79
59928
36
44
44
44
44
7008
20
3079
44
44
9291
596
20
3520
20
6700
31335
221
12
20
1898
45
141
292
45
1719
6
596
919
20
687
28
130
166
20
15078
12
6
20
4525
28
130
166
20
3177
12
166
20
998
306
6433
32986
166
10376
6660
28
48
7588
130
302
826
0
290
20
891
12
20
2833
28
2325
797
12
20
989
20
3784
2981
20
986
227
194
12
20
1741
1983
5201
413
534
20
14689
2534
596
2108
25
166
14979
2
20
6057
24121
307
12
20
957
421
25
583
1127
290
3918
20
2358
130
166
12184
290
15959
20
686
130
714
31249
25
1538
437
0
637
686
25
166
2130
306
4350
25
130
13
433
59
348
5
6025
16
2665
0
290
20
2358
130
166
2147
16
34232
4555
306
3305
10
166
1127
10
48
13
20
3480
3933
302
7588
446
1293
45
17081
595
338
1803
0
166
49575
338
289
52019
166
7008
363
11033
338
583
13073
25
130
1093
433
3875
5997
4269
596
421
25
166
1656
59
37
10366
348
36792
4361
290
957
363
11033
37
130
13
1251
16
6
45
39843
28767
20
1538
12
583
1528
336
2234
12
20
989
894
12
20
1741
534
20
14689
2658
12
596
10458
247
421
25
4044
130
166
4738
322
25
5399
166
25002
290
25
8963
12
166
8060
130
166
433
59
14919
219
369
6148
4
20
989
30
20
6086
166
539
25
10202
306
6520
5399
5
523
6325
5
12168
29663
20
989
46750
289
3281
4
846
315
5
354
12
913
16
5
166
8957
2
331
289
10
1676
4555
1694
596
3805
130
13
1528
20
989
405
20
1898
12
840
25
289
6520
25
130
166
596
7588
48
12545
7008
20
3079
20
2967
23360
596
3266
1
2
7565
16
25
130
166
7996
4361
2333
31364
25
40450
43198
311
20
8963
12
4655
290
6732
20
1898
12
421
25
20
998
348
369
416
1130
1
290
25
8963
45
141
246
45
446
1265
12
6
1
289
8963
16
5
130
166
348
462
2640
217
290
25
13
1457
848
2635
1677
16
289
405
20
501
45
8893
45
747
12
48
7008
20
3079
59
290
3248
12
48
331
7395
2
25
3875
596
4269
596
421
25
29
1656
319
16
25
1406
25
59
37
3117
12
18938
596
322
20
459
17429
25
2
331
363
2253
25
166
348
3744
2489
16
1053
12
7449
211
25
289
539
331
3045
6
25
6
4237
302
13798
421
25
13301
16
25
166
290
25817
20
952
28
166
17751
44934
1866
25
449
25
38969
1415
224
336
2158
37
130
166
289
405
20
8963
12
7479
12
6
2057
20
957
48
7008
20
3079
59
20
8963
12
3516
12
29
20
1341
2647
10
6
302
10
289
14757
7279
5
20
9721
333
12
985
196
45
3926
209
10194
12
289
4318
3
166
306
20
1237
6
290
369
961
20
957
20
1213
18727
20277
451
20
686
166
24356
20
4118
130
13
348
25
10579
302
20
957
20
2536
6
25
22
658
6122
16
25
13120
454
241
25
289
25
130
166
348
25
396
7363
322
20
486
48
166
387
5138
20
14395
12
48
6793
596
292
45
3459
363
4086
387
20
971
302
25
997
1677
20
957
985
462
1912
2
25
846
20
894
45
141
20737
25
53085
228
130
506
433
3875
596
4269
596
421
25
166
1656
59
37
5492
20
1255
9433
0
437
292
45
1420
12
687
363
11033
25
596
2
957
25
37
48
166
2492
302
20
25214
2534
596
964
25
2699
289
20
8922
2793
25
130
13
5781
6
25
59
331
20
1210
42559
5755
20
4657
132
433
59
15798
16
847
20
2556
4
130
166
1150
16
847
20
2321
4
166
331
7653
8
915
4791
242
4
22246
8
10
289
6333
20
1824
48
7008
20
3079
59
363
1768
290
20
811
22200
0
130
166
363
290
20
3723
6035
0
166
21638
43553
45
957
20
2536
363
4518
20
745
130
3191
25
59
1252
369
306
1486
289
1009
12
761
12
26763
45150
2695
12
315
2127
12
660
130
166
369
20
1486
5686
0
166
2057
1088
13
1079
421
25
2612
3459
48103
691
13
331
5828
1
1081
4884
20
2127
12
449
25
322
25
2
363
4382
10
166
1934
10
132
13
290
20
1190
897
10
363
4884
915
2
20
6777
166
20
1934
130
13
6354
1252
6025
1486
1569
12
936
2419
12
1595
45
141
218
3305
10
166
462
1912
2
10
363
5804
25
915
2
20
486
130
166
713
25
3800
0
1252
369
6
1486
3846
293
12
166
1570
32557
658
1620
25
2
20
3796
2987
303
166
20
15908
305
13
363
2915
20
448
276
915
221
45
4382
10
42
2024
43
59
38628
9797
31519
21870
3
5
2
14263
2464
2529
5
24466
299
36024
2263
210
12959
4883
2464
218
1252
6025
16
20
957
1569
12
501
12
166
1127
16
936
1058
130
363
846
4631
0
6
2658
12
596
10458
247
915
2
20
486
59
37
29
302
682
6
20
1310
915
331
7556
37
42
20
2101
59
4527
43
130
37
13
290
369
22122
1019
919
25
7726
21409
486
45
31366
227
0
37
20
16214
59
7993
130
37
4159
2
331
369
24
10518
26
37
20
8001
12
59
6016
48
37
348
801
3949
24
29
486
24
20
1191
4
369
16
6
45
49877
2238
16
20
14305
5085
0
42
11624
43
1416
28
289
10
363
45258
45
384
6159
10
724
0
37
20
16214
59
11624
130
10670
130
37
915
290
10755
29
3949
29
486
486
0
1191
0
37
20
25839
59
3328
48
166
331
2353
289
387
20
1126
59
37
2042
20
1741
306
1240
59
2232
12
7539
4267
915
596
166
302
534
3875
596
130
166
1567
20
3177
12
130
166
20978
276
20
7789
12
130
5659
321
2490
130
166
894
20
1555
290
3107
840
25
2333
0
37
48
166
20
3536
1406
2
20
4950
13333
2608
4850
2
20
16217
166
486
2
20
4330
130
166
2909
20
811
611
290
302
29097
348
369
292
45
459
2640
20
546
12
2
1621
596
3805
166
4031
25
130
523
414
302
6869
2
7565
16
25
8463
17370
16
25
6
302
2658
12
596
1908
290
20
4108
28
130
166
1252
5781
3800
0
2640
2
2536
292
45
3536
130
1457
8
59
3047
130
523
4443
2640
132
166
990
290
1842
12
161
42054
9130
10
336
302
2139
132
13
491
847
20
1842
4
1842
12
20
3536
130
166
23
25
1081
8375
290
5039
20
3536
319
363
132
166
985
996
196
130
1081
658
15819
0
22200
0
132
166
433
20
1195
20
6429
59
1260
596
3805
6
5058
45
141
35854
199
20
1420
12
59
6481
24
1827
9834
20
546
12
2
2658
16
5
166
38790
4959
2
811
14
48
7008
20
3079
59
331
462
2179
462
3738
20
2782
48
19050
302
1486
0
290
2042
1298
459
596
3805
2131
28
501
12
13
3974
596
3805
12168
51429
25
306
20
13030
12
13
3835
596
840
25
880
0
11903
25
302
25
315
847
20
5058
12
43859
4850
2
25
1571
20
546
12
130
13
2026
1130
25
433
20
6199
59
1267
3045
8
6
20
5058
12
27173
6
45
358
897
37107
25
130
13
2026
8850
20
880
433
59
9022
2838
7588
2
331
433
130
13
433
596
3805
59
37
985
419
462
3915
322
5058
3852
13
1267
315
20
4031
363
18360
322
25
130
39698
24
1827
39128
897
5
416
22680
16
6
25
37
130
433
3875
596
4269
596
421
25
166
1656
59
37
5459
24
2777
14
554
897
20192
24
3790
24
811
14
554
302
43245
219
24
37
48
166
433
306
6903
596
322
25
59
37
290
5828
897
25
2
743
20
2862
2139
13
419
19819
130
166
290
5828
302
25
7328
20
2862
2139
13
419
396
7363
37
48
1274
292
20
1195
2658
12
596
3805
59
42
891
20
546
12
2
363
486
8630
290
20
17031
43
48
166
433
59
3117
12
20
1838
12
780
3500
12
20
486
363
780
20
486
48
166
433
3875
596
4269
596
20737
25
166
1656
59
37
20
8298
290
5551
686
25
166
486
6
331
414
20
2793
166
20
23760
290
10001
43465
25
166
6475
306
596
20
13164
37
48
7008
20
3079
59
990
290
18834
25143
16
10
2
4540
20
957
166
12769
12
20
1528
166
1893
16
306
3809
220
1
20
4154
130
363
7588
331
369
20
18199
289
25
348
369
3187
1046
20
4118
166
4895
13767
45
21883
6057
5554
10
166
20
38578
12
306
20
13355
166
20
5913
13
5630
6
1
714
5630
6
1
48
166
46280
219
5078
1
289
25
6086
4317
12
20
3675
4269
596
421
25
166
1656
166
16358
5568
1
166
4249
292
45
686
20
20209
12
2
20
3467
130
13
38491
6
1
714
38491
6
1
48
166
1674
4375
290
433
2024
0
59
6573
20
4170
6
539
1112
1
7765
218
33847
252
27
6
539
1093
1
7339
21744
2331
20
3079
59
2445
331
3613
16
13
348
1
5351
130
166
15044
290
3613
16
13
302
1
7988
25
130
166
8957
331
3613
45
559
45
348
1
21759
5
2
25
48
7008
20
3079
59
446
1557
4234
6
1
290
6057
957
20
2288
130
166
20
1901
166
20
1388
6689
45
11911
166
20
12702
166
20
3052
166
20
3038
166
20
974
166
20
8145
539
19041
20
972
221
45
1901
4466
20
4799
130
348
5
1548
16
289
13921
3519
20
3177
12
166
20
998
130
433
59
290
1053
12
12168
21311
20
5351
306
20
8549
12
336
302
10902
306
28251
20
5123
6642
596
2
4511
16
25
290
45
53984
14902
28
2006
0
130
6
596
491
25
1260
22356
18881
16
8691
20
3045
501
28
166
331
18881
16
8691
45
57324
242
12
166
402
437
4934
289
1950
1
1260
59
331
8531
6
13193
166
2838
17483
2
3019
130
1033
5400
20266
363
9419
48
7008
20
3079
59
20
957
2
363
486
8846
130
166
20
486
2
539
957
363
658
48
166
7588
302
20
957
363
8949
217
20
437
322
20
23323
130
166
363
2526
217
306
20
7565
12
130
166
41241
4522
217
1803
0
322
2158
19164
130
166
985
462
6286
20
437
166
462
8748
20
1114
20
747
45
141
21158
304
1803
0
437
20
1420
12
130
13
15539
8
5703
1191
0
130
32128
59
1827
23760
2838
290
674
29834
276
48
7008
20
3079
59
26681
21436
12
289
20
2108
130
166
20
3921
12
289
20
686
130
166
20
2793
289
20
13802
196
45
302
1770
1
20
5123
130
166
2057
20
9742
3615
17229
289
402
2478
12
4443
2095
840
3
130
26337
250
4198
217
302
2095
840
3
2
363
3139
130
166
433
883
4142
20
2599
6903
596
322
25
59
405
292
45
11007
9341
20
5116
130
166
5340
374
20
27081
130
13
8970
289
686
1
290
446
7
2838
130
348
15
45
13920
20
5116
20
6419
12
13
997
9419
2670
28
17071
15539
5
336
16206
17791
6701
0
336
2838
698
228
289
19867
15764
20
16217
130
506
433
3875
596
4269
596
421
25
166
1656
59
37
17004
2033
200
20
3520
290
2793
1689
413
11076
37
48
166
20
28083
2
596
348
15
16
290
20
27081
130
506
433
5997
3805
59
37
5497
30
20
25129
406
332
19113
37
20
9664
59
13007
48
13
363
31014
2727
1
290
4988
12
20
1881
336
11662
12
20
2158
130
166
2492
302
20
1195
292
45
6429
2658
12
596
3805
6361
4323
12
2883
5258
13
2104
20
20050
166
54739
421
25
166
3793
8139
228
25
130
13
2026
22761
5781
6
25
59
4000
1827
8618
1725
132
433
59
935
16
1151
12
2057
20
2158
997
4850
304
26
6
2057
20
546
12
10212
269
24
421
8
290
20
2883
347
988
5548
14
596
48
7008
20
3079
59
1252
369
20
957
20
2536
3470
0
6
1
166
363
3190
336
486
6408
25
130
6
369
2393
276
59
1081
290
6066
130
1081
290
396
31761
130
1081
290
21560
7765
0
130
2
363
3436
12
48
166
2492
57432
314
12
290
20
11679
12
6903
596
322
3
6660
28
935
24
459
596
413
972
606
3875
5997
4269
596
421
25
166
1656
13
433
59
37
3047
20
1486
419
130
1252
369
19931
2
20
1824
37
166
433
20737
25
20
998
6
1486
290
1859
25
59
37
1827
11661
363
12774
20
4154
2
20
1824
130
13
348
3927
45
141
292
45
4154
2
20
1824
7917
1242
25
13
9709
0
437
20
1420
12
37
48
7008
20
3079
59
166
290
20
1824
13
43388
2
25
59
681
130
166
2
20
365
26546
332
56075
313
2271
130
6689
45
396
31761
26
2
20
365
26546
935
130
433
421
25
20
998
59
37
662
12
2839
377
7405
292
45
3424
130
166
1965
20
396
31761
28
2
20
365
26546
37
48
433
13060
20
5303
130
2658
12
596
3805
20737
25
59
348
596
19388
1
166
3805
3045
7654
0
2
20
365
26546
2196
20
34806
166
20
29839
29668
20
880
20
8313
130
166
433
3800
0
59
985
369
491
20
1824
13939
22193
290
999
20
8233
59
3068
6
4824
292
45
6199
26
53147
166
2139
26
331
5523
596
130
714
13939
22193
289
7764
20
1824
59
3068
196
45
4824
20
769
210
26
130
53147
166
2139
26
336
20
6584
130
13
985
369
20
6584
962
22193
59
3068
4850
400
20
396
31761
26
130
53147
166
56075
313
130
13
985
5726
20
3641
962
22193
59
3068
6
4824
292
45
17673
26
130
53147
290
16050
200
3
30
20
12115
1197
24
290
13099
3
48
7008
20
3079
59
2492
289
18847
22688
20
4765
6
1487
25
302
25
433
59
1827
2042
363
658
45
4864
45
7286
10101
220
290
1
13939
2
20
365
26546
166
2838
11206
130
166
1674
5505
290
433
2024
0
59
1674
11785
16
289
7687
1824
5355
12
48
48
48
306
42334
166
1600
166
348
5
6
11206
217
3971
16
166
1555
596
1252
15
16
10011
0
48
48
48
6
8
2376
5664
2
20
9356
20
33373
218
28199
302
5
25942
5452
40926
12
48
48
48
6
10113
13
363
25880
130
166
16603
20
36819
21744
2331
20
3079
59
6204
12
20
957
302
3305
302
20
7565
12
166
20
5058
12
331
443
48
12545
59
1412
20
7565
12
166
20
5058
12
1672
12
20
2038
289
20
5589
166
20
36547
130
2
20
1406
6689
45
1330
48
2253
402
331
2353
166
6286
166
7202
166
658
2
18837
20
4731
130
506
1252
4616
35854
199
20
1988
166
1114
20
35008
1768
11941
0
130
347
19137
16
289
9332
27347
434
166
348
369
16
947
45
141
516
301
12
495
6181
48
7008
20
3079
59
3933
6
1
302
658
1406
1
166
13
518
1
1940
0
6
20
4731
1111
20
957
166
20
486
221
45
363
18837
20
4731
16998
12
130
166
3933
6
1
302
363
796
378
2
20
20265
166
24201
4
20
7509
12
6
6238
28205
387
20
718
658
2
20
6348
12
166
1891
13737
12
20
686
166
1309
7711
10
2
3815
20
902
45
141
454
2
20
24201
4
166
20
5591
223
4
48
166
12545
130
302
20
4950
20
3306
166
20
1950
20
10330
20
17051
2
20
13149
12
166
20
13737
12
3117
45
141
292
45
31837
12
130
583
363
10293
20
686
2
4375
20
6348
12
1023
11684
1950
1
2
12718
20
1996
12
48
166
12545
302
545
5399
1
335
34037
322
10
363
21531
6520
10
2
20
1058
12
166
20
1406
31249
462
2970
847
20
637
12
2275
8779
130
166
915
13
957
10
290
20
6050
4
6
302
10
39162
12
130
166
402
331
658
39162
0
363
21531
1790
25
2
20
1406
30
58349
20
7348
166
5936
12
20
333
24683
915
2
20
9435
48
506
19050
302
322
5
8
1528
915
1242
6
25
302
49151
12509
12
20
24688
45
141
16430
846
130
13
1528
6
25
289
6520
25
59
1827
11661
348
5
15
16
1068
16
1
322
5
8
1116
48
1100
2219
45
30914
1
45947
23760
48
6
302
405
20
12509
12
39162
12
348
2095
840
10
2275
130
166
915
363
21531
996
246
10
2
20
1406
166
20
1058
12
48
7008
20
3079
59
545
5399
1
290
387
20
3806
130
166
1033
20
545
377
21531
6
25
20
6520
1503
228
935
8
25
289
6086
20
2358
166
539
25
48
166
4162
51160
9501
290
25
166
14011
840
45
39468
45
4667
59
416
29
1627
306
20
19570
952
12
1687
59
20
681
20
491
59
5138
2223
363
658
289
25
12722
12
48
166
20
632
59
8001
12
38379
363
5901
414
10
336
20
3589
12
48
166
20
1091
59
55846
195
25
20
6363
583
363
3040
6
578
421
1
584
48
20
1604
59
6057
957
20
4317
12
971
331
4190
2
25
5589
596
3805
48
714
290
20
2358
292
45
641
12
331
658
2
25
20
6122
12
48
19050
302
20
22117
2658
12
596
797
19572
12
1967
130
166
433
59
6025
16
952
12
1879
1126
130
714
3539
16
290
10
1126
0
826
0
166
486
16
2
25
166
882
16
331
6408
25
4849
5
6183
16
25
13
2211
45
3060
379
5
166
6122
16
5
289
25
48
166
30
302
957
20
491
28
166
20
641
28
402
25
28043
0
289
25
13
26265
45
791
45
25
130
166
424
302
3875
596
4269
596
421
25
166
1656
433
6
545
1859
25
59
37
8957
196
45
4118
1
2
971
3770
1
289
10
130
166
8957
6
641
16
1
2
971
10394
1
289
10
130
166
8957
6
596
2
971
31167
194
16
1
840
25
130
166
8957
6
20
2158
2
971
4730
1
421
10
37
48
7008
20
3079
59
985
957
16
387
20
1126
363
1265
12
336
20
957
20
730
130
166
6183
16678
30541
12
660
59
166
424
302
7688
0
20
20266
369
290
1859
20
2491
20
45078
2658
12
596
10458
247
421
7
130
13
4738
25
437
0
433
59
1242
5664
731
662
28
501
12
331
1677
16
289
10
132
433
59
1677
16
2904
5006
290
20
957
166
443
56405
209
290
25
4849
5
8974
6204
5
166
6122
16
5
289
10
130
13
433
2491
59
8779
36
433
7688
20
20266
59
20
3436
12
20
1012
59
348
5
1008
16
336
20
3045
13
1548
16
6
402
290
3
10194
0
166
22376
0
5329
45
419
13082
25
166
545
424
20
10194
11972
25
336
1570
20
2793
166
545
25
336
28251
20
5123
130
714
55307
242
402
25
166
5022
25
3617
0
2017
0
166
363
3618
315
25
289
5123
25
290
3
578
130
13
8970
16
1274
196
16
59
1243
10194
20
6951
331
3618
315
25
289
5123
25
166
46015
25
289
25
13
331
2211
16
539
292
45
811
20
1191
12
13
2104
16
10
10194
0
848
6
846
10801
0
848
289
52019
130
166
1493
6880
33100
209
25
166
363
58293
3617
0
48
20
3436
12
20
632
12
59
348
5
1548
16
20
3045
3268
3893
2
29238
3
166
13536
26
336
5149
45
291
6559
220
3
13
6183
16
1406
25
3805
59
29
1033
290
17644
3770
919
25
29
13567
292
45
686
322
20
9721
42
2379
43
13
348
20
546
12
443
20
12908
43
20
37732
4
59
2379
130
4483
166
21638
16
302
20
3424
584
3816
13
6548
16
336
1901
686
5
166
34416
211
45
791
45
6348
16
10
166
331
2111
16
10
2
7711
10
583
6903
16
2
7565
12
596
6793
25
166
3805
1380
2221
16
48
20
3436
12
20
1091
12
59
348
5
1548
16
402
826
290
20
1255
3373
289
1127
13767
20
4118
714
400
803
10
5495
0
745
25
421
25
130
13
6183
16
289
1406
25
3805
59
42
331
606
14
25663
218
45
331
606
596
4047
43
20
9463
59
6129
48
13
3777
16
10649
5
290
20
4118
6
1112
596
3805
46
13
1529
16
25
407
20
17731
28
6
658
22733
45
4308
606
596
3805
48
20
3436
12
20
1604
12
59
348
5
1548
16
545
20
3045
5828
2738
25
29
1735
25
289
3927
12
20
28195
218
45
20
11419
13
12247
2
3
46
29
4250
641
302
25
289
3456
12
20
2128
29
3927
12
20
4098
13
31394
45
24904
45
10
46
29
1068
545
3
20
2738
29
20
1735
289
24102
20
2128
20
1255
29
4298
3
29
15155
13370
3
46
29
4638
16
2984
12
302
25
289
11283
20
1281
29
19331
25
29
22730
25
46
29
6183
16
289
1406
25
3805
59
42
42
348
8508
14
606
596
51434
14
43
43
20
4297
4
59
1586
48
13
3539
16
20
11465
29
4638
45
30914
20
3424
584
3816
29
5828
3
29
1861
3
402
10
7339
25200
48
20
3436
12
20
1931
12
59
348
5
1548
16
20
1255
4463
199
545
3
545
0
29
2237
4926
545
3
545
0
46
13
2211
16
424
290
20
14733
289
20
1281
29
20
3221
29
20
957
46
13
6183
16
289
1406
25
3805
59
42
42
1267
1636
8
407
3
4460
16
3
289
20
913
12
20
4118
43
43
20
17057
59
3236
48
13
957
16
43553
45
1636
12
369
16
290
596
3805
289
20
18888
13
331
14733
16
578
0
29
6903
16
2
1636
12
596
3805
48
20
3436
12
20
2436
12
59
348
5
1548
16
20
12082
32149
545
3
545
0
6
4347
29
804
13
6183
16
1406
45
5914
4372
247
59
42
42
348
20
8926
6
14
3127
4585
1364
1302
3127
0
43
43
56471
59
55
48
13
957
16
302
25
33466
14380
12
641
539
20
8926
48
29
20
3436
12
20
1953
12
59
348
5
1548
16
402
578
3373
2
762
29
20118
2
3425
12
6
1388
6
891
292
45
10327
29
20
6152
2
527
3718
2
25
289
3185
12
29
5680
46
29
36276
686
25
46
29
10070
971
25
46
13
6183
16
289
1406
25
3805
59
42
42
29
331
290
18544
12
289
20
1155
915
306
596
5548
10
43
43
15020
59
55
48
13
957
16
302
5548
5
306
596
3805
46
29
416
1234
25
13
14979
16
2
5058
16
25
29
1891
16
13131
45
24364
478
6408
25
48
20
3436
12
20
2586
12
59
348
5
1548
16
402
826
0
4172
0
306
1557
11291
545
3
336
292
45
2696
713
25
46
13
6183
16
1406
25
3805
59
42
42
29
290
4602
499
306
596
13
419
1068
25
52683
25973
2324
681
25
416
1968
596
6
402
1557
971
0
43
43
20
6154
59
52
48
13
15501
16
306
596
10458
247
13
419
1068
5
29
3047
20
2549
46
13
433
2491
59
1342
1
596
3805
348
5
416
1008
45
12144
45
15603
12
29
20
13921
29
20
5343
311
29
20
25839
46
13
2211
16
20
1528
20
952
12
5077
306
405
292
45
5006
20
2904
12
46
13
290
486
2
10
369
1230
0
2
405
20
1528
20
952
12
48
7008
20
3079
59
416
957
16
290
12939
28
20
4695
16
28
302
1
363
3190
336
54617
20
957
46
29
1100
14293
331
1166
306
19570
2333
20
584
48
13
12545
302
25
3933
6
20
19570
989
4912
27177
6
4235
20
5568
20
4012
12
290
25
2
1704
16
45
419
45
2651
1204
10
3045
0
1195
0
48
29
2811
20
1704
12
6219
1330
20
5337
377
32951
20
9875
218
45
4235
20
5724
45
46279
45
2289
12
290
407
20
5585
6
10274
6284
16
25
29
8724
14457
25
46
29
363
538
6
20
19570
290
32223
47517
25
29
23907
25
336
2333
596
3805
46
6
302
25
596
3835
6
20
5058
3875
0
6
20
4787
29668
2333
25
46
13
985
30397
4269
596
421
25
29
1656
1093
2123
20
17104
289
1204
25
583
31523
228
24
336
596
3805
46
29
1037
20
989
377
9974
302
658
895
0
6
3875
596
451
218
4
596
29
998
25
421
25
302
658
687
0
46
29
523
363
402
687
9974
6
20
1901
12
46
29
348
5
14293
6
1
545
3117
16
25
306
2333
20
14725
583
363
5229
402
578
302
25
4912
48
13
4667
59
290
3915
322
1490
20
4118
29
1490
20
3221
46
29
369
416
1187
6
736
12876
48844
7659
17159
16
25
336
1096
20
9772
28
4269
596
421
25
29
1656
29
369
4108
0
902
12
686
25
53697
12
20
5648
29
20
1406
29
20
4154
46
29
3927
12
20
12874
4
29
20
4375
12
29
20
4248
46
29
369
2
1672
16
45
6812
45
989
20
12876
30162
0
16902
20
5568
6
25
1815
12
30
20
4730
29
20
3177
12
29
20
2271
29
20
15501
218
45
20
7437
29
20
4888
12
29
10696
12
20
686
29
20
3609
29
20
9606
20
957
29
20
4375
29
20
13309
218
45
20
4403
29
20
25061
29
6
14548
29
20
16082
29
5913
10
46
13
419
985
2066
290
12718
20
3675
451
247
596
421
25
29
1656
9974
20
18837
2
25
46
29
523
965
713
25
3995
14792
290
20
14136
292
45
3150
46
29
290
4742
16
25
20
2610
12
13
2211
989
0
506
935
8
29
554
25
20
989
3933
12168
47870
2369
25
2560
0
29
5762
0
48
1033
2706
20
2560
13
419
302
363
20446
25
29
363
16254
221
45
20
2415
315
25
289
402
2419
12
29
348
957
3087
25
46
29
363
8824
407
745
5
25
10963
16
25
915
59733
1673
20
3177
12
13
985
14210
4930
10
46
29
363
13268
42544
20
3177
12
2
2234
16
25
46
29
1912
323
12527
25
20
989
290
20
486
2
971
6125
25
29
1370
16
25
48
29
1033
2706
20
5762
13
419
302
4366
7057
29
5192
290
25
289
20
2560
363
11380
25
289
20
5762
363
1330
0
29
363
1406
0
19989
6574
492
2
20
13123
46
29
348
462
8229
5022
7600
16
25
336
302
7515
5762
25
29
2560
25
46
29
40734
224
322
4124
12
1242
20
3467
6
18246
29
363
41505
12615
20
546
29
20
937
290
14067
1950
45
39468
1895
3195
322
25228
20
34500
12
46
29
306
402
637
6614
20
2719
306
20
7257
48
714
12545
46
43553
45
19519
6
25
23009
2377
59
20
15355
12
29
20
14548
322
20
3045
46
13
290
15355
29
5505
3045
45
3192
45
20
1255
29
1230
3
2
20
3609
13
419
7509
48
29
20
15355
12
302
25164
209
3168
686
25
6
577
220
25
46
29
1195
292
45
3045
315
20
1255
302
363
2196
20
1255
306
5149
686
1
406
2196
686
1
306
5149
3
18139
8966
24
20
4731
46
714
348
1
34037
322
20
11609
12
46
29
443
662
12
4221
578
10
59
760
12
681
20
4731
46
29
632
10
59
20
22904
2
20
1646
29
20
971
29
1636
12
596
3805
46
29
1091
10
59
780
22904
686
1
289
891
22904
596
3805
46
29
34037
322
20
15501
419
2838
309
42937
5138
1
2
596
3805
956
3601
2253
7451
302
331
971
6
1
22
2139
840
1
4889
16137
12
29
348
16584
402
290
289
20
687
306
2147
25
322
1
46
29
331
462
4655
1023
2139
840
45
2362
45
348
4742
1
630
20
687
48
29
34037
322
20
7852
46
29
419
302
846
811
1
402
10
6
596
10458
247
29
363
18737
1950
1
2
2942
228
20
1255
29
363
43387
2
1835
199
16
3
48
29
29990
46
302
20
28104
478
13434
292
45
3045
46
29
1620
25
302
5591
3
25541
28
999
20
971
12
29
7941
3
30
20
31450
4
289
770
971
45
141
250
1895
292
20
3078
12
29
20
13650
12
6
4642
290
42368
4
3
46
29
4443
7941
3
3325
971
12
29
3714
12
41241
4522
322
1
20
28104
48
7008
20
3079
59
29
20
3701
290
5399
1
545
10
344
5983
289
6148
4
5
4324
570
223
290
25
29
1058
45
141
1124
269
10
5680
46
8957
2838
2
331
2179
6
5532
6
1
4000
3305
48
7008
20
3079
59
414
20
437
363
33845
331
40349
421
1
915
2
4950
20
16217
1406
45
5914
4372
247
59
42
42
29
1252
302
3
4730
24
583
3716
840
3
6
369
1866
0
6
3
43
43
20
4297
4
59
54
48
29
36044
8963
12
20
4500
421
25
20
998
997
433
59
42
42
13
363
33845
322
1557
583
3532
6
45
28947
25
935
0
43
43
20
16214
59
56
48
29
363
32945
583
2970
347
23
25
5532
6
1
29
5591
25
59
42
42
13019
211
5
14
3494
4
5
13
363
32945
26
43
43
20
12323
59
4006
48
13
363
33845
554
20
739
59
29
21638
302
1
363
2095
915
2
20
1815
6
1406
25
3805
59
42
42
347
462
5735
24
289
20
1155
246
45
4934
24
43
43
20
2521
59
58
46
50545
59
2171
48
7008
20
3079
59
2
596
348
23275
444
20
15985
289
402
1770
46
29
2867
2458
2108
1
13
348
1469
48922
45
681
3777
20
2108
506
433
5452
20
14763
20
867
2658
25
596
3805
6
578
290
12790
16
25
59
322
971
16
306
3777
20
2108
13
11726
29
915
13
363
22404
2
24216
4
20
7509
12
48
7008
20
3079
59
348
5
37443
2
2904
12
4221
36044
10
290
5
19989
658
957
1
5645
45
43148
1
437
20
1420
12
46
2179
290
10
952
12
46
29
17226
290
10
952
12
1033
9364
17226
59
578
10
59
302
363
30677
578
0
289
2419
12
331
10464
16
6
302
289
10
3494
4
730
12
13
18351
45
298
225
31664
290
7653
10
46
1111
443
14647
402
3045
46386
30
20
28104
29
20
14733
29
20
8249
29
20
10002
218
45
20
14380
12
29
20
38578
12
29
539
10
46
3047
1252
1814
2419
12
407
1
29
407
736
347
4008
369
45
142
250
5698
16
1
289
10
302
3463
20
584
29
363
11692
4810
20
1139
523
6
847
20
3714
12
3117
2377
59
8759
7
59
302
363
7786
407
302
27794
20
584
306
4950
1
347
306
539
1
46
29
20
632
12
59
302
658
20
1139
289
20
30611
4454
840
1
290
302
658
289
20
10663
46
29
21834
348
5
8002
196
45
1
51160
3436
12
48
29
29990
302
20
2006
322
20
1341
4
1046
1570
20
1950
336
20
2853
218
45
20
6520
6
25
7556
6
1959
1570
25
48
29
29990
59
302
20
14420
28
20
3083
4318
3
29
20
2746
292
45
2932
29
20
687
20
10731
363
10274
20
2225
12
29
20
687
20
1270
363
8770
402
3288
374
8770
290
22122
289
25
2647
20
2225
12
29
20
3295
48
29
985
369
16
20
518
12
6925
12
20327
1399
0
363
4955
20
1620
13
31082
198
12
20
2853
289
25
302
1260
387
363
5192
20
1620
13
38358
210
1172
289
25
2
27303
16
25
6
302
289
25
19041
20
972
46
714
12545
46
302
1570
20
1968
306
7289
1124
12
2665
59
578
10
59
5192
20
1620
29
20
3701
363
5192
1033
377
363
5192
42
578
10
43
290
369
220
252
292
25
29
4575
25
322
14733
25
29
27146
25
13
4366
14209
25
2
5505
29
19272
25
29
1106
25
13
363
2893
6
45
327
339
915
27146
0
29
14380
12
29
14733
0
46
13
20
718
302
363
9047
2
6520
25
1093
5781
59
402
20
14380
12
416
16624
3415
16
45
298
250
454
14380
12
290
18076
1
322
14733
12279
52738
302
1568
322
25
29
7202
25
315
1570
25
46
433
596
3805
59
42
42
13
20390
322
290
4841
6159
935
8
29
462
5575
915
20
913
12
20
4118
43
43
20
2101
59
2813
48
29
20
42817
2
402
331
1260
218
45
4670
36137
2158
289
5585
957
25
46
20
14733
10350
20
1195
4
506
13446
20
2158
20
15145
48
29
20
632
59
302
846
518
16
25
290
20
16572
12
29
419
3800
0
363
5192
20
1620
46
506
433
480
1394
421
25
20
998
59
348
5
331
3321
16
322
6086
20
12115
29
416
3321
16
322
2225
12
20
23760
46
29
424
1486
16254
2
891
20
957
2407
0
13
1824
0
29
9352
3125
0
290
20
957
20
5137
218
45
20
2199
58740
29
11593
290
16572
16
25
306
20
687
20
594
377
5615
972
25
289
20
2358
292
45
5137
12
29
20
2199
12
46
29
387
20
23760
462
4086
29
10006
302
331
40349
421
25
419
3800
45
46234
499
6
20
687
20
594
46
13
985
462
4086
387
20
971
658
2006
25
290
20
16572
12
46
27173
302
363
16254
2
6520
25
48
29
20
1091
59
302
658
47229
0
29
402
331
363
6976
290
2288
20
21907
2526
306
5663
45150
199
25
29
369
2006
25
6
20
2516
12
523
658
19051
0
363
5121
20
4706
13
363
3933
292
45
17429
2
6520
25
3800
0
46
506
433
3875
596
4269
596
421
25
29
1656
59
42
42
1267
1153
1158
20
12323
681
8
302
33899
199
20
1255
306
971
6060
3
43
43
48
29
1033
20
1570
377
4850
374
20
1620
13
419
302
658
47229
0
11257
0
2628
0
363
658
14563
20
14733
29
20
3474
218
45
1490
20
13737
12
29
20
3221
29
20
1281
46
29
658
961
20
718
20
12111
29
462
1972
2006
45
419
45
4575
25
322
14733
29
13327
29
3924
46
29
387
5192
20
1620
13
4680
302
22404
2
6520
220
252
292
25
406
1166
421
1
4210
16
25
48
29
20
1604
59
988
17226
29
419
302
10325
302
846
23126
0
29
3227
0
6
302
289
25
8858
12
730
45
141
250
454
302
2179
2
331
2353
491
0
46
714
341
262
2
25
20
1255
13
8970
956
5781
6
3519
421
45
6812
45
998
59
1827
1487
5890
2723
686
1
13
348
57465
16
13
2723
20
1255
29
915
13
22743
290
16206
48
29
348
24996
16
2
387
20
486
13
2007
224
322
23009
16
28
59
20
1012
59
322
20
3009
289
20
2288
2
20
2556
4
29
20
2321
4
29
20
24201
4
29
20
1983
45
38993
45
20
12702
6
302
596
3805
45621
20
40155
28
46
29
20
40155
20
12742
322
20
599
5553
17582
9430
20
5762
29
13149
12
20
1950
46
29
2811
20
8358
302
2086
20
459
2158
20
641
45
141
218
45
7953
686
25
289
797
12
20
9056
46
29
48902
289
972
25
20
747
377
31200
195
25
956
28338
25
46
29
48902
956
407
745
5
25
290
20
1842
4
290
770
20
3536
289
20
9020
12
29
2798
45
141
16137
25
289
2470
880
20
2793
46
29
1081
5122
306
6520
9248
29
5422
297
46
29
7156
2
637
25
40556
45
1420
12
29
330
623
10
46
29
1081
5263
322
20
27960
2380
0
319
3718
289
20
11662
12
46
29
3778
1182
405
20
4221
289
1950
25
27213
7490
223
322
720
25
46
13
17779
405
20
5010
29
1917
405
292
45
15127
4453
210
226
2935
0
29
1419
3
20
3045
29
10252
3
306
405
20
4221
29
10111
3
306
7953
3
58901
10507
3
29
26172
3
2
8500
2777
3
25002
3558
12
405
20
5010
2057
20
513
29
39035
242
45
37397
339
20
15127
9119
1737
15881
20
972
20
747
2
971
20
1370
12
46
29
38242
24
306
20
1114
292
45
6035
12
289
539
7565
12
596
3805
46
405
20
3248
12
306
387
20
718
4453
17606
45
44737
195
1252
1548
16
302
20
4918
416
2637
306
1881
578
29
369
419
29
2057
25
289
10
13
2353
59
20
2721
292
45
2721
46
435
24
290
20
4918
29
1081
31631
1950
1
289
405
20
637
12
302
15993
1242
20
1881
26570
1
2
4939
20
2556
4
29
20
9257
29
20
2321
4
13
363
25924
20
5375
12
13
30
424
637
20
23126
12279
52738
302
643
53407
10
48
29
20
23009
12
20
632
12
59
302
363
846
3
16
1
289
17606
1
302
23452
20
3045
289
513
1
29
3499
45
410
292
45
2211
29
18492
218
0
20
10172
6
5191
3047
20
513
387
46
6
302
402
25
2109
6
20
4118
29
419
29199
478
20
13149
12
46
406
3933
302
658
5377
1
11739
16
1
302
4996
20
1255
290
20
4118
336
292
45
641
12
46
29
290
20
22182
12
336
20
7565
12
29
290
20
2269
336
20
20513
46
29
290
20
21851
336
292
45
16762
46
29
290
20
13745
336
20
11465
29
45940
840
3
20
641
12
29
9700
269
840
3
20
4118
46
29
3305
3
957
20
5058
12
29
20
20513
6
302
20
3215
289
6270
3
20
28224
322
5365
20
4731
218
45
20
3271
956
363
11768
596
3805
2
25
46
29
20
12319
2
20
5568
20
12269
12
53030
29037
2674
3
20
7672
29
9839
3
29
2721
3
3269
30557
290
20
4349
46
29
3631
852
4
5762
45
37397
210
1304
29
2982
12
2560
3
22434
46
29
4934
24
20
2269
29
20
2110
12
289
20
7565
12
46
29
20
7412
6159
20
22182
12
46
29
387
718
20
17606
29
20
8963
12
46
29
402
17606
363
658
3297
13
419
29
2
20
306
290
433
29
7057
46
406
5781
348
25
7058
29
8926
5361
2
20
3045
322
718
29
35977
3
48
13
1166
421
3
302
4156
24
290
25
6
302
33489
346
387
20
1856
290
986
3
363
2818
10712
45
6812
45
8926
46
29
290
369
16
6
25
745
29
9592
12
1166
421
25
302
11086
25
322
13294
20
27396
29
4531
45
165
1137
195
6919
46
13
348
25
290
3248
12
20
681
2
20
2082
29
20
10470
322
20
9248
48
29
20
1091
59
988
17226
363
54093
20
9009
29
20
19787
46
29
363
5591
3
6
302
2140
16
45
47003
45
4124
3
29
22560
16
3
8858
12
3459
12
46
29
1252
24996
16
2
10
571
322
1
8921
3
29
11665
3
6
43553
487
3805
16535
985
8921
20
30670
29
20
8842
46
29
290
1927
2
2950
10394
3
1093
4454
12168
242
2210
596
289
1155
25
48
29
20
1604
59
988
17226
302
363
4955
3125
0
290
4398
20
9009
29
6563
3
29
348
957
45
30914
10
290
20
9984
6
302
20
13131
290
3
16080
20
986
6
302
25
29199
290
25
20
42926
12
29
6059
45
141
1132
221
3
29
20
1940
12
289
4298
3
46
29
3297
402
25
2645
289
20
986
29
1455
9604
16
25
302
1
985
1072
16
21766
3
29
41577
16
290
4118
3
15044
16
25
29
290
4454
578
0
5329
2950
972
25
29
10394
45
3192
45
20
1368
12
46
29
289
2967
12
3266
20
8842
3714
12
289
20
4298
306
5058
596
3805
218
45
3714
12
9430
20
687
46
13
446
1557
658
3917
290
387
20
986
29
20
15078
12
46
29
26337
218
45
26337
302
22268
217
46166
307
20
12615
347
433
545
20
1255
6
1
2
302
20
1243
241
22385
218
45
20
1012
302
4822
20
2696
29
20
3105
290
3
29
7786
10
407
20
5710
29
20
21272
46
13
348
3
13167
26
289
20
31309
29
20
22182
12
46
29
5320
1
306
15807
20
1255
1866
290
5320
3
46
13
348
20
18516
416
1891
17331
730
12
290
20
1255
2
405
20
49800
12
48
29
416
935
8
25
289
250
1123
307
20
2358
4324
570
223
4041
48
29
1033
20
952
12
335
3933
6
1
302
6286
10
59
20
491
59
302
4175
2982
16
1
315
596
3805
2
527
1252
1230
315
1
2
10
459
1
17513
2
45
2085
219
25
29
363
17809
9473
1
421
25
29
363
23272
46
29
377
363
17513
6
686
1
290
459
1
20
10291
45
1167
45
363
17513
3800
0
6
596
3805
29
419
1096
1
20
1872
48
20
632
59
4366
486
16
20
1255
18297
25
506
17513
6
686
1
290
3
6
302
25
363
8724
3536
459
47870
247
5329
6
6337
20
1255
331
5329
6
686
25
48
29
20
1091
59
985
6025
16
20
957
347
11945
16
25
3933
302
658
957
1
9974
1950
1
29
39583
3809
220
1
46
506
1252
957
16
302
972
1
331
3040
539
1156
46
13
2
20
1368
12
363
22404
289
45
21498
45
957
20
8037
29
20
5568
29
20
3229
29
20
2288
29
5913
10
4849
1
3305
302
405
20
2358
5821
8878
1
46
406
22404
2
1964
12
20
1950
29
1996
12
852
4
20
686
46
29
20
18938
322
36149
292
45
4118
46
29
11066
686
1
322
20
5568
20
46386
12
29
22404
2
2967
12
596
3805
29
5058
16
25
46
29
20
56757
2
20
14718
20
1195
12
48
29
363
4401
306
459
437
29
1824
12
915
29
790
302
658
11029
25
289
25
48
7008
20
3079
59
10154
290
5
2288
0
641
29
8970
289
25
583
3738
6204
0
1252
302
1
7274
45
30914
20
2162
414
1156
6614
217
645
0
48
12545
302
1
289
847
20
354
12
363
22404
915
221
45
1959
331
957
16
302
1008
20
2162
22
3718
421
25
290
20
10172
29
20
13802
29
20
1881
29
20
9259
218
45
539
10
46
29
1100
8970
336
331
6023
16
2
25
13
348
1
2628
29
20
2288
20
2949
4976
46
7369
1347
3875
596
4269
596
421
25
29
1656
59
42
42
348
596
363
4934
336
947
14
29
363
336
58807
543
14
46
29
523
4934
336
4318
14
21556
4
14
43
43
48
29
348
1510
16
957
3723
20
1950
246
45
10775
336
20
6086
29
539
25
290
6148
4
5
48
29
387
20
957
2389
1357
29
539
25
2389
7479
45
141
250
454
4682
331
2783
2
25
26564
596
3805
29
419
10789
1
583
4712
25
48
29
20
1604
59
302
363
2135
290
20
4118
611
290
7479
12
20
501
12
46
506
369
3875
596
451
247
596
421
25
29
1656
1785
424
6
545
4297
4
25
46
29
433
59
42
42
10366
18297
10327
18309
22033
28316
0
43
43
48
29
462
1972
1785
424
6
402
4297
4
25
406
369
1785
25
6
290
957
302
29037
570
10
2861
0
46
29
1033
290
369
16
1242
12
7437
331
369
1785
6
10
611
290
10327
437
218
45
1520
48
7008
20
3079
59
348
5
1528
16
289
387
20
2290
39811
4
1
27173
6
1
302
2179
2
10
29
22836
34289
289
25
290
302
34813
289
1191
35180
217
46
29
1033
20
8060
377
4738
16
5282
4324
570
469
219
1617
4
20
47736
29
27900
387
20
8060
289
4601
1
1237
0
5816
12874
4
1
46
10366
31249
5
9555
1
9445
45
3047
12
2309
10
46
29
290
20
22294
12
5074
10
46
29
290
20
2658
12
14835
10
46
29
290
20
8462
45
141
12562
304
10
46
29
290
20
3822
29485
228
25
46
29
290
20
972
7800
25
46
29
290
20
8923
2088
199
25
46
29
9445
45
31853
21303
25
46
29
290
20
1621
33689
25
46
29
290
20
14109
3823
25
46
10366
1177
6
8
29
363
1768
20737
8
46
10366
32915
2
20
2610
12
16372
8
46
29
1873
2
20
1154
12
4704
8
46
29
12010
2939
45
20
8462
12
36410
8
29
134
1103
8
46
29
18297
336
2658
16
1
3650
8
29
17805
8
46
29
27654
221
10361
5667
45
8973
295
17031
8
46
29
290
421
8
2
1959
8500
8
46
29
18297
20
11465
3139
8
46
29
289
986
45
21602
10764
228
8
46
29
421
1
15501
8
29
2185
8
46
10366
6688
8
306
4633
20
15355
12
46
29
432
226
8
289
20
4118
290
3580
4
20
35572
12
437
20
1420
12
46
29
15124
322
0
7693
20
28749
46
29
44936
8
3822
12
20
18257
46
29
38011
8
29
49856
322
0
449
20
20127