44
44
20
1898
12
20
14343
209
12
44
44
9291
596
20
2658
20
6700
292
45
1719
6
596
377
2981
4318
15014
5058
25
25314
20
925
12
130
166
23301
5590
3
2
1195
292
45
4089
12
130
166
1363
1675
20
4481
306
20
2746
20
7465
28
2
9153
20
10450
12
46
8449
5101
166
4083
306
1096
8
534
1096
20
9772
28
1242
20
1617
12
166
20
1610
12
130
166
2909
292
45
319
12
336
20
15432
12
130
166
306
10376
1664
1893
20
1576
12
48
20
957
20
26966
20
14343
4198
29603
302
826
0
290
6985
5
22694
322
545
20
2746
302
10570
20
957
20
26966
20
14343
4198
196
2563
4010
306
15014
20
26680
12
130
166
7276
840
25
2057
20
718
12
130
166
1260
26
52683
196
45
957
20
14343
209
4435
166
19779
290
20
2358
20
7762
12
20
9512
12
2
20
3305
130
166
22694
302
38369
20
9406
1260
59
9888
363
12675
306
2689
957
20
7509
12
130
363
8503
302
578
0
40556
45
687
8943
289
20
957
20
1872
290
1538
29
2492
12
3305
166
4465
130
13
1457
16
59
30
302
25
331
32540
242
306
1748
20
6057
130
166
331
32412
681
20
686
20
1769
12
166
7737
16
10
166
2798
45
141
1013
304
10
6
2506
20
8106
166
957
20
31575
130
6162
2599
5
59
3047
348
424
20
1486
1260
2400
292
45
957
419
20
8037
166
4472
20
3424
166
20
2288
166
1068
130
166
682
2456
10
957
166
405
292
45
2358
363
29785
915
2
20
1043
166
20
34756
130
13
1457
16
59
3047
13
1562
4086
957
20
4472
246
45
348
20
3424
419
20
2115
20
2532
20
25018
306
630
20
4221
166
682
630
6849
25
5460
3687
198
4472
25
3879
12
289
405
20
43978
20
6716
12
407
20
17711
130
406
20
4472
53991
195
4086
424
20
6914
130
13
433
424
20
1486
59
363
1785
915
20
31719
20
2082
45
141
292
45
3879
12
166
20
6695
12
336
20
55128
166
20
59038
166
37396
35115
166
539
3
130
13
1457
16
59
1674
414
322
5365
20
1838
12
13
348
20
8281
1127
3125
0
289
20
4472
290
1179
45
46279
45
4813
28
3185
20
787
130
166
847
20
1179
4
539
3879
12
289
6337
20
31719
48
29
424
292
45
1486
377
363
1785
20
957
915
20
8037
166
20
2288
48
166
387
20
4472
20
11889
30
302
7
957
4590
20
2358
166
2613
10
166
12006
10
166
4706
10
166
8122
10
166
30737
10
130
166
416
878
16
20
1483
12
2400
20
14420
2
20
1557
11380
424
20
1557
130
166
424
20
6914
331
21222
426
305
20
1838
12
166
331
5960
306
20
957
20
14343
209
13
1562
8584
2
424
130
166
363
18080
221
45
3498
25
6861
0
347
17958
0
331
462
2102
130
13
433
424
20
2599
59
5117
302
4162
56990
0
290
12006
20
2358
166
4913
387
20
957
166
13546
25
2838
6
686
1
166
10071
306
250
41990
440
25
130
13
1457
16
59
348
387
20
2122
994
25
5438
762
0
130
523
29806
289
1754
4
25
2
1068
325
210
715
901
166
1940
12
15099
166
4390
4818
2
9473
5
130
166
363
5117
30483
20
2288
13
348
1866
20
2288
331
1457
166
4365
130
4738
16
596
242
224
29
1909
20
3667
166
20
10237
12
166
935
16
2122
2599
5
20
6080
289
387
20
22210
304
48
2290
289
2738
20
957
2152
199
302
20
957
4327
20
686
20
4185
12
20
9838
12
4706
20
4221
166
947
10
20
2536
45
141
6159
20
1820
2
12653
10
166
2798
4
10
166
2432
4
10
166
12732
10
166
14168
10
348
369
45
408
4936
12
130
166
20
687
419
20
2532
20
11931
20
26046
130
166
20
1190
419
1069
20
1557
377
28631
198
200
957
25
289
20
686
130
166
2738
20
957
306
971
2738
1190
25
130
166
6194
12
20
687
846
221
45
1068
6194
12
20
957
46
166
363
1910
302
1243
20
1190
4
166
7525
10
166
4536
10
166
1003
10
40732
487
20
6064
20
5140
20
584
20
826
130
13
957
25
419
957
20
4481
1243
20
2358
41603
196
10
166
4436
10
130
166
387
20
957
3368
2781
6057
25
306
630
20
14197
506
433
51234
20
4731
421
25
20
3177
12
29
20
998
59
37
891
20
957
11767
12
306
402
1305
37
48
681
221
45
20
2192
289
891
387
20
957
48
13
433
4269
596
421
25
166
1656
59
37
29969
24
20
957
166
10730
45
20
2340
37
48
166
687
387
20
957
1243
20
2746
166
2
387
20
804
941
3
596
3805
221
45
20
935
289
1003
20
12006
130
433
59
42
1331
596
302
25
363
4267
915
4106
29
20
13030
12
29
491
24
20
957
43
37
1000
6575
59
1478
37
48
13
2746
957
292
45
4481
20
1728
332
20
12323
166
414
3
20
2746
801
8696
24
20
12323
130
166
48922
45
957
348
369
1731
0
289
1069
25
1270
0
289
686
25
363
10204
6337
20
2358
406
24529
451
915
2
1754
4
730
12
130
166
847
20
1754
4
363
24952
915
290
2358
5674
713
957
292
45
1050
4
166
20
46178
166
957
630
20
8381
4
130
166
29199
322
957
20
4481
2358
646
57355
22
9913
4590
10
289
17236
10
48
13
12545
302
20
957
1731
2
1069
25
290
539
1008
336
558
12
20
2358
130
583
302
957
20
6584
12185
246
2
1069
25
166
348
369
7339
0
130
166
424
2
302
20
957
1034
20
6908
130
166
20
6908
290
16647
45
6812
45
4298
12
130
166
20
4298
12
290
7100
20
14548
130
166
20
14548
13
9953
290
20
770
130
166
3718
20
7339
3478
404
25
289
387
20
1636
130
13
985
20
6908
970
25
970
20
770
130
166
20
957
970
25
970
20
965
130
166
20
965
1866
290
20
770
130
166
20
15432
12
166
20
584
166
20
2066
402
10
289
7996
20
965
130
13
985
2828
20
965
1623
290
20
770
13
20
957
4536
290
20
6908
130
13
348
20
6908
713
20
13830
6689
45
4298
12
130
166
20
957
713
20
5706
166
20
2066
130
42
29
331
30553
20
13387
218
45
20
12876
92
44
29
363
20
4298
4
29
363
20
2066
43
37
56471
629
130
466
37
48
166
2963
472
4902
25
2
405
20
2321
4
13
433
59
42
1457
1081
30553
801
4086
45
384
218
45
801
363
4086
26
43
37
20
12307
59
58
37
48
13
985
369
20
957
1866
290
20
6908
130
6689
45
6908
290
16647
20
3193
130
166
20
957
290
852
4
20
686
130
166
20
686
4536
290
20
3193
130
751
45
20
957
4590
730
12
130
56231
10
289
2290
641
48
166
6
20
687
289
891
20
957
1748
1051
45
141
219
1182
10
289
2290
641
48
166
1100
363
5802
421
1
414
1996
12
1621
20
957
915
1996
45
141
292
45
686
335
443
2701
20
2358
166
1105
10
166
1759
10
130
166
424
302
20
3193
682
2
1759
6
20
957
196
45
302
20
8869
14104
12
130
166
363
10510
6
3927
12
20
2358
406
363
10339
915
20
14369
6689
45
1070
321
166
20
686
3958
12
6
630
20
2358
290
539
13040
12
166
363
20885
12
166
23563
19581
292
130
166
1267
15076
289
4240
20
686
306
2333
20
7295
48
2290
289
4240
20
686
166
20
2108
20
1769
2152
199
302
596
3805
3045
20
1310
290
3125
28
916
28
59
578
7
59
20
3193
20
9744
292
45
6522
20
1004
999
20
1348
166
20
2645
20
3093
20
3230
20
10249
377
363
697
681
45
165
250
454
2
539
25
130
166
20
641
59
419
20
686
20
6922
20
5547
20
5283
20
11931
20
3817
20
4763
292
45
23741
6
20
1000
4
166
20
8869
130
166
596
3805
6512
20
4122
290
4780
20
6201
307
166
17746
45
3192
45
4780
20
11459
130
166
5820
1889
16
25
166
2443
4330
25
166
1357
2465
25
166
3217
5070
20
686
478
681
25
20
826
20
1270
20
9024
20
4789
48
166
363
14892
2
20
686
20
565
12
20
961
45
141
196
45
20
4823
130
166
363
20
565
12
20
4763
12
6
20
13737
12
166
20
3474
130
166
363
20
565
12
20
8087
12
289
20
1950
292
45
6140
12
6
20
913
12
130
166
20
11015
12
6
20
601
166
20
942
12
290
20
1950
336
630
20
1121
130
13
17432
28767
20
565
12
6752
2108
0
8383
0
130
166
20
601
166
20
942
12
166
20
13737
12
166
20
3474
290
8170
25
130
166
847
20
1601
20
961
12
6
20
4823
20
8087
12
289
20
6126
2
20
3000
5191
6
10
2108
45
26923
3130
209
0
130
166
20
11301
166
20
4830
290
7737
16
10
130
166
20
565
12
20
5276
12
166
20
7196
12
6689
45
6572
12
166
3701
20
565
12
20
5390
1124
12
402
10
14957
6
20
4122
130
166
20
4122
2304
20
2108
292
45
8383
6
302
25
5192
20
1691
322
25
166
1912
2
1068
6777
25
166
2150
14892
2
20
686
424
292
45
5070
20
1270
20
4099
377
682
290
1104
25
915
20
4162
166
20
4992
166
20
8970
6689
45
4557
166
20
2492
12
130
166
5192
630
20
2358
166
363
10712
290
2647
20
947
20
2536
45
141
292
45
4033
195
12
322
20
1820
166
387
20
5070
401
20
5590
166
598
20
1601
130
20
402
11009
26
25
14212
38928
196
26
681
25
166
6
20
686
20
4185
12
14892
387
20
5070
606
402
4008
1392
560
130
13
20
14828
2227
26
387
20
5070
20
686
20
4185
12
130
166
20
3424
4625
25
20
686
20
9838
12
6689
45
2108
20
875
130
166
20
19519
12
4625
4625
25
20
1950
130
166
20
1901
289
20
56875
166
20
2811
13634
363
1901
289
25
48
13
20
1950
166
20
2108
606
8
130
166
20
9838
12
402
10
56875
20
686
292
45
4185
12
130
166
20
686
20
4185
12
130
443
20
5070
20
418
20
4107
20
11931
130
166
18915
13100
196
45
2108
20
3306
347
20
1950
13
2150
21218
2
25
387
20
5070
130
166
20
26680
12
2227
26
20
2108
292
45
8383
686
0
48
166
20
4731
2855
2
424
13
433
59
37
3036
247
3127
1
686
1
37
48
166
2268
20
2038
1020
20
686
406
670
10
2
20
837
12
130
13
433
59
37
686
1
335
407
26196
1
37
48
166
2150
1010
221
45
405
20
7590
12
336
20
1601
20
36853
12
166
20
44371
12
13
348
7
30632
294
322
20
1950
20
10169
10895
20
5790
28
130
13
985
2219
16
1529
20
56875
13
12545
302
20
2567
28
5263
26
322
48922
45
5070
20
10850
2
982
4
916
12
130
166
802
26
289
25
4258
9762
12
130
166
20
19126
45
8893
45
1996
28
2
957
20
4101
1785
26
20
686
3193
0
130
166
1260
26
348
45
1049
492
5393
2
4917
387
20
3193
20
6522
130
166
363
802
26
20
1529
407
20
2108
166
20
4122
915
221
45
20
58015
12
166
20
4688
12
166
545
3
1785
20
2108
1046
0
130
166
545
20
2932
9657
336
48922
45
1406
130
166
545
3
2627
20
958
2108
0
166
402
3
54900
24
2
5663
1008
3
306
10336
3
166
34822
221
24
20
1636
20
1091
130
166
12545
302
20
4590
662
12
59
20
3193
166
20
1046
166
20
5070
292
45
2949
130
13
20
2108
20
8383
3193
5393
30
302
25
10801
5222
1212
289
5247
12
20
1950
14892
38369
20
725
20
44065
20
5709
289
20
2065
130
166
20
913
12
2691
20
10801
166
20
958
8070
25
130
6689
45
601
166
20
942
12
2066
25
130
166
20
13737
12
3558
16
25
130
166
20
3474
7818
25
130
166
20
565
12
20
961
45
141
196
45
20
4823
20
5385
12
289
20
6126
2304
25
166
2868
25
166
2549
25
130
166
387
20
2108
363
42478
336
292
45
957
166
363
2102
718
20
8381
166
363
584
20
6064
130
166
2150
419
2304
6899
7957
221
45
2793
20
13802
130
1252
2893
20
958
45040
424
20
10801
2
1154
12
20
3558
12
130
166
1252
10070
303
17526
2
1154
12
20
8641
12
166
11135
25717
223
804
2793
20
13802
130
166
682
2264
20
9006
6793
25
8322
4939
20
2038
6
387
20
2108
6
302
20
36819
166
6337
20
3885
4
539
4129
28
166
4889
16243
3605
28
2
3121
20
4731
130
166
20
1310
2150
8885
166
14296
6
1003
2811
641
2211
606
45
2520
864
0
560
0
2
25
130
166
424
20
2811
419
20
686
20
4185
12
166
20
2108
20
9838
12
130
166
48922
45
2108
682
2
3193
166
363
1046
6
302
25
290
493
596
3805
506
433
59
42
1457
20
2108
478
681
919
5
43
37
20
19392
59
5106
37
166
433
59
42
1827
19943
20
686
292
45
9838
12
92
44
15539
5
336
16206
8932
12
6502
12
43
37
20
3641
59
2499
130
2539
37
48
166
681
20
9006
3805
682
2
3193
166
363
1046
130
406
565
12
9022
12
713
292
45
2983
20
491
166
20
2701
166
20
5489
130
166
443
20
12732
20
5547
12
20
7988
12
6
20
1820
2
24667
225
269
917
2536
12
6495
12
539
20917
12
130
166
20
2108
166
20
1950
2
4950
8
290
554
847
292
45
12732
130
166
363
5192
20
2645
166
363
58690
166
363
53480
166
363
7957
130
406
21853
20
13802
218
3615
20
1266
840
25
289
437
20
1420
12
506
2855
289
20
4731
166
416
479
289
20
2358
292
45
22188
12
2
20
18062
20
6656
12
130
166
20
11218
20
1726
12
302
20
2108
20
4185
682
2
3193
8322
1046
130
406
419
5070
3490
1541
539
6373
130
166
1267
45625
322
10940
20
11647
40526
417
20
11218
6
302
10
2044
12
3879
12
48
13
290
3974
4913
10
35717
1813
336
20
1528
292
45
753
12
2
424
20
969
48
13
1033
289
718
8
13
363
2281
2
20
11647
406
23916
306
20
6609
384
28804
412
306
2140
12
20
3536
130
166
6
331
768
596
3805
20
2108
336
681
25
166
7144
12
336
242
224
16
25
130
13
433
59
42
29
17427
16
289
25
290
2108
5
43
37
20
4297
59
2813
37
48
166
433
59
42
38750
45
2108
290
681
919
5
43
37
20
19392
59
5106
37
48
166
433
59
42
13
17427
8
289
45
37983
2108
8
43
37
20
4703
59
1228
37
48
166
596
3805
1003
290
302
4325
336
686
25
3193
45
36323
218
1046
0
6
1885
16
10
166
2631
10
166
1926
12
10098
7
166
2645
7
130
166
20
2038
4269
596
20737
25
166
1656
433
59
42
27670
10262
227
2826
9409
12
37
48
166
433
42
5590
20
3347
289
25920
451
667
311
4500
37
130
166
20
1046
363
3040
414
13823
20
5070
6
302
25
363
1585
2
1069
25
130
166
20
16095
1072
20
3497
130
506
5781
59
20
3728
290
20
1644
12
166
20
947
12
506
419
3879
40556
45
1528
130
13
2026
2211
8
405
20
3494
4
29
20
3243
166
20
18062
20
5137
12
957
8
302
20
2108
2295
450
2949
1270
418
2
1069
25
29199
290
25
3295
20
986
166
2645
25
130
166
20
2108
20
1947
6689
45
8383
166
630
20
1601
20
5526
12
402
10
290
2826
25
130
166
302
387
20
5070
5192
947
292
45
1190
4
166
4706
20
49075
4
290
539
17429
2
12653
10
166
1829
10
130
13
348
20
686
2221
211
12
306
302
3305
1838
12
20
1769
12
290
539
302
3489
1310
0
506
302
10
486
45
12144
45
13030
12
166
20
12615
130
166
331
12558
16
336
2140
12
1829
10
1111
363
8893
10
10588
611
292
45
1255
130
166
433
4008
290
20
26680
12
348
6
20
1950
1357
0
506
6
20
4122
130
13
2627
20
8122
221
45
20
1357
20
2560
12
130
166
2627
20
4706
2
1357
20
2983
130
166
433
3875
596
4269
596
421
45
419
1656
59
187
331
290
459
915
166
6
1950
25
1357
23
37
130
166
721
1357
23
5121
2
7
20
8106
130
13
985
7289
301
596
3805
2
459
1866
0
1363
1950
25
6
2627
331
419
7512
322
5706
25
130
166
387
20
2108
454
7957
2
2793
20
13802
6
302
596
3805
4096
25
336
1675
25
13
1260
59
42
15539
5
336
364
217
8932
12
6502
12
43
188
20
3641
59
2539
188
48
166
2150
419
21853
166
3915
306
292
45
13802
130
13
290
5384
25
24762
3723
20
1601
20
8383
12
166
20
1947
12
13
7379
20
6542
1918
292
6
424
20
14548
59
2793
130
166
2057
20
718
12
48
14892
20
7509
12
48
4010
26
306
20
2108
6689
45
1950
611
17179
10134
195
290
3
306
20
736
48
166
985
369
20
2108
290
681
20
9006
3805
246
45
658
20
13802
30
20
3025
130
166
658
1112
25
336
2335
25
166
7224
25
48
13
8893
20
5006
290
831
292
45
2335
611
988
8893
290
558
12
20
736
985
1691
166
462
44394
2
19823
220
20
2511
12
48
166
3126
386
16
20
2108
5070
2949
166
957
16
302
20
4122
3146
6
25
290
20
1204
48
166
20
1046
363
3040
250
454
2
20
5070
48
13
7588
302
387
20
5070
363
5145
289
1759
166
363
7379
289
1204
130
166
682
292
45
13802
1204
20
2108
166
363
1759
20
1950
130
406
20
13802
1000
12
20
2108
166
6179
12
20
1950
166
3093
292
45
686
48
166
20
2108
1069
25
539
5013
2
4780
20
13802
166
363
6649
322
25
130
406
419
931
306
292
45
13802
4789
6
25
631
14917
421
25
130
166
491
331
3499
2066
25
306
20
7383
6
302
20
7383
6571
45
6812
45
560
3469
290
1754
25
2868
0
48
166
290
1269
25
645
0
166
12873
0
130
166
290
641
25
5676
12
13120
2186
0
130
166
290
590
20
4780
1259
0
166
6512
2322
130
166
290
20
2108
20
8383
2304
0
130
17292
20
1947
2549
0
130
166
290
20
13802
3093
0
130
166
290
20
4118
2686
0
130
166
290
20
913
45
141
12139
314
12
166
1281
0
130
166
290
20
942
12
1537
12
130
166
290
20
957
4141
0
130
166
290
20
641
12
12912
0
25615
1813
0
130
166
290
20
4731
718
12
166
15561
0
130
166
290
20
686
20
20209
12
2868
0
166
4336
0
130
166
290
20
50259
199
12
14254
0
48
166
290
20
10588
17715
166
9015
0
130
166
290
20
986
4862
0
130
166
9445
45
2983
1967
0
130
166
290
20
601
7203
0
130
166
20
919
6793
25
290
2456
405
402
45
21498
45
20
16473
130
166
20
686
2
405
6
7913
246
12
315
405
20
1000
12
331
11964
16
306
387
20
736
20
6522
218
331
6173
16
2
1069
25
406
37183
196
25
20
7199
12
130
166
1112
10
336
37779
10
166
681
37779
45
21498
45
20
2516
12
336
1003
6515
130
13
20
2108
363
16254
289
354
12
387
20
2192
915
2
891
20
957
196
45
302
20
957
658
10587
16
25
289
1881
20
641
12
6
302
10587
12
20
1281
166
20
413
28
2981
12
20
913
45
141
292
45
4118
130
13
30
331
302
20
1357
8727
12
2
2140
12
20
7172
4
130
166
20
2934
22213
306
5928
292
45
2839
130
166
20
4950
4631
196
45
3728
20
5906
130
166
20
2108
20
8383
17130
20
12509
4
20
44371
12
130
166
20
2108
20
1947
4282
221
6
3364
8872
20
5648
166
20
4323
130
1198
20
2108
20
9838
12
47
14892
20
1950
47
363
2205
915
292
45
957
166
363
11768
915
2
25
166
9352
2950
972
25
48
166
17949
2
20
957
630
1114
25
336
59733
631
325
16
25
130
166
1252
554
681
0
641
743
20
957
13
2150
5192
421
25
6
1787
12
20
13802
7255
45
5149
1069
25
166
2967
12
2335
25
48
13
985
957
16
3723
20
2108
166
5074
10394
25
166
7716
25
6
20
55242
10767
25
2
25
130
13
1166
421
1
302
3305
8863
20
957
13
348
10
730
12
166
1267
56231
45
21498
45
20
7295
48
2290
289
8863
20
957
166
4590
45
53984
29603
302
20
957
306
1636
28
59
578
7
2199
130
166
20
641
5137
48
166
611
20
2358
292
45
2199
12
5137
12
606
687
10
48
166
611
20
2358
20
5137
12
2199
12
606
7465
10
42
29
290
386
2651
596
6
25
16090
13
331
6
25
290
2066
43
187
20
2066
59
2379
188
48
1033
20
1636
20
491
59
166
419
20
957
20
2199
130
5818
9961
336
1293
28
59
578
7
59
289
20
3229
166
419
957
20
4481
48
166
387
20
957
4934
289
1069
596
3805
1790
195
16
25
20
2003
12
130
166
7737
16
25
20
3702
12
20
2914
12
2
20
56875
306
20
1112
20
3879
48
7434
1183
3800
0
289
3723
20
12323
166
20
9644
12
290
414
3
166
20
11679
12
48
166
4934
40125
15012
292
20
2793
166
20
913
12
166
289
3723
20
1420
12
166
20
2449
166
20
7895
166
20
1861
130
166
2140
45
141
5997
3805
166
2057
20
1008
289
387
20
957
13020
26
491
0
2
3494
4
596
3805
9445
45
3424
130
714
2
3243
20
3875
4269
596
421
25
166
1656
714
2
20
11218
20
5137
12
6689
45
18062
20
3787
12
130
166
2104
24
1754
4
20
4182
20
15706
166
20
3033
166
57540
7
290
225
6942
305
20
562
20
10010
130
166
782
24
611
20
10633
289
539
17236
10
130
166
5263
26
16058
1226
16
3
2
20
5070
166
20
1046
166
20
2909
166
20
1008
166
20
16884
166
20
894
12
130
166
5484
56666
402
7590
290
405
20
10633
606
402
4008
583
20
14828
40644
2
20
5070
3125
0
130
6689
45
7509
12
40644
3125
0
641
130
166
20
19126
26
3125
0
130
166
306
387
20
3191
130
166
682
292
45
5149
289
405
20
1898
12
787
6849
20
10633
306
1068
26999
20
4008
130
13
363
46468
397
10
48
166
1807
20
4008
3141
26
2
20
2288
289
20
3229
166
957
20
4481
166
2052
45
721
196
45
19126
26
130
13
348
1392
20
2288
8684
306
957
20
4481
48
166
290
957
20
3229
292
45
4472
130
13
348
20
3424
290
6664
20
4221
166
14293
10
166
1003
10
166
14792
10
48
166
289
25
9445
45
1341
4
20
730
12
331
363
10341
2
10
402
2983
915
290
11270
25
596
3805
2628
0
11958
305
25
48
433
3875
596
4269
596
421
25
166
1656
59
187
331
290
3494
12
290
3494
4
20
3424
915
218
6
10
1624
166
7710
166
6
7710
25
7710
336
2131
12
47699
219
37
166
596
3805
7274
289
20
3424
6159
630
20
2358
166
47492
20
49075
4
166
8447
10
166
1693
10
166
594
10
166
20917
10
25523
4859
10
48
166
336
405
20
2321
12
2
1406
25
3805
42
29
363
12430
29
363
13229
250
454
289
1058
4691
43
187
20
25129
59
5603
188
166
433
3805
59
42
6
25580
45
410
260
209
4
25
29
6
9467
491
24
20
28803
43
187
153
59
2813
188
166
985
369
290
681
292
45
3424
6664
20
1687
13
446
19165
2175
584
25
130
166
446
687
2568
289
1800
16
25
130
3047
402
826
478
20
19165
28
4731
289
4240
25
2
4682
1370
16
25
130
166
5425
289
994
25
2
1068
565
12
2983
25
130
35216
211
26648
957
25
130
13
402
3
433
24
130
166
2
20
1838
12
331
433
24
130
166
957
20
3424
290
1112
292
45
1430
12
130
166
290
1112
20
14154
12
130
166
290
1112
3728
20
7590
130
166
290
1112
12006
20
974
130
17292
1112
1483
12
20
1223
130
166
290
1112
1687
20
14828
130
166
290
1112
2288
20
26680
12
583
4850
364
4472
25
336
20
787
130
166
1252
7194
306
1112
826
166
13985
289
20
994
2
969
13634
462
4235
322
1800
25
20
994
130
166
6932
421
25
894
12
20
3536
166
1567
12
20
11647
130
17292
957
20
3229
3800
0
957
20
3243
130
13
348
20
3675
4269
596
421
25
166
1656
19272
292
45
1223
166
20
13545
130
166
369
2093
0
30942
840
25
290
554
596
3805
130
166
369
2983
45
332
18689
0
2
630
20
6419
4
166
20
11987
4
130
13
402
1179
12
290
1179
4
25
406
7590
12
290
10633
45
25101
1280
999
10
7244
20
6891
166
14120
20
4837
130
13
957
3243
25
166
1996
12
7423
25
681
242
10511
130
166
6359
7151
48
363
5122
578
302
10341
2
957
20
2288
20
7594
915
302
53921
3809
209
25
2
1672
12
20
2038
130
166
16356
20
27653
322
1950
25
2
6364
4731
20
3675
4269
596
20737
25
166
1656
130
166
290
3974
302
8943
289
4472
20
3424
166
10965
20
3243
166
7891
20031
2004
25
130
13
1166
421
25
491
0
6057
957
20
1430
12
166
20
23636
289
969
20
974
130
166
20
22418
16203
11603
20
19347
130
166
20
3000
289
8863
20
8145
130
13
348
957
20
1430
12
1656
166
12357
195
12
336
24719
242
20
2358
130
166
290
462
4086
20
1430
12
13
363
2333
6
25
336
6057
20
2358
48
13
348
290
7289
301
302
11766
4751
0
421
25
5054
20
12357
195
12
491
0
714
414
424
11766
130
166
957
20
1430
45
141
44742
12
3459
12
130
166
12357
195
12
594
12
130
13
363
38753
961
20
957
322
3121
20
1430
12
130
13
957
292
45
1430
12
2335
20
3229
130
166
491
957
20
1430
12
1996
12
20
3983
4
130
166
443
2
1770
12
20
1179
45
46279
45
5547
12
130
166
414
10
1996
12
20
5814
713
20
4470
166
20
5739
166
539
7
130
166
1166
292
45
7916
302
4934
289
12702
20
1223
48
166
17003
10
166
23088
10
12702
20
12588
12
48
13
11219
209
10
17921
0
6
20
9473
130
166
22668
0
6
20
686
166
315
424
20
2024
166
20
3983
4
166
20
56875
22814
221
6057
957
20
974
13
348
25
6
957
20
1430
12
2
1770
12
7450
20
37809
6
20
2489
166
20
2076
12
48
6689
45
562
6
957
20
970
12
166
20
3038
6
20
2024
130
166
20
7044
6
20
30007
48
166
20
23003
6
20
6671
130
6910
1557
363
29204
219
2
7450
363
11554
289
25
1838
12
20
1154
12
166
20
17943
48
13
957
20
1430
45
141
33979
196
336
957
20
4472
166
20
3243
130
166
957
20
3424
166
20
3243
2909
306
957
292
45
4481
130
166
957
20
4481
419
377
363
29453
5232
20
5058
915
2
25
166
363
20569
53502
474
20
12478
915
2
25
130
13
387
7071
957
20
3229
48
20
1293
20
632
59
290
20
957
20
2199
419
957
20
4396
48
166
424
302
20
957
4475
302
658
29603
209
0
130
166
4475
302
658
652
0
130
166
957
20
3229
419
20
1595
130
166
957
20
4396
40732
45
652
130
166
387
20
957
10202
306
662
12
1193
59
491
10
59
584
596
3805
166
419
4330
20
5058
4
713
20
20542
12
166
20
3177
12
166
20
7789
12
6689
45
894
166
20
4461
166
20
34806
166
20
7532
166
20
1127
12
166
31096
10
290
20
42544
6689
45
26564
48
166
632
10
59
584
20
5058
166
419
3725
20
1483
4
166
2931
289
1112
28
59
578
7
59
20
2982
45
141
199
504
20
1805
166
20
521
12
166
20
3192
12
166
20
5640
166
20
986
166
20
8316
166
630
56304
20
1041
4
130
166
20
1112
20
632
59
20
5596
228
12
713
20
24189
166
20
6154
166
20
24532
166
20
1070
166
20
26564
16405
7533
10
130
166
4281
1392
20
8037
306
7421
20
584
28
48
166
957
20
8037
957
1731
4789
359
976
425
363
38753
20
1255
322
25
6
3813
20
1368
12
840
25
48
166
1091
10
59
584
20
686
130
166
419
957
20
5568
130
166
20
5568
4475
30820
12
166
1166
1356
45
21883
1891
10
130
166
6389
195
1834
12
166
1166
6057
10
166
6570
12
20
5232
2
10
130
166
20
5568
292
45
30820
12
166
20
14718
20
1834
12
6716
12
289
1058
596
3805
166
3243
20
3875
4269
5997
421
25
166
1656
130
290
11343
2
826
290
10
1858
20
546
12
48
166
1033
20
1636
20
632
59
290
20
957
13
419
20
957
20
5137
166
957
9863
1341
7942
289
45
165
31335
225
166
8946
48
166
419
1212
289
662
12
12006
59
20
2153
12
20
1012
59
166
419
491
20
12006
20
957
20
1410
166
20
6390
48
1033
20
1410
246
45
5356
20
1861
166
4934
289
20
581
166
20
4319
12
166
443
957
20
17757
166
20
3515
6689
45
869
12
14892
957
20
46178
166
20
3052
166
9585
20
1155
130
166
331
8697
2
10
130
166
27910
6159
25
957
20
3052
166
3121
20
6150
166
20
3307
242
130
166
290
25
957
20
4519
209
20
10517
40556
45
2506
130
166
1033
20
6390
49356
289
718
20
599
166
20
2660
289
20
4221
335
8748
221
45
20
4327
130
166
4934
290
718
20
4182
166
20
11647
289
20
2358
335
12629
2
20
7945
130
29267
311
957
20
562
306
405
20
1889
12
50592
2
20
5547
4
714
2
20
3093
4
130
714
221
45
20
1578
130
714
2
20
4182
130
714
2
4590
20
4182
130
714
5506
20
11647
166
419
1181
12
957
292
45
562
48
20
2153
12
20
632
12
59
166
419
1990
10
20
957
20
1947
130
166
1242
25
4934
289
20
3193
292
45
3306
130
166
4330
20
687
166
289
20
12732
166
20
5384
130
166
289
20
942
12
166
20
14548
130
5660
3723
20
1050
4
166
20
4221
20
3771
12
166
20
18118
12
130
166
29199
290
387
20
957
292
45
1008
289
3723
12006
20
49075
4
166
4590
20
5232
166
20
28239
12
130
166
2432
12
20
10588
130
25296
397
12
6450
10
6
20917
16
10
130
714
2783
336
20
1008
289
957
20
1388
166
419
957
20
26950
218
20
14937
166
20
3831
12
166
20
2225
4
166
331
2347
2
10
130
166
290
4396
25
957
20
2506
292
45
6419
12
130
166
957
20
6732
130
166
1996
12
15014
20
4221
130
166
5654
33798
957
3503
45
141
292
45
9439
166
443
2225
12
20
11007
20
3288
12
289
500
34288
20
6732
48
20
2153
12
20
1091
12
59
166
443
20
2087
130
166
443
20
1008
289
20
1869
130
714
4661
25
336
292
45
2781
166
20
2447
130
714
20
1008
289
20
6064
166
1069
25
166
630
7737
16
25
166
5814
25
166
681
45
419
970
25
166
18110
25
166
11268
3013
20
49075
4
322
27
714
20
1008
289
20
6419
4
166
20
12732
292
45
5547
12
166
20
6060
20
7988
12
166
20
5232
20
1270
12
130
714
20
1008
289
3723
20
13030
12
6689
45
12615
130
166
5654
336
957
20
18802
4
166
681
20
10008
4
166
3723
20
3468
4
130
6689
45
1008
289
3723
20
5232
20
3849
12
166
637
20
4154
166
20
9178
12
166
3770
4
20
14507
130
166
29953
373
25
957
20
56952
199
4
166
20
8890
5004
4
166
331
2347
2
10
130
166
6
405
20
2358
2613
58883
2763
166
12006
130
3190
336
4240
5766
2
11647
2
443
166
523
20
15259
1012
48
2290
289
957
20
7509
45
141
2152
199
302
20
957
20
5137
5547
2
1069
25
166
29199
290
25
957
3093
2319
289
25
630
3723
292
45
957
28
20
5547
28
130
166
424
20
957
20
3093
957
20
7509
12
130
166
718
12
3723
3
130
13
348
196
45
3
957
0
560
0
2
718
12
1726
12
800
12
290
20
957
28
166
957
3
10202
306
20
637
130
166
20
739
166
20
5647
130
166
20
2211
166
20
7784
130
166
20
3144
166
20
9521
130
166
20
5305
130
166
20
9046
130
166
20
2719
130
166
20
13823
130
166
20
925
12
130
166
20
3714
12
130
166
20
989
130
166
20
17130
130
166
331
2347
221
45
3723
3
315
20
31096
166
20
14718
166
20
3770
4
48
166
1267
15076
289
405
20
2358
8449
5193
317
10
289
405
20
1898
12
130
166
416
18882
8
10
166
581
8
10
306
718
20
7295
6689
45
21078
130
166
290
3974
20
1154
12
166
4240
405
20
2358
35717
1813
336
12769
12
20
1528
130
751
45
331
4478
20
2288
289
994
6748
228
8863
20
2358
130
13
12545
2838
7437
0
302
402
969
478
405
20
3433
130
166
402
957
290
405
20
2358
130
9149
650
12
16508
6
51540
200
289
5232
292
45
961
28
130
13
414
6748
228
20
2358
1166
421
1
302
2275
1748
20
6057
13
348
6
6057
292
45
957
1748
0
2619
12
1267
33573
10
42
348
5523
596
43
48
2290
289
994
20
6057
6
20
2358
2152
199
302
20
957
20
1769
2915
290
718
28
130
578
7
59
20
1043
20
1769
130
6689
45
632
59
20
1043
20
17583
48
1033
20
718
20
491
59
13
718
11919
130
166
14829
20917
130
8584
2
25
630
20
14197
130
166
1033
292
45
1043
20
17583
13
658
306
1112
28
130
578
7
59
290
1220
166
419
20
6057
2
20
1043
130
166
20
641
59
290
20
1004
166
419
20
17429
2
20
8970
130
166
20
8970
290
20
5762
2
1770
45
141
292
45
3305
289
20
2560
130
13
348
20
3305
1591
7730
251
20
736
290
20
736
20
5295
130
166
20
8970
1146
709
28000
20
686
290
20
686
20
1178
130
166
20
686
20
1178
5492
2105
0
166
4435
290
630
292
45
2746
166
20
14197
130
166
20
2358
615
47780
289
2335
20
5232
2
20
565
12
30
20
20716
289
20
1155
130
166
20
5070
289
25790
20
2115
130
347
289
1950
20
11544
130
166
20
3305
419
891
2037
424
20
1557
478
20
565
12
336
20
1330
48
29
20
1043
419
3225
25
290
20
565
12
336
20
1330
130
13
686
20
10612
30676
15717
223
2
686
20
2093
166
10779
364
840
25
2
20
665
12
130
13
20
687
2
20
7199
12
30
20
21568
6689
45
10612
2
20
2516
12
30
20
1155
48
166
20
957
377
419
2
20
565
12
30
20
20716
130
166
377
2
20
1330
217
45
20
5724
13
985
30687
16
686
20
10612
846
30
20
5740
12
20
8606
12
347
30
20
5070
20
1220
7491
2033
20
2115
130
166
985
9524
16
20
565
12
20
5526
12
306
20
686
2795
20
10612
336
1154
45
141
292
45
3305
166
2950
20
354
12
130
166
2196
20
13650
12
166
20
4456
166
891
20
3436
12
130
166
1111
9524
16090
196
45
2983
306
14718
20
601
22
18843
20
961
2
1890
290
20
8970
322
3927
12
20
3305
130
13
348
3809
220
20
3958
3738
290
20
5006
2
8970
1053
12
331
363
3738
686
20
15490
2
3305
501
12
130
13
3966
545
20
1255
2915
26
20
2358
2
20
3305
166
545
3
2
20
8970
130
166
20
3305
2795
336
292
45
8970
130
13
348
20
1310
363
5122
302
9352
630
20
4221
20
5295
4
166
20
1178
4
572
21656
20
1190
4
130
406
9352
3125
0
166
23805
2
20
8970
290
20
2358
3125
0
166
611
292
45
2358
20
3674
12
166
20
27222
20
1595
12
22569
10
5232
20
14828
2
8154
8965
3
130
1274
218
12
1538
3
130
166
599
12
18590
3
290
539
1154
12
3305
166
6057
130
166
5641
302
20
1769
309
1508
2
20
8970
3125
0
130
290
1190
25
20
491
6
369
13666
20
681
306
20
1255
166
6
21228
16
17262
4298
12
20
6908
322
20
4318
6
302
20
686
363
4607
302
17549
630
1185
4
45
298
292
45
5295
12
166
20
1178
12
2
20
1043
130
406
545
10
2
20
6057
166
545
10
2
20
1008
506
2627
3181
4
20
1255
130
166
545
10
23805
290
6631
25
2
8154
1538
25
130
166
306
387
878
16
1483
45
141
292
45
2746
166
16928
16
3069
20
2358
48
583
302
20
1868
363
9352
630
331
2795
840
45
39468
209
2950
972
25
130
406
9352
1178
4
957
25
166
1212
4
25
130
714
414
424
23805
166
18074
48
1090
38369
20
2853
363
5122
302
9352
5295
4
3983
307
20
1829
166
3831
16
3
406
48902
16203
26483
4
25
20
1178
12
48
166
8770
402
736
2
1068
9378
25
48
166
1198
20
12606
9352
1178
45
46279
45
3052
714
48902
166
6645
2
20
3121
20
916
12
48
166
1198
20
8272
166
20
6100
48
166
3297
29668
17724
20
27222
13
826
782
1000
12
20
1934
166
419
20
1266
2
8970
25
130
166
641
22569
593
339
20
1000
12
1000
12
660
48
166
1198
630
20
27222
20
5526
12
166
20
24078
12
4773
45
2085
51451
12
290
20
3305
166
20
30536
20015
12
290
20
8970
130
166
985
22310
1675
20
1538
306
292
45
686
957
16
2798
12
718
20
8970
166
2798
12
20
7412
2
20
18590
336
20
2122
16813
1659
570
25
166
25155
12876
16
25
34342
331
289
686
25
290
20
565
12
336
20
1330
290
539
1154
12
891
218
2950
4456
48
20
718
20
632
59
166
419
20
1043
20
17583
306
1112
28
59
20
491
59
4533
20
9695
166
419
302
20
686
985
30687
16
1069
10
19678
322
10
26898
20
2511
12
24919
219
20
2269
166
20
1876
20
16640
12
48
166
4955
2
1112
10
306
37779
10
166
23666
10
166
17570
221
45
2684
5140
10
166
4196
306
7199
16
25
166
13655
2066
25
130
166
596
3805
2
1195
4089
16
25
5192
17582
847
20
686
4273
0
1178
0
48
166
4934
840
10
1008
0
9022
0
166
5653
290
45
40633
227
0
48
166
290
20
686
20
1178
5489
0
166
25662
200
289
10
630
2358
25
130
166
13515
20
2983
20
56122
45
20
2093
130
166
13515
20
2983
20
1178
30
20
2093
130
166
20
686
20
7886
12
30
20
10612
130
13
2915
24719
242
20
2358
6
847
20
686
166
51540
200
289
10
630
20
947
290
539
3305
166
8970
130
10554
2608
325
387
1406
25
3805
6
3675
25
4269
596
421
25
166
1656
59
42
29
957
1
331
39796
372
3305
43
187
20
1911
59
13828
188
20
3494
12
48
13
957
20
12323
4536
2153
12
290
630
26483
20
46683
6
302
10649
25
322
596
3805
2
363
3551
12
166
4048
12
130
166
994
387
2319
397
939
12
8590
421
25
20
998
166
20
13030
12
130
13
348
3
3305
24
2950
972
3
130
166
1677
24
2
3433
292
45
1748
730
0
290
20
2358
583
2250
24
7588
20
11291
4
166
4747
20
49075
4
130
166
8590
20737
25
20
998
331
369
687
0
6
302
25
331
3305
166
331
2699
2093
0
13
21275
16
20
13030
45
141
218
13128
24
166
13295
24
13
433
24
59
42
29
1267
57618
2
1719
1
29
2864
1550
45
1
43
187
20
8740
12
59
1560
188
48
166
13925
4706
20
4221
130
13
8850
8590
421
25
20
998
336
1675
16771
25
130
166
6702
1950
25
322
3248
12
20
3198
4
166
11964
2
20
5542
12
306
20
919
3805
246
45
957
25
630
20
2469
59
42
714
1046
3
306
20
13030
12
43
187
20
8740
12
59
2852
188
48
42
13
433
25074
50598
209
2
2469
1807
348
13732
3816
28
43
187
20
8740
12
59
2852
188
48
13
6012
637
3
606
8590
48
166
1457
957
3
166
25532
16
4171
12
19888
3
13
6603
24
289
2115
292
45
3321
42
433
24
6793
1
363
957
6
8
915
331
957
16
8
43
188
20
8740
12
59
3236
188
48
13
433
3805
59
42
1827
8590
25074
222
3
2
10461
3
43
187
20
8740
12
59
3671
188
48
13
58320
3
11443
421
25
20
998
650
12
3198
4
20
957
166
22471
4
20
681
130
13
4933
292
45
681
606
20
14197
302
20
957
20
26966
20
30580
322
20
9695
4435
166
4436
290
20
2358
292
45
7762
12
130
166
2250
957
20
9695
9934
20
12323
166
584
20
13190
130
166
5322
596
3862
196
45
9695
290
1800
1096
8
534
4269
596
421
25
166
1656
130
166
369
3875
596
4269
596
20737
25
166
1656
166
9020
20
1886
28
130
166
369
7588
20
1255
166
19272
20
1223
166
20
13545
166
20862
4859
59
42
3883
338
919
5
13
5505
13725
43
130
166
433
6
4008
25
59
42
1412
7588
14
166
34306
1006
9445
487
3805
43
130
166
2150
369
957
25
4436
166
4536
166
4435
6
302
25
1677
322
20
1043
292
45
17583
130
166
331
14979
551
2
20
1043
166
20
1043
20
1769
48
433
3805
59
42
957
25
2168
20
1601
43
187
20
2101
59
54
188
48
20
1112
20
632
59
419
20
7433
130
166
20
7433
6433
20
686
20
1178
12
6
20
686
20
5295
45
141
292
45
1769
12
306
971
43022
10
166
2647
10
166
565
12
2035
10
166
20
7433
2886
20
9695
246
45
348
20
9695
419
1454
20
681
20
26966
166
20
7433
4453
957
0
6
4118
130
166
20
957
292
45
14343
209
332
377
363
3551
12
289
1424
25
407
20
686
166
407
20
9006
130
166
2150
21835
45
20
2691
290
10801
20
8106
3718
306
20
1950
17350
7656
5393
130
166
424
302
20
2358
402
45
298
31167
451
12
1190
12
289
5070
20
686
20
1178
12
20
1012
377
419
289
20
12732
20
7988
45
141
292
45
2509
12
20
11460
12
2
20
665
12
336
20
2983
20
491
30
665
12
20934
336
8590
421
25
20
998
48
6689
45
686
20
1178
12
14792
166
41594
166
4536
290
6337
20
11291
4
13
290
56468
12
20
2983
20
1178
42132
8062
20
7433
166
290
16003
20
686
292
45
1178
12
29199
20
7433
130
13
20
9695
10587
12
20
12323
29
20
7433
3237
12
20
6526
48
13
1033
29603
20
9695
13
30
331
302
20
686
743
20
2983
13
20
1720
743
20
3675
13
30
424
20
7433
743
292
45
9695
13
419
4504
2
665
12
20
9695
1691
2
12697
20
14507
29
20
957
957
20
12323
218
45
20
6526
48
13
1033
957
20
9695
13
5425
2
20
13190
6839
421
3
506
369
6
8590
29
2911
20737
7
20
998
29
1536
29
534
4269
596
421
7
29
1656
29
539
3
290
20
13190
130
29
1529
10895
20
1898
12
29
20
18802
12
48
13
20
18802
12
2647
20
686
20
11848
12
4706
20
1190
45
38993
45
20
6495
4
336
20
4754
28
29
20
3958
28
130
29
1963
7316
20
2647
6
686
290
20
5232
218
45
363
22314
6
10
20
13130
6
10019
290
20
17637
29
804
290
20
1801
130
29
20
957
20
14343
29698
485
6
2057
20
18802
12
29
20
925
12
506
369
6
20
4500
421
25
20
998
527
7274
596
3805
6159
25
130
13
433
59
123
29
957
8
25
290
14343
0
957
0
125
20
16214
59
4242
48
29
433
19316
45
4940
28
421
413
1983
961
4031
596
1112
25
59
37
6481
16
4950
5
289
28759
13
22310
29037
570
5
936
1675
290
20
957
315
402
1675
936
1675
37
130
29
433
59
37
1252
782
16
848
29
1883
12
29
1464
45
25879
10
6
970
16
6
2057
20
15603
12
2
15603
16
3
130
29
6
2057
20
13921
2
13921
3
130
29
6
2057
20
3424
221
45
3424
3
37
48
29
327
12
2153
12
363
12629
2
2536
20
3305
20
1769
130
406
17949
20
6951
2
405
292
45
2153
12
2
565
12
20
957
20
14343
209
130
29
433
3800
0
6903
596
322
25
12576
322
1800
2911
421
45
6812
45
998
302
4240
1058
25
952
26
1079
0
13
1252
34912
596
289
4240
6849
20
8283
45
141
196
45
29806
289
10
583
2970
713
424
130
2253
952
28
29
10759
130
29
405
20
3927
12
29
20
511
45
141
218
45
20
6051
289
20
957
363
658
915
6
4118
9022
0
9285
0
48
13
38368
3974
596
221
45
459
1866
0
1299
20
6971
407
686
25
29
407
20
686
335
419
20
2701
130
13
3499
289
45
298
1146
40141
211
545
20
21775
4
29
3959
200
289
10
6849
847
20
21775
4
13
5904
20
686
322
10
506
22497
276
290
5058
25
29
1838
12
20
970
12
12629
290
20
957
20
14343
209
29
331
162
2640
20
1310
405
292
45
2153
12
363
658
4765
0
6
302
20
970
12
290
5700
596
3805
59
123
31998
292
45
970
12
290
12690
29
290
58550
20
970
12
1093
19886
1866
45
3839
605
0
29
331
2086
915
491
24
20
28803
125
20
8740
12
59
27844
48
29
424
6
302
20
4127
28
336
2153
12
20
957
20
14343
209
396
35023
322
3927
12
20
6057
29
4456
292
45
1043
27205
53541
1890
0
29
4086
26
730
0
29
21958
26
5735
0
29
26225
313
1558
0
48
29
29990
302
20
9695
985
12303
48
29
1675
20
1898
12
985
2341
228
29805
20
1255
322
20
13190
218
45
6589
20
1617
12
414
4913
20
894
12
29
52584
20
986
130
990
433
3805
59
123
20
437
225
8071
16
6
14
986
14
125
20
9182
12
59
52
48
29
682
290
20
970
12
6589
1154
45
141
292
45
3436
12
290
539
1265
12
48
13
1033
1675
20
7433
13
363
6917
228
130
29
10567
2066
20
686
20
1178
12
10804
6820
6
5074
1368
12
20
686
29
1265
16
10
336
2107
29
3279
29
8358
130
29
30
331
302
20
34402
309
7363
24
322
20
1898
12
29
20
1617
12
29
12558
24
33798
20
8358
29
20
10111
6
27335
3
41101
28767
20
34464
29
35893
3
289
405
20
13737
4
13
596
3805
5322
1675
20
9695
29
419
3494
45
141
292
45
5058
29
1363
1675
20
7433
2658
12
29
13926
20
1687
48
29
6194
20
12006
6
957
24
302
596
6895
498
2
5058
25
19427
290
12690
2
539
1861
48
2290
289
12006
20
5232
289
6057
20
2358
2152
199
312
20
2358
615
47780
289
630
20
5232
20
1769
12
29
402
10
3958
12
6
630
20
2358
218
45
2150
14479
686
0
290
20
5232
3168
10
290
25
2
496
5246
29
5214
13916
421
10
290
1220
130
506
433
20
3675
4269
596
421
25
29
1656
59
37
3045
20
1255
50954
307
16034
5003
22504
20
12615
37
48
29
433
4269
596
421
25
29
1656
59
37
402
7196
9804
306
20
6007
12
37
20
1126
48
13
20
686
292
45
4185
12
20
1769
12
2057
6
16003
20
1178
12
421
10
29
4631
12
6
2647
20
947
20
6495
45
141
6159
10
2
565
12
20542
16
10
20
4201
12
29
7737
16
10
130
29
523
32338
545
10
289
405
20
4118
48
29
17203
6159
6450
20
4706
2
2501
916
12
29
5384
5674
130
29
3040
545
10
306
20
479
12
20
4201
45
141
221
45
363
1570
29
2645
48
5192
2280
0
331
4838
16
418
12
130
29
20
5232
20
2223
12
443
20
5232
20
7594
45
141
292
45
3958
12
6
20
9695
29
20
4115
20
2188
12
306
6589
20
10008
12
29
20
3000
289
687
20
40773
45
20
2645
130
13
348
847
20
5232
3701
12
306
20
479
12
20
156
904
209
12
130
29
331
2631
16
28239
16
45
21498
45
2645
20
2501
29
14937
20
5384
3077
20
12323
2932
20
5232
29
1927
12
20
3045
336
6942
12
20
6007
12
48
29
1033
20
5232
20
3288
12
289
405
20
4118
20
25267
12
13
2250
16
306
12006
130
545
3
4985
221
45
1570
20
1770
2105
0
4504
0
48
32461
28574
20
8265
289
16286
3
12537
210
8542
2939
45
20
3305
48
29
4272
26
20
479
12
20
4201
12
27213
304
1570
3
2
3545
2225
12
130
29
25662
8330
28574
16737
294
3
2
1455
4162
29
545
3
9352
26
2950
972
3
29
3562
1172
26
2
20
1043
29
4272
45
46392
196
45
479
12
20
4201
12
27213
304
1570
3
2
3545
2225
12
48
29
25662
8330
28574
8265
3
2
1455
4162
218
45
545
3
9352
26
2950
972
3
29
16254
26
2
20
38478
29
20
4913
630
1114
3
130
29
14895
469
26
3125
0
6
2645
28239
16
3
130
6
302
20
9378
985
13
3409
363
5192
20
1620
130
29
545
45
45759
210
1182
26
29
29152
21047
1588
45465
29
36276
26
2777
3
29
3289
26
16090
1890
0
29
16003
45
23952
498
0
130
29
387
20
10148
2150
1624
290
4273
20
5232
306
20
4118
29
27335
10
2
1068
52036
16
10
29
2861
10
30
20
2223
985
1570
130
29
20
3288
985
479
130
29
405
20
1044
12
985
38312
16
10071
292
45
5232
2
965
20
957
20
14343
209
29
3305
302
10
687
12
289
491
20
6007
12
29
5125
12
289
2807
1540
20
6865
130
29
2150
6908
16
6
302
10
1570
16
2
7600
12
387
20
4122
20
6522
130
29
20
1567
45
141
397
387
20
1770
20
29101
29
20
1759
20
9744
29
302
10
363
5668
2
20
3305
2768
20
957
292
45
13756
48
29
363
3610
20
2983
20
6172
130
406
1250
16
10
20
957
20
4201
20
8499
209
29
3415
45
141
6639
23
20
1570
2
4273
10
306
2981
12
20
4122
29
5054
1889
16
25
29
2495
2118
25
130
29
20
57823
45
2967
20
44528
306
564
228
25
985
11964
306
1610
12
20
3079
130
29
14979
2
2885
16
25
10701
630
292
45
1687
29
13291
2
681
826
29
419
681
20
3079
130
13
20
686
6
3291
12
10767
10
29
12917
16
10
11964
45
45293
387
20
3988
29
14979
16
2
3841
16
25
29
1610
16
25
29
20
1589
2
1888
25
130
29
8104
16
23396
3846
20
2511
12
2
804
2861
10
29
5295
16
10
13
12558
16
289
1517
20
972
156
48621
20
3305
891
45
20
18747
331
416
3939
16
130
29
13131
0
289
10139
331
416
1093
16
29
682
20
3305
915
7412
20
686
336
5070
10
29
3225
323
289
6631
10
336
20
1330
891
0
6
52584
1069
10
29
3187
2610
16
10
130
29
985
369
16
20
5232
604
498
12
363
56737
336
1838
12
6922
16
10
17570
29
51991
2
2093
44528
687
29
41843
221
45
25
6
8898
10
306
891
5149
10
29
12200
10
30
20
3288
377
658
14420
0
2
2225
16
45
419
45
4086
302
20
479
12
20
1731
12
1834
12
2122
12
48
48526
336
2853
44528
130
29
3915
637
45
165
20737
25
29
32000
247
840
25
6
8770
25
29
16356
322
25
1570
25
48
29
416
1548
8
687
0
32338
2
1570
560
1667
1146
29
20
2065
13
1568
686
25
322
630
20
2358
29
10701
1190
4
25
29
9827
4134
421
25
29
746
1832
209
4224
16
25
29
4032
16
25
630
331
1677
289
778
972
25
29
747
1114
25
48
13
985
479
18076
196
45
6727
840
25
19678
20
8265
322
25
29
8960
20
686
336
1190
4
10
16118
1182
331
416
3939
45
15691
1114
20
1570
130
13
957
8
302
20
2358
331
1150
16
29
2150
3939
16
29
1529
407
20
9046
218
45
20
8265
2
20
1255
13
348
20
9046
13823
20
14369
29
20
3341
130
29
20
8265
13669
20
14369
246
45
658
30
20
28574
347
20
9372
20
20160
6
2066
20
3160
322
23625
20
10517
28
363
30
20
10442
27376
419
2727
20
3160
290
2246
20
1155
336
6550
48
13
17429
20
686
2
20
1043
419
250
1066
12
20
1570
20
5214
322
5070
20
686
6
2898
336
331
957
16
289
491
20
6007
12
29
2219
45
15691
1939
20
20542
12
48
13
985
2219
16
20
804
29
20
5951
290
20
1043
29
1838
12
20
686
29
5070
45
16760
45
12545
302
20
686
20
3288
12
3190
336
20
1043
29
11219
195
433
20
972
289
6057
292
45
2358
48
13
1033
20
686
335
14029
1570
10
29
846
518
16
10
4504
12
29
449
10
7614
198
0
29
28574
45
5573
550
0
29
9378
10
2223
0
130
13
363
3190
336
1154
12
3305
29
2950
4456
406
4976
10
3545
219
1183
29
8970
6
302
10
8960
2
25
336
2335
10
130
29
4955
306
1311
16
10
29
1838
16
10
29
4737
306
38065
397
4
10
34342
331
289
10
290
20
565
12
336
20
1330
29
13515
331
419
615
575
289
10
10587
45
141
196
45
10
13
697
681
10
29
8724
1104
10
29
3305
611
20
4221
289
1455
20
1114
29
5904
30046
196
45
1190
4
2
1195
20
856
130
29
33427
687
12
1270
12
19126
12
912
269
222
2
4273
306
20
686
292
45
1178
12
29
23202
2
2483
306
20
686
20
5295
12
29
8599
3074
290
718
20
7716
2
20
2335
48
29
10136
6600
20
14733
29
2335
20
10002
29
1568
322
13720
20
4118
29
17057
10
130
29
985
1463
16
336
46576
20
2153
12
1093
957
16
29
651
16
29
2352
16
130
13
387
419
20
2122
6
630
20
1255
48
2290
289
1838
12
20
14343
209
29
1801
1424
45
298
29603
302
20
957
20
14343
209
29
419
11965
2066
20
7433
658
414
20
2126
12
506
433
596
10458
247
59
123
29
686
29
331
6408
10
125
20
3160
59
56
48
29
387
20
7412
658
2
662
45
141
27211
1415
59
578
10
59
6057
630
20
2358
29
2104
20
3168
20
11845
290
611
10
48
29
20
632
59
20
902
12
20
3816
12
29
20
1964
12
20
2223
12
130
13
348
20
3675
4269
596
421
25
29
1656
29491
293
336
405
20
1838
12
130
13
433
59
37
290
486
2
331
957
33943
25
596
957
331
462
1912
37
48
29
433
4269
596
421
25
29
1656
59
37
290
21808
6
596
952
28
3217
596
3805
15607
292
45
970
12
290
1950
25
306
6
2877
25
37
48
29
20
1091
59
20
8970
130
13
348
20
686
985
3305
16
29
49649
269
210
2
20
957
714
7679
420
289
1190
4
45
21498
45
2500
20
1538
27046
421
10
1675
20
8106
30
20
7313
377
10854
289
1281
25
2
1037
20
3000
303
43777
421
25
3725
20
4141
130
29
985
7996
718
20
3087
3718
289
44611
20
29425
130
13
20
3540
420
985
7996
2333
20
8946
13515
290
3325
20
28803
130
29
25155
34610
12
290
687
292
45
8106
289
1950
25
13
30089
524
0
1270
0
11257
0
15256
0
4306
0
130
506
433
4269
596
20737
25
29
1656
59
37
8970
1053
12
1866
290
5058
12
1148
28
501
12
37
48
29
16508
20
8970
56231
10
25584
292
12
660
1111
994
20
8970
29
2798
16
25
29
1838
16
25
681
25655
2795
336
1154
12
4240
218
45
4472
2
3706
596
3805
48
29
1100
39287
405
20
1898
12
130
13
348
289
405
20
1179
4
7479
45
141
196
45
2057
10
59
123
29
290
462
2651
596
6
25
16090
13
331
6
25
290
2066
125
20
2066
59
2379
48
29
596
1720
20
4940
28
29
421
25
20
33154
23
130
29
4269
596
306
1096
8
47853
45
10376
29
7600
25
29
1656
29
1068
8
596
29
3047
20
2549
130
29
363
724
29
363
565
12
915
2
596
20
2087
196
45
3459
130
29
2
25
28826
289
402
3480
29
997
29
20
1719
6
596
919
20
687
28
48