48
9291
596
20
3520
20
6700
44
44
20
25845
20
8084
12
289
1386
2358
20
641
12
44
44
6359
12
20
1058
292
45
1719
6
596
377
941
686
25
2
20
5074
130
29
970
306
290
6408
25
2
20
13587
296
130
29
1968
20
2793
16137
2057
20
4257
29
20
1741
130
29
2290
2
957
25
407
2613
20
3121
130
29
1968
970
20
641
45
141
41916
0
6
20
11919
290
20
1114
130
29
49305
424
6
290
12690
290
3045
25
2057
20
20038
130
29
4269
5997
306
1096
8
534
3875
20
880
20
3117
130
29
306
10376
29
7600
25
801
941
3
2
12999
292
45
31853
289
1881
20
998
48
1033
414
130
1093
433
3805
42
402
686
18499
12
20
2793
43
37
1000
6575
59
11053
37
48
29
6688
424
397
1058
25
20
2138
289
662
12
17236
48
29
2150
3974
596
6793
25
29
3805
20
2793
45
46279
45
662
6
20
687
28
130
13
20
26001
336
20
687
20
9937
519
7957
130
29
20
26001
336
20
687
292
45
31575
247
7957
130
29
20
26001
336
20
687
20
19888
247
7957
48
13
20
491
8590
29
4709
16
45
419
45
630
20
3885
4
306
23429
25
20
662
130
29
20
31575
247
29
419
20
3645
8863
20
13030
45
141
218
45
20
546
130
29
2057
20
19888
247
2628
20
32457
26
290
20
13030
12
48
433
596
3805
59
42
596
1895
2460
290
20
13030
12
13190
0
29
290
20
1255
43
20
894
59
3930
48
2628
22147
26
29
9112
45
384
218
45
1079
12
20
8233
29
1859
25174
4
20
4799
801
29
852
3
596
3805
289
1058
25
29
8640
20737
3
527
1260
59
42
29
290
606
25
363
746
31664
313
322
5058
16
25
29
363
16422
1025
313
130
22297
45
46392
196
45
1824
29
20
4371
363
22842
26
43
20
12323
629
166
466
48
29
3
2057
18666
12
20
2534
20
2619
45
46392
196
45
29338
210
26
2
1406
596
3805
59
42
6
3469
2238
25
290
14343
0
348
15
8
3817
28
43
20
12323
59
1750
48
29
3
7957
26
306
405
20
1204
12
290
596
3805
29
20
20343
130
29
682
18712
195
45
332
221
45
6834
12
6
3
290
20
2793
48
13
491
331
8002
6
1
322
20
2793
20
9937
519
13
3376
25564
1
6
44505
323
55507
25535
29
17621
25
6
1
2
906
322
20
2727
290
637
336
637
348
15
16
13763
0
2
596
218
45
3875
25
29
20
437
20
641
130
45752
331
5103
1
915
407
12
130
1331
596
306
331
3871
29
9237
6585
21603
247
20
3424
130
29
331
479
290
1126
3875
596
42
4269
596
421
25
29
1656
43
2290
196
45
331
2470
596
20
2470
16
28
2929
210
28
2470
7
978
5274
306
1624
8590
421
25
20
998
130
13
402
331
1127
25
289
1127
25
20
491
2150
1127
290
3274
25
20
4280
130
29
402
6185
1153
289
20
641
31249
323
1127
290
3274
25
20
7878
130
714
7329
2470
16
25
6793
25
13
1008
840
3
8590
289
3078
21508
196
45
1913
16
28
29
3
5913
20
4583
714
433
59
1807
336
20
546
12
29
363
57823
247
2628
2
486
2057
292
45
546
12
1912
26
29
1807
336
20
2158
29
363
57823
247
2628
2
486
2057
20
2158
1912
26
48
13
433
260
367
421
25
20
998
59
23937
29
331
486
2057
20
2158
132
433
20
521
7893
130
29
22970
13190
247
130
29
10997
37282
289
20
681
29
20
13567
48
433
8590
421
25
20
998
59
20500
3
306
2777
45
332
242
1394
302
363
4670
24
13
20500
3
306
2777
3
59
25699
16
2
919
14
132
433
24
59
25324
1331
8
36
29
20500
421
3
20
13030
12
29
8590
302
3
3122
24
2
49059
16
25
714
1340
3
336
1204
3
48
29
2150
2828
24
3574
2777
0
290
539
8869
130
13
2026
1340
3
336
4861
11443
421
25
20
998
7254
195
16
3
29
2470
5590
3
29
1968
10
606
25
289
5676
12
290
16111
20
8233
130
13
985
3793
45
12144
45
1300
12
20
2111
540
12
3122
16
289
20
2658
583
408
16
947
16
10
29
20
686
289
10
5351
12
48
13
6
5070
45
298
292
45
31575
247
1641
16
20
4122
290
20
12358
130
13
985
17427
596
3805
289
10
20
2108
1340
840
45
21297
211
10
20
16575
290
10
377
30740
25
4770
0
289
5676
12
20
8233
13
34449
20
7196
48
15837
478
7196
3234
289
7710
319
25
13
1963
2934
16
25
20
1937
12
347
462
9419
25
36
13
405
2793
12
1012
218
45
913
12
632
12
48
2290
6181
348
596
1735
29
1909
3625
25
289
20
4118
1114
913
16
25
583
39138
1003
25
20
3537
218
45
5548
25
20
10314
29
2506
20
6022
12
48
13
985
5298
16
2793
16
25
130
3627
20
2793
12
20
17868
12
130
13
15656
5085
421
25
952
12
290
20
13030
12
59
880
14600
20
686
290
822
25
20
6989
130
29
1771
194
3971
10
290
822
25
20
6595
130
29
880
14600
10
290
745
25
20
6989
130
29
880
14600
10
290
745
45
6812
45
6595
48
29
1963
1386
6
20
5351
322
20
681
20
31575
247
554
302
14155
1411
130
16058
22899
196
45
13030
12
306
1838
12
486
25
306
331
2344
3156
313
840
25
290
687
3
130
13
348
369
6
2877
45
37983
1027
0
1774
2
965
3
130
13
1963
5273
306
686
25
20
1126
2
331
2699
130
29
5828
302
35826
219
1330
20
8926
130
13
3796
583
11285
6
2877
25
130
29
3
14600
6517
290
2465
20
19271
218
45
34623
20
7746
29
20
686
5511
196
36249
292
20
29303
12
290
20
14433
276
130
29
20
29604
21251
2108
45
30440
45
20
1011
353
290
20
17408
20
20776
304
130
3297
22694
1242
20
4731
421
25
20
3177
12
29
20
998
48
29
20
5351
10006
302
7710
25
22742
16
9875
0
30
7461
686
25
3716
290
15638
1327
12
130
29
30
7461
292
45
5233
32444
16
306
20
1155
29
419
407
7
29
6
387
8032
10005
42
13005
596
322
25
43
30046
196
45
2793
13
433
59
30
10894
9875
6481
289
6333
1486
13
4895
25
1310
5452
565
12
13
1891
323
1891
29
12785
48
29
433
421
25
20
3177
12
29
20
998
59
37
6
3144
12
290
3144
4
20
2793
5492
290
34831
7646
12
1934
12
2
20
3815
37
48
13
978
13092
4122
25
6600
0
130
29
12156
1357
0
25
130
29
6214
7289
2939
16
25
130
29
6386
22224
25
130
29
14152
686
25
130
29
54162
3507
25
48
29
2026
14664
16
8022
3875
5997
4269
596
421
25
29
1656
289
405
20
637
12
29
419
51349
289
4297
10
29
443
18037
246
20
11303
35573
16
2353
2024
0
59
2
686
5
55190
209
331
13255
1
290
20
8563
242
4
29
331
41029
218
45
331
11252
20
546
290
554
6210
29
331
15
16
6210
9839
12
53022
218
45
861
10775
289
1112
1
30
713
20
15080
985
25662
242
250
640
2955
221
20
3507
290
5351
13
12718
1112
1
416
40645
246
45
985
993
976
16
686
25
336
20
1950
13055
6
2877
25
322
20
9051
130
29
331
578
15759
29
20
686
4876
34261
12
289
2065
25
6
1112
28
59
578
7
302
20
681
3459
416
13578
2065
25
2
20
686
20
922
45
141
397
25
48
3068
3489
302
20
1310
985
4793
16
25
1934
12
289
2065
25
13010
354
42624
0
130
13
7144
12
8943
218
45
7144
12
363
5122
306
20
2288
130
29
402
18243
17952
2
1965
915
18243
20
2065
13
348
25
27119
10956
0
290
539
3003
132
48
29
1033
20
641
13
348
20
964
377
289
25
942
12
20
1965
20
21494
45
141
478
20
3558
12
20
26742
12
416
2489
13
2250
686
25
5831
20
637
16
28
59
637
20
1425
218
45
20
8641
12
130
6
302
25
1093
20
3558
12
130
13
606
387
20
637
5396
3723
20
12115
130
13
290
45
16373
219
17952
25
20
880
15656
2
1088
12
20538
12
416
16654
16
2530
290
2158
130
13
10071
20
686
218
45
23202
1220
12
13
4518
10
289
745
25
12390
228
7849
1557
2
20
19839
306
971
20
9463
12
736
45
48325
30359
0
130
714
20
13030
12
2345
10
20
35786
12
130
29
290
20
12115
290
35635
686
25
13834
45
993
247
14334
289
20
14474
12
29
682
3040
289
20
14474
12
915
839
12
5013
12
2
20
1950
130
13
15656
1727
6159
10
2
847
20
1088
12
20
18105
12
130
13
348
20
686
363
19812
20
1950
583
17952
48
29
964
2646
20
1088
12
302
10
796
948
289
2115
20
2793
130
13
985
782
16
306
20
1950
2250
964
10
289
6337
292
45
4122
30
20
676
20
10424
242
130
6
302
964
20
913
12
2150
419
1212
289
20
1950
29
4687
964
25
606
292
45
5150
12
20
1012
130
29
416
433
545
20
19126
28
59
20
913
12
539
20
686
130
29
315
8
45
298
22770
454
245
20
686
2
20
4122
48
29
606
2011
20
686
289
20
6312
29
20
1425
3915
421
45
6812
45
4239
130
29
424
6
302
26941
416
8798
9015
25
336
387
20
1310
560
12
130
29
10984
45
332
20737
25
130
29
6910
3
2
25
130
40125
2884
20
6951
29
419
289
847
20
637
16203
38928
19318
6
25
289
947
12
2820
429
290
20
18224
20
5351
28
20
31782
28
6
25
20
7395
289
1881
20
4118
30
20
576
29
20
319
29
20
5774
45
20
7790
29
20
2599
4876
34261
12
3848
20
3784
20
14689
292
45
11557
130
13
1260
6
25
59
2838
12603
1827
11661
29
1267
2376
8
1
289
387
20
1104
130
6759
45
31074
2882
4198
13
419
20
986
20
4397
606
596
3805
36
13
348
16440
24
322
25
29
12632
1075
45
165
47776
26
29
433
24
6
25
59
337
27049
0
13
348
25
986
20
8278
29
2954
2
25
986
2911
36
29
2086
45
384
196
45
25
14021
402
564
12
48
13
606
424
48918
253
596
290
2205
28224
25
130
29
419
2811
1406
25
3805
59
123
919
8
363
1244
253
4318
8
414
1111
5947
3852
10817
6
45
11461
219
14343
1
2658
12
348
1
2838
20
7777
125
1000
6575
59
57
48
446
363
1244
253
52373
221
8
606
20
2793
29
416
5947
3852
290
554
387
336
20
3536
48
13
985
3974
596
10458
247
2
459
25
15432
12
29
5486
0
1075
16
25
20
2658
12
130
29
5781
419
13253
421
25
20
998
130
289
9060
322
25
20
8926
29
24074
20
35594
322
1112
25
55845
492
20
5351
16697
0
363
5813
12
48
29
730
290
2627
18255
0
289
405
20
637
12
16738
18455
0
2
20
4994
377
1075
2658
45
141
5997
290
596
3805
1260
59
1827
11661
331
51216
132
1412
13253
29
1807
31164
1
9445
45
12615
130
337
306
20
564
12
20
9947
209
12
29
20
4317
12
20
19695
36
13
331
1557
4454
336
292
45
1310
29
28748
290
25
2
424
20
880
130
29
419
1406
25
3805
59
123
10817
6
8
290
8062
219
1
2658
12
348
1
2838
20
7777
125
1000
6575
59
57
48
714
20
2793
306
292
45
6007
12
48
29
290
20
1255
290
17952
29
419
1268
19931
130
347
11206
130
347
2069
289
545
29491
2725
25
130
347
1641
8041
306
20
18763
130
29
419
20
41721
12
130
13
23266
686
25
333
12
826
12
48
29
9445
45
1255
290
985
1130
16
686
25
20
2601
321
1386
6
25
322
2057
25
20
778
28
130
29
57740
2
25
6598
45
37983
20
12115
130
29
15656
658
6
25
13520
7057
25
402
1557
915
20
1310
130
29
1252
2934
25
6
17261
48
29
641
331
7290
290
20
5351
20
2934
130
6
302
20
2108
985
2910
16
20
1950
2
1047
10
13
54756
196
45
5706
130
29
1033
20
2934
13
363
7290
583
23266
20
686
130
6
387
433
421
25
20
3177
45
141
218
45
20
998
59
37
30040
24
20234
14
2232
12
302
363
4267
915
596
218
45
302
534
0
3875
596
37
29
13567
322
20
16539
2
10
421
3
6
331
3289
26
25
9445
45
2785
20
6664
29
20
5930
20
29965
199
48
13
985
1008
16
336
20
5351
416
6006
6
11535
25
29
9272
45
37428
210
0
25
29
30314
1112
25
29
12039
16
1357
0
25
13
12545
2
302
25
13822
130
416
1386
6
25
322
1838
12
3274
218
16
45
39468
209
20
641
12
130
29
985
1548
16
20
5351
9023
20
6759
30
302
25
12923
130
5541
20
1112
130
17382
45
141
27027
25
130
13
12545
302
25
3027
2
331
19947
25
289
20
641
12
290
20
6163
130
29
1386
6
25
322
1838
45
141
54197
199
16
25
48
13
985
2470
20
880
20
686
20
1725
12
2345
10
880
23
8526
20
5038
130
421
7
30007
1195
12
130
29
6
7
11626
2591
12
130
13
6
1167
313
10
289
12434
25
290
12434
20
546
45
141
218
45
443
306
971
20
9463
12
736
0
1769
0
331
1093
290
2983
25
29
363
957
25
20
7762
53325
20
4118
130
16058
14505
313
2
25
289
20
4252
130
290
3
290
2102
29
290
3
290
363
2102
130
13
10379
4132
2
20
1440
20
12070
12
29
20
8015
20
6035
12
30
5913
20
12246
20
5678
583
4389
29668
5233
20
4118
130
13
32411
20
1303
20
1675
130
32128
6
20
319
28
59
290
2838
132
13
1260
59
1412
19516
4198
7228
48
446
13253
48
29
387
11661
315
5
2
5505
10461
25
29
4454
10
840
25
131
34510
6
25
59
3047
20
1486
369
11661
29
369
16
3590
16
25
1195
12
539
14377
48
714
5654
336
292
45
5233
20
632
12
13
32411
20
1303
20
1675
32128
59
290
2838
132
13
1260
2405
16
25
20
1012
1918
292
59
2057
0
29
3516
0
2
11661
130
369
760
0
306
3177
16
25
29
630
26564
10
48
714
4401
583
5654
336
20
5233
292
45
1091
12
13
32411
20
1303
20
1675
32128
59
290
2838
132
13
1260
20
1303
2405
16
25
20
1012
218
45
20
632
12
130
32128
59
369
9651
596
289
584
1281
25
29
363
13020
290
25
2
1557
714
32681
520
5654
336
20
5233
20
1604
12
13
32411
20
1675
32128
59
290
2838
132
13
1260
30
10312
25
16203
1347
16
25
130
32128
59
2057
0
2
11661
369
24689
16678
1444
20
4248
29
6280
25
290
6450
20
3001
29852
45
5680
20
3735
48
714
5654
336
20
5233
20
1931
12
13
32411
20
1675
32128
59
290
2838
132
13
1260
30
1483
16
25
130
13
1260
30
1483
16
25
130
32128
59
9950
0
2
11661
369
730
20
29839
221
45
20
365
26546
29
49531
2
20
964
29
10912
20
7443
48
714
5872
6
25
59465
583
5654
336
6224
4556
4
20
4799
13
32411
20
1675
13
1260
20
1303
713
1406
25
130
32128
59
2057
0
29
3516
45
2867
45
20
459
20
1191
29
20
686
20
2591
12
130
369
730
20
29839
29
17752
322
20
9248
29
12527
221
45
20
2082
29
10650
20
17731
28
48
29
4401
2
564
250
290
20
13030
12
402
3
14351
5518
2
20
546
45
141
218
45
27791
5518
583
5654
336
15372
12
20
11032
13
32411
20
1675
13
1260
20
1303
30
10312
25
16203
1347
16
25
130
32128
59
2057
0
29
3516
0
29
9950
0
2
11661
130
369
486
25
486
0
1191
0
6
1112
5997
3805
48
714
5872
6
25
59465
289
2115
290
2158
130
714
4401
289
2115
290
2066
130
714
34860
289
2115
290
4298
12
130
714
4401
289
2115
290
2883
130
714
4401
289
2115
290
11422
130
714
34860
289
2115
290
6208
130
2950
402
2115
290
10
936
359
130
714
17087
20
8561
20
21005
45
141
17582
8233
20
3520
29
443
6101
26
936
0
290
20
25174
4
130
6
402
25174
6101
26
936
426
317
12
130
306
402
40319
246
12
4690
39601
6
596
3805
29
22297
25
29
33306
25
130
29
1252
6264
290
10
4690
13634
336
5233
20
4118
6
459
290
743
596
29
6
11897
10
2066
25
130
13
15656
25107
22193
478
20
2234
12
20
11848
12
290
2456
20
25174
4
59
290
405
20
686
335
56286
2
10
132
13
1260
59
11661
413
11661
130
13
1260
20
7151
1909
4799
25
59
2163
1302
13
3047
20
459
15
16
22356
36
13
985
1626
25
407
745
5
25
20
1913
16
28
36429
25
2
545
20
6854
29
20
31517
12
583
10006
302
25
416
3188
714
34706
322
25
6793
25
48
506
2492
322
4301
413
49483
20
2989
29
416
52225
40556
45
8922
13
5781
6
25
59
331
1330
596
4361
132
13
433
59
29
7103
338
407
745
5
25
714
433
1827
989
292
45
3467
1330
16
6354
29
1330
16
6354
130
13
433
23937
331
2
387
1662
16
322
1
130
433
59
13
2
2635
1480
16
322
5
1827
4301
132
13
1457
16
59
27781
20
16235
322
6860
322
22206
12
322
8022
322
20
3675
451
247
596
421
25
29
1656
322
13253
322
1
6793
1
302
1
1457
16
348
5
6
1591
1123
302
33689
12959
45
141
7992
16
289
20
1741
48
13
433
59
1827
4301
4375
16
29
4375
20
16235
29
4375
6860
29
4375
22206
45
141
218
45
4375
16
8022
29
4375
534
29
4375
13253
130
29
416
22680
16
6
1
48
29
322
1487
19271
25
29
416
45043
209
20
8922
13
5781
6
25
59
331
1330
596
4361
132
13
433
59
29
7103
338
407
745
5
25
20
1913
16
45
21203
45
433
2838
377
4642
2288
1
583
5191
331
19272
25
132
1457
16
59
6793
1
348
5
15
16
40556
45
4118
17621
1
130
433
1457
506
15
16
2353
289
1881
20
4118
36
1457
16
59
1033
16
3
377
3045
3
130
29
14701
3
377
53015
3
130
29
21106
1280
3
506
14643
3
130
29
59716
45
40811
323
1529
3
48
433
848
59
4375
16
11942
416
22680
16
6
1
48
29
322
2688
413
3841
302
25
52225
289
20
8922
13
5781
6
25
59
331
1330
596
4361
132
433
59
29
7103
338
407
745
5
25
20
1913
16
28
29
433
848
2
2635
11195
5664
1827
2688
132
1457
16
59
2
1148
45
141
218
45
662
28
894
12
130
433
848
59
331
554
16
290
10
29
363
826
12
130
714
433
59
2
2635
11195
5664
132
1457
16
59
2
14822
12
29
1148
28
6165
25
6025
16
10
6
1112
1
20
1913
130
433
59
331
554
16
290
45
21883
29548
12
130
714
433
848
59
2
2635
11195
5664
1827
2688
132
13
1457
16
59
11195
16
1
2
2658
16
1
130
433
472
4902
25
59
1100
11195
5664
130
11942
1093
22680
16
6
1
36
29
730
290
405
20
4695
4
15993
2
405
292
45
1687
48
29
2150
1662
16
1
3125
0
6
40292
2
25
20
56777
29
596
20
26704
48
29
290
20
1255
290
985
4478
336
20
6886
29
2934
20
5406
59407
223
130
13
290
3
290
5575
9445
45
8561
130
29
2150
1895
196
336
596
3805
7465
1302
130
29
363
4223
407
745
5
25
915
2057
20
3770
20
1604
246
45
6701
0
48
2290
218
45
1033
20
29604
13
13911
686
25
2092
0
130
13
985
1112
25
30
20049
20
27836
130
29
20
880
1260
59
19894
5
19943
20
686
20
10343
12
290
20
4122
20
10343
36
13
985
6
25
9836
6664
331
658
217
45
9836
20
16744
130
13
985
54602
43186
10
35786
12
1065
334
20
5038
130
1690
20
10172
130
59440
5
20
7654
130
2
3855
3
20634
290
2024
130
15828
26
10
289
25
130
23693
3749
736
45
48325
30359
0
306
971
20
12246
12
130
13
348
20
14845
6664
7755
0
290
20
4940
130
6275
20
3193
397
20
641
12
48
29
289
20
2223
302
32207
20
14845
289
20
2158
713
578
48
433
13
34359
2
25
583
28631
910
336
1675
5233
20
4118
130
13
32411
20
1303
20
1675
130
32128
59
290
2838
132
13
1260
59
1412
639
19510
130
32128
59
290
315
1
132
13
1260
59
11661
413
11661
130
2
34005
10461
45
419
45
39526
10
840
25
289
1881
20
4118
130
32128
59
363
2057
0
29
363
3516
0
36
29
363
5872
6
45
53984
6251
305
20
5233
123
363
6182
6
3
3725
20
5233
29
363
3618
45
46392
196
45
546
12
583
25673
20
3248
289
676
20
9383
125
20
9664
59
2379
48
13
985
2934
20
1303
405
20
1303
405
20
2405
12
2015
25
290
745
25
13
13868
2
25
20
7654
16203
2828
22106
130
446
1758
130
29
419
1406
25
1735
29
1909
59
123
29
290
21004
2
596
246
45
30769
1077
290
20
5233
13
24890
25
20
11721
347
13868
2
45
6812
45
7654
289
1204
22106
125
20
894
59
2852
48
289
0
6
25
290
23767
862
2
25
36
13
985
14361
2061
2
25
20
1155
3766
211
16
25
20
35786
12
29
3943
16
2
25
336
7863
29
443
9542
12
3459
12
30238
250
300
10
5590
20
44679
48
29
1033
20
3847
29
20
18930
13
7998
26
290
20
6886
336
13099
3
130
387
290
5099
290
3
306
4317
16
25
29
8075
8307
25
29
6133
25
130
29
1033
20
20203
13
363
8075
975
222
0
290
424
6
302
25
416
9721
2
25
130
29
1033
20
16695
13
713
20
632
5575
44846
45
45581
353
0
336
3982
16
25
130
29
1033
20
13845
26
290
20
4940
28
58191
2665
3
59
13
290
3
593
1233
3177
16
25
130
6
302
20
459
985
9532
211
289
3177
16
25
14167
0
6
10
1877
506
27183
20
13140
20
3045
29
8021
2
10
1112
25
714
26149
218
45
443
2353
12503
1
596
506
12503
5664
48
29
290
3
290
6536
7789
16
25
130
6
302
2150
39583
6
5191
828
294
51082
130
29
1963
782
10
606
20
38334
13
52894
570
2
10
48714
3023
130
29
1674
1548
8
25
130
32405
8
596
988
862
2
25
48
29
290
20
1255
290
5575
4248
25
130
6
302
25
6301
322
20
3735
29
17751
3979
322
20
2288
130
13
419
3001
258
29
29425
130
13
2568
20
930
322
25
29
416
6
29653
25
48
29
290
20
1255
5283
228
25
894
25
130
6
302
25
2150
894
6
5191
11661
894
347
658
894
2
1281
10343
48
29
290
20
1255
478
5575
25
20
25345
48
29
6337
3723
20
448
402
10
363
2102
10
915
20
2746
2
6891
20
2982
4
29
3941
292
45
486
377
6
20
880
20
7777
48
13
402
405
20
6849
1075
16
2
10
20
2506
29
20
3243
217
45
20
1210
377
11403
25
11076
413
2999
6903
596
322
25
289
1340
20
811
29
539
10
48
29
2150
7289
228
16
3067
20
681
130
29
5641
20
7295
6
17100
10663
16
20
11911
290
4913
424
130
29
2057
292
45
4731
2102
26
25
479
12
424
506
2102
26
3626
3
48
13
985
1510
16
20
686
336
20
4122
218
45
2211
16
25
416
2104
289
8307
25
322
369
416
8307
130
13
25357
606
1469
25
583
22009
130
13
5532
5997
322
5706
290
12690
290
20
1191
28
13
4934
10
306
947
16
10
20
17868
12
48
29
416
1662
736
1487
0
6
25
13
985
419
2
736
1889
606
1469
25
130
13
6555
25
20
11739
130
851
45
8142
45
558
12
335
2699
289
10
20
736
29
2078
336
20
558
12
20
660
130
13
462
16396
4934
25
583
225
4477
20
5351
289
13480
25
130
13
1483
840
25
424
20
736
13
3135
25
20
687
29
419
306
20
17477
48
506
2492
322
539
826
290
20
1191
28
302
25
2770
5351
0
29
419
289
20
17477
59
3022
11661
218
45
3022
20
2108
132
13
18392
20
22740
290
10013
25
2065
25
333
16
28
347
662
12
48
29
322
20
3397
413
6232
6181
302
25
34449
289
745
28236
196
25
48
29
416
957
302
20
5351
9774
289
17477
25
306
1800
292
45
2599
29
935
1621
25
29
1621
20
5290
48
29
2150
443
20
686
12579
681
0
31575
209
0
29
5532
5997
322
2934
290
12690
130
13
985
14406
20
5351
289
33606
25
2250
16
20
2108
22714
12
2
20
2065
8912
194
12
29
6
10
13520
29
22876
194
29
443
2353
4915
24
484
336
446
2658
12
919
5
1252
957
345
33188
1376
199
35294
338
840
25
36
13
348
369
3673
14351
2
20
18786
1260
13834
0
484
336
446
9433
7112
3305
26
331
6420
3680
26
840
25
48
29
6
1003
424
369
3875
596
4269
596
421
45
419
45
1656
363
4401
2
25
8549
12
915
968
6
10
1420
0
48
29
289
20
2223
302
25
4269
596
421
45
419
45
1656
333
16
8549
12
13
968
6
10
13434
0
13
5781
59
1827
3875
596
348
25
4009
130
13
433
59
7369
686
0
132
29
2150
369
4670
25
6
302
25
1386
6
25
322
6891
20
31575
130
13
369
37874
45
20
5351
985
333
2
25
6
302
25
290
2057
2628
25
29
6849
25
48
13
985
1858
20
5351
20
5123
29
32639
26921
300
25
20
6592
44756
25
20
5123
15
16
22551
306
26052
29
1100
13446
1
20
19854
289
27858
130
29
13268
421
25
713
405
20
10633
20
6402
197
12
583
44331
421
25
20
6592
130
714
13939
25
1771
1347
6
25
7134
48
29
416
2492
322
1487
6524
6903
596
322
25
433
59
1827
3875
596
33188
304
331
8824
20
5351
985
1858
5123
25
132
433
59
37
1827
1487
6524
331
22
20284
322
25
578
250
454
2838
130
13
491
331
13939
25
880
1392
25
7134
57160
220
455
20
9742
13
1260
59
1827
1015
8985
21409
1
36
13
1260
59
682
315
5
9797
12
29
363
30215
130
13
1260
59
25896
36
30
5275
30215
1
130
29
23605
1
25038
1
130
29
5489
1
17456
1
130
13
9130
1891
12
290
22740
25
714
2651
20
459
4655
130
29
46280
219
539
2283
289
20
4118
45283
15656
1195
4
25
29
4012
4
25
30
437
826
130
714
28240
292
45
880
20
10319
12
29
9707
10
289
7004
25
48
714
6025
3875
596
4269
596
421
25
29
1656
59
123
29
402
1310
15678
8
25
1518
25
289
7004
25
125
20
19392
59
1586
48
13
985
14210
290
424
943
421
25
40920
0
20
5123
29
7
880
23
4136
23
26520
294
20
1155
221
45
19026
7
130
6
7
3755
47922
27259
8543
294
10
306
20
1155
130
2288
7
30
20
10282
20
8874
246
130
29
7978
7
30
20
9172
20
9222
130
29
686
7
30
20
7654
20
6805
130
29
4036
402
826
290
7
376
1153
478
3781
1252
5836
421
25
20
7693
23
331
1299
0
25
130
29
1252
1934
2
25
6664
2999
6
1968
25
9866
0
130
13
985
26914
16
7
20
686
59480
16
8532
16
6053
12
130
13
1786
289
33837
20
5351
130
13
16368
292
45
5351
290
20
2065
29
658
30
869
16
25
606
20
49885
12
130
29
363
5122
306
942
12
130
539
302
45
20604
1153
29
4934
48
433
59
58740
21322
2
2092
130
7434
3416
223
2
22392
130
29
416
2250
20
6592
6
45
30440
45
20
2883
18915
2524
22310
289
25
29
2211
289
25
2756
12
130
29037
48891
6
25
59
290
16206
132
29
2902
219
1
132
29
290
3675
1
132
29
331
554
16
1
132
13
290
29
8037
596
11884
16
25
2
20
1406
20
3490
433
59
27190
499
11
306
29
290
3835
11
336
132
714
1260
59
596
919
5
130
29
534
3675
5
130
29
20
1741
2172
130
29
387
331
1260
25
130
915
20
2746
20
31573
13
1260
578
7
6
20
641
22710
1674
15090
449
8
29
30040
894
16
25
130
714
8021
294
421
25
20
5123
30
20
1065
12
20
3459
12
29
5872
294
196
45
25
3862
336
20
546
12
290
18748
4548
25
130
714
46379
294
6
25
290
12434
10
29
14849
10
130
29
3618
421
25
290
10909
10
29
11626
10
130
29
2281
25
486
25
289
947
12
4454
20
1829
840
45
443
34839
220
25
29
2474
25
29
13863
5123
25
16090
29
363
3262
289
2756
29
6163
331
2084
16
20
4118
583
21158
321
20
1053
12
13
682
1557
4454
840
25
290
1420
10
48
29
743
25
289
20
1770
12
20
4940
20
1890
292
45
957
29
20
486
130
682
315
25
3168
25
290
20
957
29
363
6891
20
31575
130
25673
421
25
486
45
165
26482
691
7134
289
5505
947
12
2591
12
20
7654
130
1195
20
10172
130
13
1260
6
25
59
1033
51216
132
13
1260
59
290
2838
377
290
596
421
4361
289
1819
16
5
132
13
1260
59
1412
486
45
8142
45
1191
363
25110
29
363
5878
196
36
13
3269
1890
25673
421
1
9248
29
5422
297
6642
27863
13
363
40080
130
714
34315
25
894
16
25
130
13
1519
419
1198
1111
1858
0
421
25
506
1074
935
7
5818
3416
17019
698
5696
223
5338
0
29
1260
294
6
25
48
290
16206
132
13
7281
336
20
1406
20
491
13
1260
59
596
919
5
130
29
534
3675
5
29
20
3424
3784
5
130
29
20
10005
12
554
316
130
29
1536
1983
130
29
564
16
25
2644
209
130
539
4487
1845
130
29037
48891
6
25
59
4375
16
36
29
4670
21322
2
25
30
20
491
130
915
897
7
5872
294
6
25
3862
290
20
2158
290
18748
1489
25
130
49356
336
913
16
45
21883
45
16849
10
29
31856
10
29
12638
10
29
11557
10
29
630
331
289
10
290
38525
10
29
8956
321
10
130
13
40173
29037
48891
6
25
59
363
421
1
3467
130
387
6568
1
369
290
20
2158
416
40426
25
596
10458
247
2
25
6568
1
387
290
20
546
12
130
1209
1725
0
36
714
7966
23
322
25
1675
20
2158
29
17751
507
331
333
421
25
290
20
5027
29
20
3454
29
20
36977
48
29
290
20
1255
290
21172
1845
289
2419
16
25
130
29
348
369
16
3590
16
45
332
15405
429
12
10016
302
1260
596
919
5
130
29
2104
2086
539
10
290
20
10633
130
13655
364
21322
34125
12
28503
5123
25
290
10
2158
0
130
714
26433
225
322
25
1114
0
130
714
28503
421
25
3800
0
130
714
10312
25
331
2084
16
20
4118
48
29
290
20
1255
290
7625
379
421
25
29
460
1025
302
1260
20
1741
16885
209
130
2
1910
369
25195
25
130
347
4239
12
3381
2
25
606
20
2793
13655
364
21322
1934
12
826
45
141
14920
1826
196
421
25
5123
25
2158
0
30
20
491
48
29
290
20
1255
290
460
1025
421
25
302
1260
20
3424
250
12408
5
130
6
302
25
54981
29
363
32804
2
25
29
363
1912
2
5589
25
29
363
5654
2
36547
25
130
23806
20737
25
13726
25
29
363
44567
686
25
1866
25
130
13
4670
2
25
331
1330
2
20
491
28
48
29
290
20
1255
33421
834
362
486
25
878
24
24910
2
25
289
5123
25
306
971
7755
25
48
289
20
3243
302
290
20
1255
478
14953
486
25
4386
996
0
29
419
3079
20
17923
48
29
290
20
1255
290
7625
379
421
25
12700
304
534
3675
5
130
6
302
25
369
32659
0
6
8644
25
48
29
290
20
1255
290
7625
379
421
25
12700
304
20
10005
12
554
316
130
6
1457
12
4703
25
289
3177
16
25
130
347
2645
289
29
18692
25
130
347
12544
397
3177
16
25
130
347
10642
289
32525
25
29
25383
25
130
29
4976
217
331
2492
289
15959
10
302
596
454
5192
3177
12
3673
421
25
3177
12
29
290
421
25
9332
5680
48
29
290
20
1255
290
7625
379
421
45
53984
219
1260
1983
1536
130
6
302
25
2934
2288
0
437
0
25479
25
302
1536
20862
3736
209
0
347
27049
0
130
13
985
419
2001
53205
130
13
4670
2
25
331
1330
2
20
641
28
48
29
402
405
20
2665
1386
8
10
289
1058
20
6086
48
2290
218
45
1033
20
29604
29037
48891
6
25
59
290
16206
132
13
1260
59
363
8474
130
29037
48891
6
25
59
363
8034
45
381
45
363
2219
16
36
714
8021
294
25
2
847
20
3770
242
20
3781
583
7125
196
669
289
20
1155
20
1953
12
130
714
24950
25
20
1155
289
5123
25
130
714
8021
294
25
2131
333
4
130
714
5396
3723
3
13
290
3
33421
834
362
486
25
8654
0
35170
25
583
1663
20
1053
12
130
29
3
20
53205
26
130
29
443
2665
1826
3914
2057
20
13099
130
29
2150
14823
8
20
7295
289
935
10
130
29
2335
10
302
20
1486
2150
3130
3971
289
5123
25
2
20
1557
377
369
10971
25
289
20
4118
130
13
290
20
1255
290
10971
20
31161
49901
130
29
23157
20
3045
13937
12
48
8886
596
20
998
12
29
20
15631
554
20
35572
12
48
29
416
2492
322
539
826
290
20
12115
302
25
52225
289
20
8922
13
5781
6
25
59
1562
369
637
1
132
13
433
59
19137
16
2
363
29
2691
13
6910
596
306
14716
0
23771
338
289
52019
130
13
901
315
45
53984
7518
225
637
48
29
641
52225
289
20
8922
13
5781
59
331
1330
596
4361
132
13
433
23716
13
348
5
462
32127
199
372
289
8307
437
290
20
31244
12
29867
4134
338
596
9332
0
290
2158
36514
570
289
10
336
437
292
45
1420
12
48
29
52225
641
13
5781
59
331
1330
596
4361
132
13
433
59
20
28236
196
377
8307
338
4449
25801
209
2
2092
3908
13425
338
19821
369
289
20
932
25956
1268
0
13
25511
16
290
25
130
13
2026
1216
292
45
1459
8032
20
28236
196
13
433
59
369
424
290
539
9857
48
29
52225
641
289
20
8922
246
45
5781
6
25
59
1562
637
1
347
462
408
16
132
433
3047
130
29
1412
2
1866
130
539
302
20
4297
4249
784
480
6159
367
195
2443
421
20
6592
9548
976
338
48
13
1363
20
5123
52754
1302
506
433
48
29
641
1075
336
4910
25
289
20
4154
13
433
6
25
59
1827
3079
20
3467
16591
5123
27765
130
1674
43486
195
25
20
2421
36
13
2026
1216
2449
20
1486
336
5123
13521
13
2211
3513
0
290
20
2883
29
416
8008
421
25
13866
196
130
29
985
2
20
5123
17051
290
20
2883
48
29
322
31542
302
25
433
6
3079
25
59
331
1330
4361
132
433
331
1014
338
915
302
6133
16
2
4917
11661
29
369
30670
0
416
9839
338
331
24910
2
25
290
897
2584
20
9433
48
29
730
0
331
1075
289
713
405
20
3243
4695
4
3212
2057
20
13099
22667
26
29037
4714
3
130
29
15090
2
20
1210
4785
12
527
1260
1242
20
4731
4269
596
421
25
29
1656
59
37
22667
20
5351
289
5123
25
506
22667
20
418
289
1555
25
37
29
416
13567
20450
304
596
4269
596
421
25
29
1656
322
4249
6881
20
5351
48
29
416
333
19527
1889
306
13823
5123
13
31646
25
29
433
59
37
363
1493
226
24
20
12115
29037
4714
3
37
48
29
416
3870
20
3675
4269
596
421
25
29
1656
5123
319
25
3949
12
13
20184
29
38702
478
369
315
25
714
433
59
37
26997
16
919
5
289
20
29839
6
10
13
17751
20269
848
130
714
26997
16
302
20793
5123
10
13
7622
848
130
13
5633
24
20
13099
13
348
10
4162
20
2793
37
48
29
369
985
2234
336
20
9742
196
45
4907
10
1260
4269
596
421
25
29
1656
59
37
998
0
306
2057
20
7510
9445
45
1305
28
29
348
0
348
5523
596
2
14
2966
26
130
6420
6
8
10592
218
45
1267
6
14
4697
130
10366
38196
6
8
29
6
3
29
2336
221
45
5667
1
322
0
29
322
3
37
13
369
4086
1911
25
4269
596
421
25
29
1656
985
2568
292
45
1911
336
20
9742
1260
6
27
1406
24
387
20
2288
130
29
4086
3023
5485
25
48
29
433
1191
292
45
22671
209
59
4738
16
545
20
2746
6
446
1557
10470
322
20
3177
12
289
20
7426
12
132
13
433
59
2855
32676
258
130
13
27130
2
1126
37
363
2095
24
407
20
13099
13
348
424
13301
12
31745
8540
247
6
10
37
48
29
2492
322
545
3
302
25
433
59
1462
16
4201
1069
437
289
20
9742
218
45
416
14413
20
566
29
1601
130
1111
1548
16
736
0
6219
1983
10927
0
306
1624
5123
25
130
13
21529
45
53022
0
130
13
2934
16
25
1260
59
13578
16
421
1
20
1155
4635
0
583
11195
16
24465
8
12227
4
1
731
20600
48
29
289
20
1126
20
2223
302
3875
596
4269
596
421
25
29
1656
333
2
8418
15767
17582
5123
319
25
13
20184
2658
12
6
25
714
433
59
37
348
20
5351
6
24910
2
9356
26270
25
421
25
37
446
18306
25
29
37421
25
48
15837
290
5351
52225
289
20
8922
13
5781
6
45
30440
498
637
1
1827
11661
13
26996
637
3467
18353
901
290
11661
29
11661
12
369
0
13268
2322
196
45
9356
29
20
20547
421
48
915
302
20
58424
12
11380
26
424
554
25
48
29
3875
596
4269
5997
421
25
29
1656
433
59
37
331
290
578
290
14
4401
2
5123
7817
45
6812
45
4940
3673
2102
25
289
20
4118
13
8375
421
25
915
29924
25
2855
421
25
37
29
6354
1662
421
25
20
3177
12
29
20
998
29
416
16440
27402
34177
12
6133
4959
302
25
7057
6334
36482
3
29
3
2
539
25
10154
29
10154
48
29
5099
545
20
11910
218
45
462
12902
2
1557
714
15710
306
2057
1555
25
2
20
1824
29
433
59
6973
24
13
363
8
15113
29
1001
16
9445
45
5585
36
29
46439
24
6
11661
1058
25
377
369
606
5
10535
373
0
731
4770
36
13
2026
1216
45
410
1182
402
826
290
3
6
7817
25
331
2699
130
714
348
3
29
12432
25
414
4770
289
10095
20
1555
48
322
545
3
433
59
3469
883
8
6
8
25962
0
4086
8
20
1058
12
289
20
1881
6759
4
130
13
2568
8
336
5123
25
414
1148
12
1114
29
1968
8
884
5100
4623
505
596
1735
29
1909
130
13
333
2
8
2620
290
9235
13
16933
8
25
29
5648
8
165
29
5610
8
20
34573
17582
20
5123
130
13
2026
369
847
20
1824
12
2699
883
8
20
989
289
20
8922
13
433
6
25
59
1562
16137
1
132
13
433
59
2
1866
130
539
302
4098
1
3469
24
52019
35093
12
130
29
1774
24
421
221
45
2288
419
4257
130
13
47583
8
883
8
6
20
989
29
433
59
348
20
989
433
848
348
3
433
24
606
1013
299
3125
0
6219
20
4257
130
13
1457
8
59
1827
6793
596
363
3262
55630
8
289
20
4118
218
45
20
641
12
48
29
290
405
20
4695
4
730
915
302
5
935
16
387
20
971
5913
0
29
27396
196
45
1919
2
20
1455
48
2290
218
45
1033
2057
20
13099
13
306
952
12
3723
59
13
290
3
20
1889
306
1842
25
583
1921
481
20
1357
130
29
17793
20
2946
12
130
29
2245
20
3193
6592
0
130
714
363
3262
414
424
12953
0
40556
45
31575
743
5233
20
4118
130
29
290
3
290
8939
596
421
25
1450
220
12
13
363
14674
331
1330
47870
247
16442
315
20
17427
12
20
1012
714
7957
130
29
290
3
290
363
1585
306
5123
25
915
930
45
54089
218
662
0
130
714
23138
686
25
306
11721
33840
2
25
289
20
546
12
130
29
419
20
1126
20
2223
1123
258
1260
1242
20
4731
4269
596
421
25
29
1656
59
37
3335
12
20
4940
5390
692
9707
289
5740
12
20
546
12
37
29
289
20
2811
20
2223
29
20
1112
20
1195
48
29
1198
8032
322
5590
20
3347
13
433
59
37
20
3347
289
25920
451
5116
55915
7489
2
3
289
5740
12
20
546
12
37
48
29
290
20
1255
290
985
11360
16
1357
25
19338
221
45
25
336
20
947
13
363
3262
2325
0
6
25
583
31201
289
20
947
48
29
20
1293
20
1604
941
2
45
6812
45
12323
29
20
6526
29
6
3
20
2832
130
13
290
3
290
658
12953
0
289
20
1155
583
1663
292
45
1053
12
130
29
730
0
331
2627
289
20
1824
130
29
8503
20
2599
290
3
29
20
5290
48
29
20
3875
451
247
596
421
25
29
1656
6
25
20
2832
289
12953
20
13499
20
662
12
48
29
322
405
20
3714
45
141
1347
437
0
10111
0
29
2321
12
4269
596
421
25
29
1656
59
37
348
5
8508
306
10366
219
302
7917
338
289
20
1155
611
290
662
37
29
369
16
662
761
4
130
6
302
20
1534
1309
306
1469
20
662
28
501
12
13
3474
306
2057
20
1155
29
19338
336
20
5233
130
29
416
13854
25
545
20
1191
28
289
20
4154
13
433
59
1827
3875
596
2
1983
2838
29
6647
331
3489
397
4239
319
16
1
132
433
59
3139
3
596
4239
12
36
1309
24
20
1534
29
462
6280
621
289
25
48
714
35573
28848
2288
0
17296
306
20
12069
48
29
290
3
290
4271
20
5233
20
1953
45
141
217
45
1536
421
25
20
998
130
29
289
20
1126
302
25
681
2
25
4269
596
421
25
29
1656
29
419
13155
1523
25
336
20
1555
20
16210
29
416
57740
2
25
4098
20
1305
28
48
29
3519
421
25
20
998
40556
45
5233
20
1931
12
130
29
289
402
5233
13190
29
12323
363
4235
26
290
10
29
363
41388
26
583
292
45
17261
12
130
29
682
290
3
290
6
25
20
2832
29
20
23518
29
20
2108
29
20
3423
130
1807
16763
45
384
1123
258
3974
24
290
20
687
28
130
29
1033
20
6526
13
290
3
290
1626
306
20
2449
12
20
17868
45
141
57355
2492
322
1983
2893
302
25
999
20
8233
10350
290
9182
12
48
29
306
405
20
2665
292
45
952
12
637
2057
20
13099
24910
26
29
9590
26
29
35329
45
384
218
45
10650
26
130
13
801
332
290
3
28015
26
2
20
5351
985
993
976
583
17809
2
3
9944
292
45
2964
130
29
1963
1386
6
25
2720
0
3
29
43837
2
3
130
29
416
1548
16
290
1662
2
387
20
1293
130
29
416
1548
16
545
20
1859
1386
322
12876
16
25
13
1008
336
3079
25
20
5351
416
29494
20
46855
45
20
5351
30906
29
11619
48
29
405
20
5006
20
31575
209
12
2150
846
6
1913
347
14036
48
8886
596
302
32067
6
8
2
1996
12
331
17888
2
25
2115
6891
10
583
6506
20
30950
45
20
27681
48
29
315
405
20
2665
20
18105
12
363
11285
290
3
3942
20
1824
29
20
4371
915
290
369
27027
25
3701
12
462
34359
2
25
11269
0
48
13
290
3
290
2102
20
1127
12
29
20
7532
29
985
2568
578
478
20
4118
5836
24
840
25
29
37553
130
13
387
6642
322
1514
16
25
29
387
41704
322
1937
25
130
29
402
826
6642
322
838
25
48
29
1963
5099
20
5351
13
462
9116
578
7011
25
6
28224
7891
45
165
6159
228
20
2793
130
16203
614
4009
0
347
27049
0
13
13515
336
18885
3
130
13
985
822
578
478
20
4118
4738
25
6598
25
59
331
957
1
2
11661
132
13
1260
6
3
59
416
5099
130
32128
59
348
45
20
596
29
348
0
840
25
7836
26
36
331
1548
8
25
7996
2
25
336
319
25
20
11662
12
48
29
416
52225
545
292
45
1255
13
5781
6
25
59
331
1330
596
4361
132
433
59
1412
29
11661
29
11661
130
3601
1240
12
290
225
6942
305
25
130
289
1866
730
29
3047
12
130
29
369
1309
25
20
21400
315
1859
25
20
2082
28
48
29
8032
322
2687
6
25
331
1330
596
2
25
130
13
433
59
331
1548
8
25
130
29
2150
369
387
20
38526
311
1521
995
686
25
289
12215
583
5099
6603
0
130
29
8503
25
29
596
315
4869
5
2777
3
48
29
289
20
2223
302
3875
596
4269
596
421
25
29
1656
433
59
37
290
1309
686
45
3192
45
3781
12
1075
437
20
1420
12
29
3781
16
25
289
745
25
12155
225
2
45
16760
209
7710
25
289
7710
19164
1416
0
21593
0
289
10
2280
0
130
29
593
1233
247
290
2999
13
1309
686
25
13
419
3161
821
289
2158
19164
37
20
1126
48
29
1198
20
1637
12
12603
2
599
130
363
3391
3738
424
20
1110
583
20
17427
12
130
13
405
913
12
632
12
48
29
416
479
302
8590
421
25
20
998
5827
2911
421
25
20
998
13
433
6
25
59
2838
377
3045
1
596
2
745
25
130
29
17427
289
1
290
2108
25
130
29
365
1280
6
1
13030
16
25
130
29
14701
45
36556
219
16
25
13
462
12424
16
25
132
433
6
25
59
1827
2911
3047
130
13
433
6
25
59
289
990
501
12
2211
16
20
8630
4451
306
554
1330
25
132
433
6
25
59
1528
421
1
554
302
6286
25
2
1240
28
936
501
12
130
433
59
1827
2911
135
27824
9180
209
306
8630
971
421
554
302
11188
25
2
1240
28
936
359
132
29
40556
45
2223
302
3875
596
4269
596
421
25
29
1656
4269
2
20
9772
28
1824
12
4947
2
25
22246
16
28
130
29
302
25
1656
306
12032
421
25
20
998
130
13
1927
6
25
2
20
2658
12
29
20268
16
25
130
29
302
25
1656
306
250
53376
13
1927
6
25
2
20
2658
12
29
20268
16
25
130
29
369
5497
416
5099
24
29
11360
16
7978
3
48
29
2150
910
20
913
12
20
2777
130
29
414
387
20
6086
913
12
1091
12
130
29
20
913
12
20
2509
12
437
29491
445
3
306
2777
3
25699
16
2
919
14
433
24
25324
1331
8
36
29
363
15139
2
20
913
12
20
17868
12
130
13
348
10
25541
12
6
20
14958
48
29
18625
322
25
421
25
20
3177
12
29
20
998
302
25
433
59
37
20
1255
3435
199
13
985
5099
24
20623
24
37
13
405
3723
20
20083
4
985
11360
16
7978
3
59
290
3
20
5770
130
29
290
3
20
12953
130
29
290
45
721
196
45
21005
421
25
130
29
290
3
20
21857
130
29
20
2909
306
479
12
424
1406
25
3805
59
42
20
4119
30451
26
421
10
1803
24
29
6640
0
29
437
1663
20
1053
45
141
225
228
525
24
1000
11702
5492
20
9433
43
42
50545
59
4479
43
48
29
20
437
7756
20
9433
20
37945
48
2290
246
45
985
3974
596
3805
1420
20
1053
12
743
20
17427
289
20
947
306
20
964
377
407
0
45
39468
209
20
6086
130
13
985
20
5445
32355
29
5403
713
20
9372
130
29
985
20
7244
416
12202
45
4697
269
10
289
545
130
29
732
311
16
20
3160
13
1483
16
5055
855
355
12
130
29
2812
211
16
20
5445
306
5913
4372
199
20
4252
130
29
1858
20
687
545
25
289
545
130
29
442
481
16
20
3052
30
20
7996
985
442
49071
624
25
130
29
1483
16
20
5233
30
20
14288
20
2855
5077
9599
20
25566
130
29
20
1155
416
19600
45
11469
1066
0
2168
0
7144
12
53124
269
29
7144
12
7213
1245
30
20
30846
130
583
302
596
12527
2
9236
292
45
46178
130
13
363
3040
289
20
1155
28
20
2131
29
363
20
19148
4
20
2131
29
363
289
20
6886
38212
2858
915
29
416
2489
16
686
25
130
29
348
369
9112
0
2489
16
2108
25
130
29
416
943
16
20
1155
7449
293
10
130
29
20
5233
290
1664
10
306
23429
20
3859
28
48
714
348
596
1909
4799
25
16446
397
20
3770
13
16599
20
19148
4
20
2131
289
4548
25
130
29
20
1155
28
20
2131
20
660
130
714
1260
5997
1735
29
1909
59
1827
4118
1827
9937
12
3022
13244
1
29
3022
1859
1
130
8139
16
3
2
14271
45
2362
45
4092
16
3
322
641
16
3
2
20321
1
130
714
20520
306
686
25
2
331
5523
130
29
19722
2
20
3266
292
45
2121
29
20
1735
20
1541
130
29
20
880
20
3701
130
29
20
971
12
20
1422
12
130
29
20
970
12
20
12056
12
130
714
1260
3805
59
6
290
20
880
20
437
130
13
363
8101
25
578
130
13
8101
686
25
2
686
25
2
12700
304
59
6
596
20
826
20
46896
48
714
4670
1330
0
6664
290
20
491
29
419
302
4518
20
1050
45
18806
295
17456
29
20
1155
28
306
17456
714
16146
10
29
1260
6793
25
59
1412
20
880
20
6636
44337
393
12
20
42851
801
459
24
13193
290
13022
130
29
17957
24
484
29
5648
24
5548
5
130
3022
801
21158
218
24
2
5548
5
306
20
23323
130
3022
20
40912
12
130
3022
290
13295
29
31394
130
6
290
20
55157
45
437
130
30
20
333
12
20
1012
48
714
23901
1198
6793
25
29
3805
331
5523
596
29
682
9445
45
8233
336
20
3770
3335
12
15655
19375
130
29
416
1934
596
306
12695
20
11878
29
20
3079
23
39180
16
3
48
714
5532
596
6793
25
29
3805
322
7330
289
2714
211
130
34342
290
10
15659
20
2158
130
18234
1826
196
289
20
952
12
761
2115
0
506
17522
20
2158
289
20
17408
20
5131
2431
130
13
331
4983
219
10
2387
12
826
12
130
29
17226
20
1155
28
3248
12
5055
29
20
1050
4
30
302
10
13673
20
5318
218
45
20
8587
20
37117
130
13
985
16929
20
15659
302
2347
2
7845
20
5233
32327
596
20
2158
10608
211
12
13
47834
16
130
714
363
4930
6
10
15659
130
714
5872
596
6793
25
29
3805
5676
12
53502
3390
2927
20
8233
289
10
2115
20
913
12
130
13
26516
20
1155
130
13
985
419
30
8139
20
1259
130
13
8824
292
45
1155
34559
5351
12
17018
12
13
20504
218
45
20056
29
363
3262
20
2421
421
10
583
1912
10
130
29
658
20
2883
952
28
7044
0
130
13
985
5595
20
8869
24734
289
20
1592
242
241
48
29
289
20
1126
302
20
1310
3039
290
10255
20
8630
29
290
45
443
3951
130
29
289
2540
12
660
42
23786
247
20
6951
402
25
915
10255
20
8630
290
25
8997
276
29
290
25
2245
43
29
419
4511
306
971
20
6188
12
682
6
25
470
130
13
5356
24734
20
8869
289
9742
10
506
303
1052
20
24512
130
583
41543
545
10
289
545
130
13
985
1469
387
606
32466
387
130
29
745
387
6159
228
3321
387
6
3927
12
20
3027
48
29
289
2811
1406
25
1735
29
1909
59
42
416
957
8
45948
5777
20
1155
290
3
29
606
8
1058
10520
43
42
160
59
53
43
48
9869
8
421
25
289
1058
8
20
6086
48
13
985
408
16
20
5150
12
306
1068
10
59
20
5280
5280
130
29
20
989
989
130
29
20
26423
30
1081
130
29
20
10322
10322
130
29
20
2001
2001
130
681
20
7151
1909
4799
25
2838
2074
7654
290
999
20
8233
289
10
2158
5393
12
130
13
5532
424
322
20
1155
130
29
3051
20
1155
1226
224
12
682
289
10
19129
29
363
22398
29
363
319
16
130
29
416
1483
16
20
5445
8187
0
130
29
419
20
3043
22043
45
46436
130
714
11684
596
6793
25
29
3805
19331
362
13
31201
289
20
947
290
9542
12
2
45100
196
45
3849
130
29
20
947
2218
290
2066
6
25
952
12
761
12
1881
12
130
20
1881
12
20
826
12
289
10
19317
221
45
581
5590
20
1009
12
130
13
3716
34283
20
59941
6
10
6803
30
6803
20
9463
13
13240
331
57859
196
45
51579
28
130
714
6956
402
3335
12
336
2946
16
10
48
13
6793
15256
3
5485
10
36
583
20
11685
218
45
20
11721
29
402
4466
2108
130
13
985
20
402
506
433
3805
59
42
714
17427
289
25
660
246
45
985
332
1420
4934
26
43
42
20
12307
59
6166
43
48
29
20
32327
12
20
3459
12
57985
45
13585
12
506
433
596
3805
59
42
13
2150
443
32327
12
826
12
42
1586
43
13
985
332
2
20
11933
12
43
42
20
37732
4
59
1586
130
1201
43
48
29
20
11933
12
443
20
55924
196
45
16134
130
6
302
3
1363
24
23625
3
606
1420
3
13
1008
24
336
5445
2820
29943
130
29
7244
478
7166
246
12
130
29
20
1155
363
22398
289
10
29
363
319
16
130
29
20
37455
20
1557
20
3614
30
20
10803
12
130
29
20
56142
196
45
1155
20
4790
12
30
20
44680
12
29
20
11923
12
130
29
2150
2250
16
2482
12
30
302
10
2657
12
1889
12
48
13
11466
24
6
331
1008
24
290
20
11933
12
29
13320
402
826
290
3
306
5123
25
10746
0
4821
45
14722
2987
0
3540
54197
3653
0
506
433
4269
596
421
25
29
1656
289
20
2223
59
42
25419
45
141
42411
0
43
446
539
756
21770
130
915
4008
0
5099
24
289
20
1819
12
4940
28
462
14533
219
24
130
13
348
3
35110
26
29
416
16035
0
10172
0
290
20
546
12
130
29
28195
0
5099
24
3347
53147
29
416
1206
218
0
290
20
546
12
130
29
28195
0
3800
0
290
319
12
534
4269
596
421
25
29
1656
2428
40314
196
45
501
12
331
11977
24
322
10
676
20
9383
130
13
348
3875
596
4269
596
421
25
29
1656
433
59
42
2324
24
289
33606
20234
14
13
348
319
16
5
44486
2
33606
10
29
6337
20
1440
25419
12
43
11403
45
53984
6251
13060
13155
0
48
29
433
4269
596
421
25
29
1656
59
42
35110
20
5351
289
10172
25
43
29
545
292
45
12115
6
331
993
976
433
59
33001
209
20
9332
20
21765
130
13
1641
290
25
583
5099
289
18342
45
141
4458
421
25
539
10
130
13
52225
289
20
34067
414
1114
662
12
30
302
25
8782
13
433
6
25
59
9490
292
1
132
13
20390
322
2264
25
714
433
59
1641
38799
9332
5
47957
38799
475
426
289
405
292
45
18342
12
363
539
48
2290
289
20
1567
12
335
407
20
17427
16
45
21203
45
443
20
2793
12
20
632
12
130
6
302
10
1641
16
290
20
10588
20
5762
12
130
29
20
2793
20
20783
1641
9445
45
10588
20
2560
12
130
6
302
20
23435
443
20
3817
12
6
20
942
12
130
29
6
302
3
363
2139
26
29
38762
321
26
29
363
332
49289
313
130
29
1252
6481
596
880
0
289
2946
12
6
3625
289
10
130
6
302
25
5452
3846
241
306
20
15669
336
687
25
48
29
20
686
5070
3453
130
13
985
6512
16
289
20
4122
479
16
913
16
45
419
45
5814
25
48
29
7335
20
1255
289
405
20
354
12
20
5385
12
407
20
17427
16
28
130
29
6305
2229
3
306
302
45
298
7289
1124
26
501
12
130
29
27781
290
363
18126
289
957
25
29
363
1996
16
25
302
681
424
363
4086
25
915
5997
3805
6
302
25
290
6891
20
49059
12
130
29
1198
27781
302
20
3987
1169
421
45
59887
4902
25
29
3805
560
12
130
13
1457
16
59
331
2811
1406
20
3675
4269
596
421
25
29
1656
59
42
1412
52244
290
35451
20
1155
322
25
437
20
1420
12
130
13
985
561
5
2911
10697
2
1268
12
20
8233
13
55497
34630
6822
319
369
3673
4720
195
25
596
1735
29
1909
132
43
13
363
4235
290
387
20
1126
17582
331
12794
25
915
539
20
8869
130
29
348
369
2911
1100
363
2946
12
6
25
130
29
1785
292
45
3987
377
322
3875
596
4269
596
421
25
29
1656
289
681
20
12291
130
6
302
20
59941
6159
228
20
17261
12
29
606
20
12291
12
506
433
10005
29
416
1662
289
513
972
413
20
2264
6903
5997
322
25
322
2785
20
3770
527
433
59
13
1252
369
424
43234
20
2264
486
2131
28
3675
45
20
24035
16
302
1
363
29453
290
424
20
437
915
4008
0
4720
195
3
596
289
2785
20
12291
218
45
20
17261
29
3
2057
20
3770
20
1604
48
363
1910
302
2911
578
3
29
20
3987
290
5705
292
45
681
130
29
1252
369
674
578
6
5080
596
3805
997
1260
6
290
20
880
20
437
6
433
59
6
1
1827
826
1827
46896
48
2290
246
45
985
48595
402
578
1889
0
306
5123
25
13
290
3
20
10746
29
20
32100
29
20
4136
29
20
3249
130
29
290
3
290
658
6
25
2066
30
20
12686
20
3459
130
29
290
3
290
658
6
25
2066
30
20
3160
130
915
897
826
290
3
363
3262
17038
0
2
1469
25
331
14674
331
8417
936
359
130
583
3463
2158
478
20
2758
6
10
6803
6884
20
3045
336
20
39580
211
130
34832
7136
6
10
34623
20
29366
12
937
45
7124
45
8341
130
29
11685
0
29
11721
0
130
39009
402
826
486
25
29
1260
1462
29
14518
269
336
20
39580
211
130
13
38526
294
6
25
15656
486
1573
29937
486
25
2
16225
130
29
290
3
290
29937
486
25
6
25
12474
0
130
29
290
3
290
29937
6
25
486
25
18679
0
130
7144
12
2526
25
29
7144
12
7039
25
48
29
2651
6
402
826
2066
8330
555
407
745
5
25
130
29
322
4548
25
713
25
130
11838
407
745
5
25
289
20
4298
4
29
419
1406
25
3805
59
42
2066
3
3373
407
3855
3
29
2
31759
3
43
42
20
13794
59
57
43
48
29
682
322
36724
3
2066
406
4298
12
29336
12
363
2818
578
4934
289
10
130
35561
397
10
20
15292
29
7548
20
53205
26
130
29
20
4940
4934
336
565
12
52956
10
29
3291
12
3945
2899
45
21883
45
22351
596
306
331
11270
25
290
20
2066
20
38227
247
2
25
289
847
20
3291
12
130
29
3373
407
21744
318
3
130
6
302
596
5532
6
20
459
20
4940
20
1619
1137
322
3723
2057
20
18786
20
21857
45
25194
45
746
10895
6
25
2333
20
3436
12
130
506
1330
2057
20
546
12
29
2057
20
2158
527
1260
59
42
13
5960
13
13854
25
289
1846
20
11715
43
42
20
17350
4
59
4411
43
48
29
30
331
433
472
4902
25
29
3805
59
42
29
985
2147
16
23625
3
18748
1859
292
45
2158
433
24
919
8
363
4175
8
315
20
4008
20
8842
28
43
42
20
9664
59
4665
43
48
6
302
952
0
363
2102
971
10
915
952
12
59
363
2102
971
20
913
45
141
250
454
20
12115
130
29
363
2102
971
20
3291
12
915
2057
20
3047
130
29
363
2102
971
20
7257
915
292
45
5710
130
29
363
2102
971
20
479
12
915
20
3083
48
29
290
20
1255
290
3373
306
822
5
25
29
306
225
625
317
19271
25
130
29
290
3
290
6
25
2066
45040
7144
12
29
28503
660
130
29
2150
2066
3
606
292
45
2449
306
971
3536
3
130
29
1926
12
1709
4
3
306
971
811
3
48
5781
6
3875
596
4269
5997
421
25
29
1656
289
1126
2223
59
1562
616
426
1827
3875
596
132
433
59
42
1499
23
306
1124
297
130
29
1240
12
306
23075
130
29
761
12
306
23075
43
29
2811
387
20
1126
29
596
7588
46030
321
0
10541
325
26
289
20
1741
13
9590
3
596
3805
130
3045
6
3
290
811
3
23075
45
6216
2593
26
421
25
130
29
387
290
2861
20
486
130
6
302
3
1509
26
315
3
130
2628
30
4008
2568
24
9133
515
1758
29
682
315
3
578
130
290
3
290
11664
20423
12
2519
25
130
13
11238
289
3308
10
1486
45
312
27211
662
12
130
13
2332
24
20423
12
39592
313
421
10
289
20
718
29
416
2640
23075
315
761
12
48
13
387
20
3321
289
20
486
8305
25
2470
20
1096
289
20
1281
130
446
1641
20
3000
289
25
130
29
315
387
14069
1006
6
25
2
20
998
12
48
13
28532
17167
1
596
486
0
658
6
1
23075
0
7045
0
290
20
521
12
130
29
29990
302
424
419
20
9921
20
8853
130
13
20
4525
26
4847
26
506
433
20
7151
1909
4799
25
59
42
437
616
426
20
4525
28
336
20
3520
1708
0
43
42
5890
59
5106
43
48
29
289
3025
20
1126
302
3875
596
4269
596
421
25
29
1656
433
437
0
6
1859
25
59
42
369
1486
290
2042
1298
730
0
331
4670
20
1866
583
348
25
6
35110
289
14
43
48
433
45
6689
45
25
59
29
331
369
8417
132
433
59
42
8696
290
13521
1281
0
730
0
13
11748
15117
0
13
4446
45
1081
45
20
17731
28
29
433
387
15208
606
596
130
29
1529
15052
1051
12
289
20
15807
29
12030
45
387
28995
2100
12
290
596
3805
29
3811
0
130
29
50509
2977
0
730
12
29
433
1807
34848
606
596
130
29
6267
16
1069
437
336
1486
31674
20
5706
13
13854
25
7144
12
15219
29
7144
45
141
15442
6251
13
42487
6
25
20423
12
5735
421
10
29
433
405
20423
16
5
606
596
41569
10
48
29
801
2204
5
2
745
25
6
28974
14362
840
10
29
416
41089
2
10
7020
194
12
37689
12
6
41569
10
289
20
1435
43
48
29
5781
289
4472
1406
25
3805
59
42
582
478
15219
12235
0
306
1112
45
53984
445
247
786
15219
1501
0
306
27960
12111
43
42
20
880
59
2142
43
48
302
25
713
1934
25
596
3805
6
437
20
1420
12
289
7895
20
4940
28
29
20
14845
28
130
506
433
596
3805
59
42
29
37422
20
6161
28
336
19164
29
1340
0
43
42
5890
59
6166
43
48
446
7571
12
306
5038
3
130
387
1406
545
20
19165
28
130
29
682
20
26946
323
54494
25
130
29
2150
20
964
289
424
302
25
7144
12
15219
29
7144
12
1515
6251
17582
1112
25
130
29
377
495
304
25
1758
130
6
302
596
3805
935
20
15464
13
433
3805
59
42
29
15464
3
2
331
369
24
1912
26
43
42
20
2066
59
2070
43
48
29
1406
25
42
11132
0
29
20872
0
21979
0
43
42
20
19392
59
6246
43
48
4472
539
20
12912
377
7289
9141
223
130
29
780
20
2321
12
335
9669
1
421
10
130
1093
1548
16
20
1223
2357
26
2
10
29
1260
26
59
387
15219
306
1112
25
130
985
369
1515
6251
130
29
8305
25
59
11132
0
322
20
2066
377
22401
8330
407
21744
318
20
4940
28
29
322
31759
3
130
29
682
20
13830
20
1178
3714
16
3
130
6
302
25
363
1901
302
45
45759
219
1183
26
20
5233
35451
2
20
28574
130
29
20
13030
12
14960
130
29
20
5445
5403
130
29
20
12555
35334
48
29
402
24521
437
20
1420
12
4472
1406
25
3805
59
42
24392
211
387
319
5400
199
363
19478
26
43
42
20
6144
59
1202
43
48
13
2811
20
13830
289
20
1420
12
20
4137
397
20
23700
196
12
29
20
1641
322
20
1008
336
20
1913
130
1111
2066
596
6793
25
29
3805
22344
2
45
6812
45
1155
20
4405
130
29
3
416
1934
306
23625
3
38781
12
363
4934
26
336
1557
290
424
48
1198
1934
306
12695
3
13
363
7057
26
2288
596
3805
29
20
13030
12
801
20938
26
59
42
363
2936
421
14
29
363
6420
25110
26
43
42
20
9664
59
4887
43
48
42
6481
24
20
546
12
6420
29
7806
14
8459
29368
43
42
20
17057
59
3328
43
48
29
1198
1641
24
290
20
2288
30
302
3
2
14
130
8996
25
1406
25
3805
59
42
387
437
454
15759
26
42
2693
43
29
363
33050
6
3
16058
210
1511
313
43
42
20
9772
4
59
2693
130
3635
43
48
29
20
6996
290
20
1557
18105
2
20
2861
322
971
16
25
29
348
369
16
20
852
12
289
45
47003
2295
228
12
30
302
10
13756
12
20
965
289
637
743
637
48
29
290
20
1255
290
35110
2
4239
16
25
20
17868
12
130
59110
199
24002
26
2
20
1266
29
16619
26
421
45
766
450
3
130
13
606
1420
578
3
290
5123
25
4518
2
4548
25
13
4987
25
290
745
25
29
1260
11989
0
6
45
21278
1172
5664
322
935
596
36
13
2245
840
25
29
1260
1412
1242
1
583
6645
596
407
8
29
419
3901
20
2590
28
48
29
1198
11279
20
19647
19647
0
29
20
47516
47516
0
29
402
578
306
292
45
637
377
1405
25
322
2333
596
130
29
713
25
20
1126
377
2492
289
20
2223
42
348
17396
292
45
12110
35110
29
20
12580
5709
289
7004
25
29
20
20050
2
745
25
130
29
419
57431
290
402
11024
12
306
292
45
1155
130
28418
25
402
290
4401
421
25
290
20
3045
43
48
29
20
5351
3800
0
35110
2
8314
16
25
130
29
40556
45
2223
302
20
15419
289
2333
596
2281
437
20
1420
12
29
3508
25
719
729
958
0
48
20
3507
19318
20
958
130
29
20
7654
7654
20
11252
130
583
4223
407
745
5
596
1735
29
1909
48
13
985
6564
16
45
721
196
45
13030
12
12307
0
29
17704
0
999
402
826
331
971
6
25
130
29
1127
24
289
2487
826
290
31249
220
29
546
29
8926
29
11685
29
2131
29
11721
130
2078
3
20
13030
12
336
20
1155
20
632
12
29
443
1155
320
715
290
2076
12
7499
12
130
29
2250
16
20
13030
12
290
2456
20
687
28
2601
12
826
12
13
985
332
49901
290
2057
20
1155
2
761
333
4
48
714
348
596
6793
25
29
3805
12527
13030
12
20
5233
292
45
632
12
16678
228
29395
2601
12
826
12
13
985
332
713
3
761
28
333
12
48
714
14960
13030
45
141
292
45
5233
20
1091
12
16678
4556
313
290
2456
20
402
13
846
2601
12
826
12
611
290
3
662
45
42925
2564
0
48
714
14960
13030
12
20
5233
20
1604
12
16678
4556
313
2
20
402
2601
12
826
45
141
246
45
985
332
713
3
2
952
28
2861
0
48
714
14960
13030
12
20
5233
20
1931
12
16678
4556
313
27190
45
15996
3
2601
12
826
12
13
658
26
713
3
1240
28
333
12
48
714
14960
13030
12
20
5233
20
2436
45
141
24835
4556
313
290
2456
20
402
2601
12
826
12
29
3
713
3
1148
28
333
12
48
714
14960
13030
45
141
292
45
5233
20
1953
12
16678
4556
313
290
2456
20
402
2601
12
826
12
29
3
713
3
2131
28
333
12
48
29
20
3045
19112
29
11946
545
3
289
545
583
14152
20
822
936
822
6
3291
12
20
10223
130
29
5096
20
1255
289
20
6600
306
2665
916
12
336
20
12695
29
336
20
2065
29
336
20
2601
14842
45
336
20
32466
28
29
336
20
6512
16
28
130
29
290
3
290
7891
25
20
8959
20
5735
30
20
1889
40556
45
5355
130
29
290
3
290
7891
25
20
27808
30
20
14396
985
4323
20
2883
48
29
1859
20
1548
332
1859
292
45
10842
130
29
1859
20
10005
28
4008
7957
26
38013
130
29
20
13030
12
13933
3
42
363
2936
20737
14
29
363
6420
25110
26
43
42
20
9664
59
4887
43
48
29
27781
545
292
45
7465
28
302
3
20
347
305
26
30
20
5810
1487
24971
29
539
25
1111
20
3675
4269
596
421
45
419
45
1656
433
59
42
20
21560
290
20
8630
30
290
363
8630
6
25
43
13
348
2909
424
1406
3306
48
29
405
20
8863
20
662
12
59
2057
20
1548
130
29
20
8959
130
29
2057
20
10005
130
332
801
34775
21124
223
3
29
290
743
3
10340
5038
3
48
29
1562
363
658
20
2708
29
20
6600
29
20
15612
416
2163
45
12144
45
3160
290
34623
3
583
1252
302
578
0
354
745
25
15505
566
10
2131
28
333
12
36
29
433
545
292
45
5210
59
1252
5726
16
20
3160
306
20
1155
30
869
16
10
437
20
1420
12
6
11897
16
20
1155
130
29
56713
45
12144
45
9542
130
29
44442
16
20
8777
48
13
1519
20
46683
32681
26
29
3
289
847
20
1155
20
4405
25078
935
10
596
3805
527
1260
59
42
437
11585
20
1155
539
292
45
1155
29
20
19148
4
29
6264
24
6
596
20
826
20
46896
43
42
1536
59
3925
43
48
29
3
306
2665
289
20
39580
211
130
29
8440
2057
20
4118
30
20
4583
506
2492
397
20
1210
322
852
12
20
37712
48
29
682
332
30
869
12
20
4583
1357
0
130
539
302
20
8367
28801
20737
3
583
2250
24
30
20
4583
289
16421
16
3
29
2774
3
48
29
4008
13209
26
2883
0
5258
0
10396
0
5125
0
130
6
302
20
19718
23806
26
306
15515
45
332
221
45
19538
540
290
8777
20
546
12
818
11390
469
48
29
322
545
20
5210
20
1191
28
302
25
11461
13
2699
292
45
1420
12
416
968
16
29
30
302
25
289
20
1435
30656
130
29
2699
19718
0
4848
0
818
198
26
20
1255
1347
13
962
16
3
59
43186
338
4323
12
2883
36
13
433
848
826
290
3
59
7751
289
8
3079
132
13
1457
16
59
363
130
433
59
13
363
985
48
29
289
387
1621
20
17792
48
29
6
387
20
3079
20
12226
2500
1182
8
10
289
1058
8
42
20
6086
43
48
29
4008
416
16929
306
34623
3
1442
4531
3
290
20
566
29
443
20
4375
12
20
2591
12
130
29
363
3262
45
384
217
38369
936
359
583
985
2934
24
12611
20
17462
377
1790
8
25
289
1058
8
42
20
6086
43
130
29
419
290
545
6891
20
3424
130
13090
669
6
25
20
4318
29
29562
242
6
25
20
23625
6
4511
12611
25
130
29
43537
20
34623
290
20
4940
28
29
20
14845
28
10006
26
424
9433
0
7240
289
2785
292
45
1420
12
130
13
985
2
20
8233
2526
25
2904
45
141
29997
389
5735
822
20
880
290
3
2027
12
761
28
936
501
12
130
29
17704
20
13030
12
29
2665
292
45
28574
2
2839
20
31785
363
37836
25
20
6060
130
583
10935
20
8233
289
847
20
55924
196
45
4405
335
3045
10
596
3805
6
387
20
1104
560
12
130
13
4476
20
34623
29
25751
218
45
10079
4134
130
29
37428
198
20
59941
130
29
41412
20
12323
130
29
15675
20
2746
130
29
53022
20
6526
218
45
20
3347
290
9433
596
377
363
26556
25
1557
13
1519
332
1198
1111
54739
3
2066
9524
17582
2066
20
3160
335
369
24
289
566
10
130
13
363
3262
26
37587
545
3
289
545
936
359
218
45
20
7151
363
29387
3
1179
12
826
12
130
13
15656
6956
20
1255
336
8590
421
25
20
998
1918
24277
59
1827
8590
1827
8618
20
3027
20
681
421
8
2168
48
29
1033
20
14845
13
1260
59
23937
22889
338
29
1252
336
20
2158
130
290
3291
12
331
2627
290
20
2785
48
29
1260
26
59
1827
8590
59
2838
27376
3045
1
596
2
745
25
130
29
365
1280
6
1
13030
16
25
130
29
17427
289
1
290
2108
25
130
35385
242
6
8
289
2290
292
45
1646
36
13
49236
2
402
527
12690
6793
25
29
3805
13
4670
2
3
331
12690
13
1260
59
12424
45
12144
487
527
31646
338
322
5648
20
5740
12
130
29
1412
1591
1123
302
35694
25
289
405
20
637
12
130
29
523
876
2074
24
336
15148
421
25
20
998
13
348
25
491
20
1305
28
36
29037
32214
936
359
30391
313
52498
195
407
3
130
714
5361
26
336
15148
34510
6
25
59
2838
491
20
9772
28
130
289
1182
313
6
45
332
504
424
130
714
4272
26
290
25
20
23632
12
289
2290
20
1646
407
3
130
13
1260
130
6451
1617
45
4996
12
18164
16
2
10
2057
20
1155
130
29
348
5
1591
1123
290
596
3805
302
9555
25
713
424
130
29
523
4128
24
336
1536
3228
596
3805
130
419
2530
14
20
1305
28
290
554
13
3631
45
42956
595
6
14
36
19783
1638
313
956
407
3
936
359
714
38965
25
421
25
20
998
34510
6
25
59
1827
1536
1827
8618
20
1305
28
2838
377
3469
1
596
3228
0
7168
595
6
8
336
5997
3631
25
9887
956
407
3045
25
36
13
1260
6
3
59
348
5
6461
16
289
20
1741
662
6461
45
58586
9262
16
2
10
322
986
596
130
13
1412
1591
1123
290
596
302
9555
25
20
23632
12
289
713
48922
45
3770
130
29
523
26011
24
336
2911
421
25
20
998
13
348
25
3469
25
596
23518
0
29
2163
45
497
464
0
13452
302
19133
6
14
48
19783
1638
313
956
407
3
936
359
29
20
637
2893
3291
45
141
218
45
20
1435
4569
0
40125
2884
2911
34510
6
25
59
1827
413
6575
2838
377
3469
1
596
7476
199
0
29
2163
1
16643
0
29
12166
840
1
20
15603
12
130
7168
595
6
8
289
2290
20
1646
1093
2992
292
45
3770
29
14413
20
10223
29
7520
16
20
8367
29
2770
2057
20
4257
20
1741
290
2950
292
45
3770
36
13
1260
6
3
2911
59
348
5
4738
16
596
3805
302
4518
1000
11702
2
20
27703
218
45
302
2651
3
713
0
6
20
641
28
130
29
1412
1591
1123
290
596
3805
302
9555
25
20
23632
12
16203
504
387
20
3770
315
1801
878
16
407
5
29
407
25
289
20
33680
12
15435
289
10
12347
292
45
17487
130
915
302
25
5452
2658
12
2249
12
23098
17823
130
523
26011
24
336
3519
421
25
20
998
246
45
348
25
290
18609
20
9772
28
7437
0
130
29
611
3
1996
12
2
596
3805
130
29
5492
3
20513
45
7124
45
4058
3
970
12
130
13
3631
25
19133
6
14
36
19783
1638
313
956
407
3
936
359
29
20
637
2893
2263
12
29
20
1435
7240
4569
0
130
29
419
1260
26
59
583
4443
1267
290
3875
336
3875
29
9248
400
336
1913
132
40125
2884
480
1394
421
25
20
998
34510
6
25
59
2838
2108
596
29
1179
16
25
130
29
2838
377
2530
25
596
1660
223
0
289
20
4118
29
20
641
12
130
35385
242
6
8
336
16206
289
2290
20
1646
36
13
1260
348
2512
440
1364
621
29
6647
4267
28
290
743
596
130
13
1562
532
595
606
290
459
16
315
25
29
4434
16
6
45
21498
219
0
29
4434
848
8618
130
29
523
38143
345
1252
369
6
578
14
8298
289
25
3940
12
29
421
25
9020
225
2828
2640
336
331
289
20
8298
583
23769
20
9020
132
433
24
59
3047
1827
3675
596
130
433
196
45
3
59
26011
24
336
1096
20
9772
28
29
9020
20
3675
28
561
5
20
1223
130
13
348
25
40611
1617
16
45
3690
8292
12
6
319
16
25
130
29
730
0
331
43486
195
25
4008
25
59
48619
24
13812
25
130
29
4249
24
5739
16
25
130
29
1968
45
24904
303
25
29
407
20
546
12
665
0
130
29
348
25
6
5505
3
16538
0
130
29
1157
3
2738
0
130
29
419
1260
506
1347
20
2599
6
7471
16
25
59
42
363
24569
221
421
14
20
437
19358
596
196
45
14
29
419
28510
20
44820
28
43
42
1982
59
6546
43
48
29
1968
24703
421
3
5131
6131
196
25
4269
596
421
25
29
1656
331
462
408
194
25
12695
3
583
14280
16
5232
3
2269
0
306
292
45
3260
840
25
130
13
3943
24
583
2363
24
336
8934
25
4269
596
421
25
29
1656
29
433
24
6
25
59
2838
3423
596
29
20
3423
7204
20
10606
130
35385
242
6
8
336
16206
36
1093
2489
8
336
9168
209
8
8590
13
8747
8
336
15148
130
13
2489
8
336
15148
13
8747
8
306
1536
130
29
2489
45
358
29668
1536
13
8747
8
306
2911
130
13
2489
8
336
2911
13
8747
8
306
3519
130
13
2489
45
358
29668
3519
13
8747
8
421
1
4269
596
421
1
29
1656
130
29
682
414
1
5506
29
363
322
1
8395
130
13
1260
4269
596
421
25
29
1656
59
1412
6
10
583
34912
596
6
290
12690
29
12685
48
8810
1027
4269
596
421
25
29
1656
336
25174
4
20
4799
12706
20269
13
33050
6
25
130
714
4930
292
45
6971
29
25673
336
20
8233
29
27119
24231
0
23901
289
10
936
0
130
714
22351
596
3805
221
45
2942
228
331
1719
25
2
10
578
551
48
433
545
20
7465
28
59
348
847
20
2942
228
335
8640
5997
2
10
306
686
25
437
4925
25
290
3045
25
48
48687
366
20
8233
13434
0
29
416
7294
1353
45
141
478
20
2414
335
1074
935
10
289
42
20
6086
43
29
20
1255
289
847
20
354
12
416
13578
32964
3
130
29
18353
16
3723
3
130
29
53188
16
24521
3
130
29
416
8857
402
826
290
3
331
21851
2
45
39468
209
20
4118
59
13
6834
7789
12
20
4808
2526
23075
0
306
11567
25
6
25
789
307
29
7693
15670
292
45
2999
20
3459
48
29
20
789
307
29
20
13520
30
20
10282
20
8874
246
48
29
6834
7789
12
20
5585
2526
306
1273
1042
25
3036
292
0
416
22742
16
290
20
4629
377
369
20764
2
25
130
448
0
369
347
10751
0
130
19248
331
658
130
13939
999
25
2
20
5630
29
20
37571
130
29
6834
7789
12
20
1281
2526
5686
45
36323
680
242
6
25
23940
2377
130
29
8630
25
416
1254
289
33837
25
130
29
23714
2
1573
25
130
29
7693
306
11567
25
130
583
30
302
25
31703
2
25
402
25566
289
20
1155
48
29
402
826
13939
331
387
13
2353
6
45
721
196
45
13030
12
59
387
331
21851
345
2
25
2110
12
289
25
28394
0
421
25
130
29
419
1406
25
3805
59
42
22
31703
26
331
21851
24
2
25
437
20
1420
12
43
42
1000
6575
59
7918
43
29
641
26
416
4511
16
24342
3
29
443
20809
38525
0
5097
8772
2
12358
3
6598
3
130
29
641
26
416
451
221
24
306
27180
20
5010
130
29
641
26
416
2568
16
10765
16
3
306
3538
3
34005
331
658
130
29
3
20
19548
12
29
20
363
245
12
29
20
8158
26
130
29
641
26
416
4511
16
18644
3
30
20
5445
20
40856
130
29
45
332
260
499
24
20
17746
48
29
402
8630
416
4812
3467
8630
25
2560
0
421
25
48
2290
12279
452
20
7151
1909
4799
25
1827
534
12097
1469
1
130
29
1457
7057
6
1
130
29
35385
242
27889
130
13
1260
451
247
596
421
25
29
1656
59
1827
919
1933
451
407
5058
1
36
29
416
19272
402
826
2
8630
25
16058
9684
16
437
20
1420
12
48
13
2281
20
5406
3047
1827
534
130
29
12527
596
2
20
546
12
13
14976
6937
45
35679
2
10
29
6
10
10909
2591
432
2248
331
658
29
49578
130
13
2319
7654
10
2027
12
12951
45
141
16709
130
13
31404
20
4318
130
29
4643
0
20
5232
130
915
290
369
16
811
3
10343
12
13
348
3
1641
45
12074
219
7654
10
130
13
9145
322
4548
20
8233
48
714
12527
596
3805
302
35679
2
20
2158
130
13
41412
218
45
53022
130
29
2353
6
20
9772
28
840
10
290
20
13030
12
59
24973
313
302
596
3045
0
24910
28966
45
25
132
34510
59
363
29
1735
16
25
36
29
2150
3835
840
1
6
37093
209
290
10003
12
16206
130
29
6
713
48922
45
437
3045
16
130
40125
2884
2
10
13488
306
952
6139
130
53017
2
10782
936
9751
130
289
402
22952
199
2131
26
936
2601
12
1252
1127
3781
20
4118
402
10
331
2664
290
10
2601
12
826
12
130
306
499
2601
12
2131
26
936
35786
1252
681
35786
290
3
302
745
1
20
5445
6
9866
10
29
302
10724
292
45
1155
6
766
10
130
29
985
6
10
39237
29
6803
29
28819
29
7818
130
559
311
583
20
6638
4298
12
130
13
985
2828
407
10
29
407
20
3045
4682
936
359
47997
16
290
3855
20
35786
12
583
2728
336
26270
20
1435
29
6
10
19516
12
12043
29
22106
32128
59
331
387
132
32128
59
546
3
47997
16
290
21744
318
2993
5
10
29
462
5122
24
306
11073
10
6
4511
1104
10
130
13
2946
24
20
402
306
20
6512
130
583
20
57006
26
130
29
2347
1536
29
2911
29
3519
2
20
8233
130
387
416
3939
20
19402
130
29
387
416
3939
12032
130
29
387
416
3939
5890
130
29
2651
402
826
290
3
1260
59
1827
919
3809
220
5
363
9555
1
20
437
539
10
48
29
419
20
18609
606
5
48
29
534
421
25
20
3177
12
29
20
20161
4859
59
319
16
5
1656
10
29
651
10
1827
919
36
29
682
289
20
1435
290
2196
25
6512
22283
29
419
1406
45
5914
4372
247
59
42
29
3489
402
319
12
20571
1566
12
402
319
12
8519
336
38541
10
43
42
20
20571
1566
12
59
2539
43
48
29
606
21464
10
732
6251
290
20
25411
29
20
20173
29
419
1406
45
5914
4372
247
59
42
985
767
16
3
290
1204
1758
2934
24
6
45
12939
1870
262
0
29
28377
0
43
42
20
25839
59
1228
43
48
446
13434
0
29
25411
0
130
1260
6793
45
419
45
3805
8470
3411
446
8470
35451
1520
28
290
3291
12
20173
10
13
9040
4269
596
421
45
419
45
1656
29
4518
2
9646
199
10
29
1260
6
10
15539
5
58475
12
336
2123
1
583
2728
1
17704
1
36
13
2353
59
943
2333
5
13
348
1
1827
534
421
5680
130
5818
452
22193
290
25174
4
20
8233
59
21834
5
290
25
29
41548
209
6
25
36
714
13533
29
4175
306
1489
20
8233
130
29
3591
2057
20
1435
221
45
4895
10
130
13
14029
28314
3
29
419
1406
25
3805
59
42
29
331
3835
8
1
915
2658
45
141
196
45
20
687
28
43
42
20
12323
59
11624
43
48
13
674
13513
20
7450
130
29
419
30
40920
59
1723
45
141
478
2066
322
4548
20
8233
130
29
1723
12
322
5572
25
290
4298
12
130
714
5532
20
7151
322
6564
45
39468
45
42384
20
1255
13434
0
6
25
29
9606
0
130
915
20
15292
13
348
2335
305
3
2898
3781
0
13
38269
507
26
306
20
25383
29
419
1406
25
3805
59
42
437
5532
322
6564
218
45
7917
26
336
20
25383
13
363
2818
26
43
48
42
20
5489
59
3874
43
48
29
11853
20
9811
289
4472
25
13155
0
336
3875
596
4269
596
421
25
29
1656
433
59
42
5532
596
322
6564
25
437
20
1420
12
13
42384
402
4940
29
4940
12
43
29
416
32206
16
290
10965
292
45
1126
29
2664
16
322
9248
5
25
130
29
6354
32206
16
290
935
852
12
20
7450
29
15071
16
1406
29
23952
5
45
3192
45
20
713
29
1968
16
25
7480
224
0
336
20
687
20
31575
209
130
13
348
20
1195
4
29
20
4012
4
5384
130
29
363
9973
3790
20
5384
915
2
20
7450
20
31575
209
48
13
1519
20
1255
24231
26
1111
2770
292
45
7151
2
1965
7057
25
290
414
506
7057
25
290
2163
59
1412
20
880
1412
20
6636
47
54494
25
20
9811
47
363
34942
338
4298
8842
130
13
348
25817
338
13
1412
20
8842
48
714
6645
57859
196
45
36819
130
29
45995
6
20
2030
276
290
20
2218
307
130
29
9887
407
20
11685
29
20
11721
130
714
1260
6
10
59
7682
6592
0
36
13
37895
2
10
20
1155
48
29
9681
20
14845
13
1260
33320
338
15
16
6592
0
36
714
209
1508
20
5406
290
554
596
59
3022
20
2701
20
6954
130
13
2627
2
25
29653
3459
13
1260
596
59
3022
331
11114
16
289
1
290
15603
12
29
13921
29
25839
130
13
1260
59
5039
338
20
2108
20
1303
130
54847
520
2
25
17602
228
29
510
245
217
6512
22283
13
1260
596
59
1827
13253
387
20
2701
11355
302
1
906
45
13920
25
30
17967
29
9695
5
9756
132
13
1260
59
3047
1827
919
36
13
1260
6
25
59
13
331
1330
16
289
25
132
13
1260
59
21859
16
20
15603
12
336
2911
130
29
20
13921
336
3519
130
29
20
25839
336
534
4269
596
20737
25
29
1656
130
29
4218
16
336
402
3875
1898
16
25
130
29
336
649
292
20
2414
39268
3
48
13
25752
45
20
5406
59
1827
15148
36
54847
520
2
25
17602
228
29
510
245
217
52227
25
13
1260
6
25
1827
15148
4250
13253
897
1
290
20
9772
28
130
433
59
4375
130
13
1260
6
25
59
331
1330
16
315
4008
1
132
433
1617
16
3
1824
45
7124
45
4371
0
13
462
18665
3
10856
915
6726
0
48
13
985
2
20
5406
59
1827
4008
15148
36
54847
520
2
45
19205
505
12
826
12
32128
387
5774
14
15148
11355
302
25
1130
14
20
1898
12
130
34510
59
1827
919
45
34512
3971
331
1130
8
290
1557
130
29
11380
26
20
1898
12
130
13
1260
596
59
1827
15148
7751
407
12
421
3
132
13
1260
59
3047
1827
919
407
16
5
534
29
319
16
25
130
54847
520
2
20
3675
13
1260
596
1735
29
1909
59
15493
22033
387
15148
21055
217
130
13
3797
6
25
2
13130
20
1898
12
29
7405
4269
596
421
25
29
1656
42
348
0
3835
8
15148
0
43
42
15148
59
50
43
48
336
641
10
13
1260
20
7151
59
416
29
45148
300
14
20
584
29
584
16
421
14
1179
12
20
9433
130
1093
584
16
306
20
14845
28
130
13
49236
2
3
12307
45
141
13634
12
336
20
2158
290
539
3790
486
29
363
1861
48
714
25107
59
3022
1483
132
13
4670
4008
3736
315
15020
506
1330
4008
15148
315
15148
130
13
3797
421
3
20
3675
29
2832
319
16
25
13
24703
42
6461
16
1483
20
9772
28
43
42
20
4761
59
14934
43
48
54847
199
2
3
336
20
2158
48
714
25107
59
1827
1191
29
1827
52782
36
40125
2884
12706
15156
313
978
11380
26
20
3675
4269
5997
421
25
29
1656
130
13
24703
42
6461
16
52782
20
9772
28
43
42
20
4761
59
18475
43
48
336
641
20
939
12
130
13
4670
2
3
713
3
48
29
363
3262
4235
319
12
414
319
12
416
7274
6159
3
20
3424
994
0
130
29
935
3
289
25
2321
12
130
30
1406
25
3805
59
42
29
8015
0
407
38369
730
0
43
42
20
25839
59
4026
43
48
29
1406
25
59
42
714
3835
45
2158
1550
8
50893
402
331
1075
319
12
3875
10
6461
1302
43
42
20
4940
26
59
4264
43
48
29
1406
25
42
29
801
290
414
3
363
4086
45
332
250
454
596
1075
16
3
13190
3
43
42
1536
59
58
43
48
29
289
387
10111
17582
5497
20
8015
20
11975
12
30
4008
16497
197
166
2069
197
166
4605
166
1047
166
331
7849
424
130
583
28631
910
20
5406
336
1859
20
708
166
4697
166
4008
1536
130
166
289
402
424
363
11776
130
446
27383
595
6
3
7450
130
166
363
10902
6
3
1861
130
166
332
322
919
3
30036
13824
26
130
6689
45
32788
29387
3
6
135
294
290
1008
840
25
596
166
30
462
25
462
24910
48
714
25107
2
2911
246
45
2281
166
419
17602
228
30
302
25
3281
12
289
7654
6805
13
1260
6
25
59
1827
2911
348
13253
4250
302
45
36508
253
1
20
1898
12
166
20
15603
12
130
13
2575
6
25
2
20
3331
132
433
59
3047
130
433
59
13
15539
336
478
355
1
166
15519
331
52122
840
1
36
13
17139
20
8934
166
7405
13
34058
402
290
289
20
1435
130
13
2281
2
20
15603
12
2315
12
12684
12
306
1068
10
437
12166
16
583
25195
20
3243
302
3
53622
4959
437
0
48
714
25107
59
1827
7415
13
2281
166
419
17602
228
30
302
25
3281
12
289
7654
6805
130
4433
4859
1909
57313
252
25
59
1827
7415
4250
13253
302
25
1130
1
20
5343
311
130
13
2575
6
25
2
20
3331
132
433
59
3047
23937
130
13
1260
6
25
59
13
15539
336
8934
1
166
15519
331
52122
840
1
13
17139
166
7405
166
419
225
39179
1965
0
48
166
289
20
2223
302
25
1242
36875
2057
20
546
12
48
13
7057
1965
25
870
22038
292
45
7242
12
130
48457
4449
20
9534
166
15150
20
2786
583
2139
336
7415
130
13
2347
2
25
13
1260
59
1033
17606
1
20
5343
311
583
10183
16
848
449
0
132
25630
669
223
166
20334
25
26643
199
130
41763
194
20
1435
6
15244
247
20
1255
290
1104
7415
421
25
20
998
48
714
2347
2
25
9133
436
223
336
596
130
2720
19255
20737
3
20
7068
130
13
1260
59
23937
26611
338
290
25
36
13
348
25
8695
338
2
20
17487
130
166
16828
50864
47870
247
1309
16
130
166
7153
3744
16
5
166
606
25
30036
2759
166
2759
26
3744
12
539
10
130
28336
28358
196
45
7151
336
7415
13
1260
6
25
59
9756
956
1260
132
13
1260
6
25
59
3047
23937
130
166
419
31100
1146
25
13309
166
2370
0
6
331
11086
2
25
290
20
9433
130
166
7706
956
3601
25
596
9445
45
15562
12
130
13
369
985
17644
12637
1469
25
130
166
985
13131
166
13176
1299
25
130
13
1260
596
3805
59
416
4340
16
1
322
424
6354
166
6354
290
20
5663
166
20
48265
130
13
1260
59
6903
16
23937
48
714
1260
196
45
7415
59
11942
416
22680
16
6
1
48
166
6354
1104
25
6793
25
166
3805
315
290
8508
25
130
4617
322
25
290
511
12
16847
25
166
3459
5667
25
130
714
1260
6
25
59
15539
336
8934
1
166
10737
988
13010
290
20
5343
311
36
13
4670
15656
130
13
49236
221
45
2042
1298
302
14927
24
1636
28
59
1636
315
20
4940
28
130
166
1636
315
20
6161
28
48
8810
452
20
19475
59
3022
3519
1487
5890
132
54847
520
2
25
13
1260
6
25
59
2838
1457
16
6
20
34402
210
1364
621
166
319
5
4267
28
290
743
596
132
13
22351
331
5523
596
130
166
20520
421
25
730
0
130
714
43384
306
686
25
2
20
5711
166
20
19747
166
1260
59
42
6793
1
331
658
848
897
3871
331
682
848
2
584
348
15
16
1457
16
25
1093
957
16
45
5914
29603
331
289
686
5
29
363
7588
331
289
686
1
348
1
2838
2653
20
1880
434
43
20
9182
12
59
12683
48
13655
26792
596
3805
166
1260
59
42
387
35854
199
11033
20
3816
28
4375
3
43
20
9182
12
12710
48
4375
16
1827
3519
15539
29668
8934
1
166
15519
20
13921
48
377
1130
1
13253
13
1260
59
3047
130
714
7405
13
29937
840
25
20
34623
290
1195
13999
25
10558
24847
25
130
13
348
25
19779
20
1255
2
25
2540
12
130
13
2281
2
25
39774
12684
0
583
10006
20
15517
897
3
331
486
24
290
25
3494
25
551
48
714
14927
20
18930
1529
16
28
59
20
6161
26
315
20
6161
28
130
166
20
4940
26
315
20
4940
28
48
714
4235
20
5406
59
3022
534
132
54847
520
2
25
4269
596
421
45
419
1656
13
1260
6
25
59
1827
534
387
13253
11355
302
25
1130
1
20
3424
130
13
1260
3047
23937
130
13
1260
6
25
59
15539
336
8934
1
166
10737
36
13
24703
4269
596
421
25
166
1656
20
3424
13
2281
221
45
25
39774
12684
0
421
25
14226
12
46376
2
10
20
4525
26
130
166
985
5038
3
16697
12
40679
12
130
166
20
6161
28
5038
3
33277
12
48
166
24289
306
20
2006
20
2833
6
20
13190
166
20
1440
2
1406
45
5914
4372
247
59
42
18227
220
1521
219
801
3835
840
3
46812
220
1521
13701
45
9772
28
43
20
9664
59
55
166
5781
2
1406
3805
59
42
437
4956
596
292
45
13190
13
1260
2635
17001
345
433
24
363
957
6
8
348
45
11627
210
3117
20
1880
434
43
20
9182
12
59
11497
48
166
20
491
18609
130
19050
8
25
40556
45
6086
6
302
20
13190
5723
4061
313
166
20
8278
421
25
20
998
290
1003
3
6
302
25
2108
596
6910
199
16
25
48
985
4392
20
3675
4269
596
421
25
166
1656
20
3424
19758
16
20
319
12
302
3
59004
2187
25
551
130
166
416
433
24
6
20
42759
59
13805
302
1
34456
3
6
1058
596
3805
130
433
59
43234
561
5
437
10154
25
290
20
3675
4269
596
421
25
166
1656
30
12168
331
2934
16
25
551
48
13
985
31053
16
2224
12
20
1528
2568
20
5406
290
554
25174
4
20
4799
59
42
29
23618
45
410
292
45
437
7008
20
6161
26
43
818
59
5603
48
41763
194
20
1435
166
1585
289
25
9839
242
10511
130
166
20
13030
12
416
23836
16
2
20
546
166
20
546
2
2042
8590
48
166
3955
20
402
3955
12
826
12
48
714
4235
20
5406
59
1827
8590
43319
290
3675
1
2449
0
336
20
2158
36
13
1260
59
990
23937
132
13
1260
6
25
59
290
402
936
25703
12
166
2759
12
166
8300
336
20
2158
166
826
0
336
20
546
12
48
13
363
3262
23805
290
6337
20
21959
28
166
20
17673
28
166
20
30670
28
583
363
3040
915
4451
16341
12
20
919
506
433
20
2599
59
974
16341
12
290
16341
4
20
919
48
714
6552
20
18516
9445
45
12615
13
290
3
290
48918
253
6
25
20
7450
13
985
4012
4
25
17147
306
1195
4
25
130
166
402
27190
451
16
6
25
20
4317
12
3146
6
25
290
20
7450
48
13
985
18528
24
166
22284
24
302
3
19987
45
384
1347
24
59
8590
4298
8
166
6687
20
35786
12
290
52101
8
130
13
985
20
5406
290
554
596
10458
247
42
363
4298
20
437
348
596
2287
20
1861
43
50545
59
1750
48
12706
1508
6
3
1058
3459
17971
331
407
20
7238
166
20
2758
289
25
630
811
20
46683
130
13
331
290
1693
12
166
363
594
12
915
33077
10
42
29
363
22184
16206
578
0
43
20
16214
59
4887
218
424
302
811
20
46683
402
437
1568
306
596
13
12527
20
3468
20
10038
12
30626
6859
4959
289
424
20
1058
20
3459
166
419
1406
25
3805
59
42
437
2575
20737
3
10765
16
3
29
3855
3
29
15464
3
2
331
369
45
9160
21409
26
43
20
2066
59
2070
48
166
416
1075
20
1210
302
1486
0
290
3
9892
407
745
5
596
10458
247
13
1260
6
25
59
1827
459
20
3467
15
16
6161
0
11941
0
130
13
1260
59
331
1330
16
130
32128
196
45
25
59
421
1
407
12
54847
520
2
2444
16
25
13
1260
59
6461
24
421
130
166
20446
306
686
25
166
419
1406
25
3805
59
42
437
2728
402
686
2514
955
322
686
10
43
20
9463
59
1395
208
166
17463
306
289
25
166
419
1406
25
3805
59
42
20
437
39287
306
14846
3
29
9774
8
3855
45
47003
45
2575
15464
3
2
331
369
24
10518
26
43
818
59
4242
48
13
2575
17499
45
165
20737
25
13
49236
2
25
336
20
2158
130
13
2651
20878
17499
25
13
2353
6
25
59
682
322
1855
8
130
53015
8
596
377
53015
402
1557
48
714
3685
26
414
20
4925
336
14922
12
19164
851
2514
225
27927
440
3
2
20
9356
166
20
11281
130
166
658
6
3
1017
12
3459
12
997
3915
20
3859
45
46392
196
45
4940
26
130
13
28725
2
3
20
13030
12
3017
402
826
290
3
1260
59
42
387
437
45
4208
2563
13732
14089
26
43
20
12323
59
11320
48
166
20
12291
20
1157
289
952
45
141
6473
4053
59
606
12611
34132
311
130
166
606
21464
19164
290
20
14922
12
130
166
606
3225
2449
8590
130
8463
647
1382
3
336
20
5676
12
48
13
985
13010
20
1435
682
289
25
915
20
4940
26
130
166
20
1305
45
46392
196
45
4108
26
130
166
20
7465
26
130
166
20
2599
26
130
166
20
3347
130
166
20
1191
26
130
166
20
9772
26
130
682
397
3
53205
166
363
16695
166
363
56624
13
1260
596
3805
59
1827
2057
20
1435
290
364
14
132
34510
59
596
130
13
1260
6
3
59
2275
26
25
132
34510
59
3047
130
5572
20
8233
8276
398
16
20
7244
2131
12
289
12611
12
24815
25
331
1624
16
13
1260
6
3
59
1412
919
14
130
2
681
596
130
34510
59
1450
2882
2
596
290
1
36
58585
295
6
3
880
322
4548
20
8233
1252
1968
16
20
7244
292
45
952
12
761
289
12611
12
24815
25
331
1624
16
13
1260
6
3
59
1412
919
14
130
27205
2882
313
2
10366
219
25
48
714
16446
6
3
596
3805
289
20
947
12
335
369
24
37531
166
47110
25
166
2545
7831
9133
43924
6
25
630
3
13
1260
2057
0
2
14
130
714
6862
2
3
6793
25
336
20
546
45
141
16167
1124
5518
59465
2
3
306
20
27960
166
20
1255
17704
130
14892
20
9772
28
714
20
3675
28
33961
45
2599
28
714
20
4108
28
714
20
3347
714
20
4940
28
714
20
7465
28
130
166
3040
20
1305
45
384
478
3
20
12235
434
306
1112
25
130
166
290
3
20
13865
289
20
9664
130
166
290
3
2537
24
322
2309
292
45
3536
130
166
290
3
290
4680
20
27960
306
1569
12
359
130
166
641
4680
306
936
359
130
25523
424
363
16905
20
2158
402
290
2699
919
25
6609
0
363
3956
296
289
2140
16
25
48
166
319
23349
45
1305
166
20
4108
166
20
4940
1093
1386
8
322
3770
402
826
290
3
289
1058
8
20
6515
37
2
20
13983
37
166
332
289
12307
12
20
2417
416
3927
2002
3
166
4381
3
2
20
7227
6689
45
14396
130
416
20632
24695
3
130
6
3
686
30
20
7818
130
719
252
9036
290
20
6209
2
19538
540
581
3052
292
45
5233
130
166
39117
25
290
3853
20
16833
130
166
971
25
290
20722
276
336
4685
2950
0
130
166
1046
45
37983
6379
336
36413
130
166
419
1406
25
421
25
20
3177
12
166
20
998
59
37
8934
5
306
6209
5
37
446
17582
578
9782
316
25
289
20
20410
166
20
4682
130
166
20
1835
301
26
322
25
332
20
18727
26
289
4446
292
45
27960
2
18734
276
1065
1609
17031
3
130
15837
290
2215
42382
363
10274
302
38262
29
2691
25
130
166
990
478
7161
462
6642
322
3177
16
25
3469
3177
16
25
4695
12
416
4817
16
290
20
7944
166
20
24033
25668
55952
25
12761
12
6
18445
130
166
20
7465
26
2
4799
596
1252
1891
16
3855
3
166
15464
3
331
14867
194
24
130
6
424
4092
16
3
20
7414
12
166
20
1538
12
6
957
3
2
971
290
968
24
407
745
5
25
130
13
1963
14505
196
23036
16
25
20
17862
16203
49449
598
20
9009
462
8166
15532
421
10
166
13434
0
6
20
598
289
20
513
130
13
405
16137
12
20
14046
28
315
20
11291
363
3233
6
686
25
1014
195
166
363
7653
0
130
13
1562
637
290
658
3687
199
0
407
745
5
596
1735
166
1909
166
7414
16
25
166
2162
25
166
4511
16
25
166
19888
25
36
166
22694
292
45
8842
20
7465
302
25
35679
2
25
336
596
3805
13
3716
421
25
20
12666
166
2347
2
45
6812
45
9919
13
1260
6
25
59
18445
7008
20
9919
2246
1469
1
36
13
985
2
2537
3459
350
293
289
45
6812
45
23625
13
1260
59
331
387
23937
132
13
1260
59
348
25
6
20
1805
13
2332
25
290
5
36
13
1260
59
682
315
45
22132
25
130
13
1260
59
348
3308
387
302
3005
44294
9744
12
7817
1
13
20
2537
6
1
130
13
1260
416
1330
45
2342
221
48
3297
4670
596
2
20
8842
28
20
347
305
28
166
419
1406
25
3805
59
42
13
348
45
30440
294
6
20
347
305
28
17823
0
43
20
19392
59
1467
48
29
20
347
305
377
18555
322
20
8630
246
45
462
1785
2280
0
130
166
416
18822
7415
421
25
20
998
347
305
0
166
539
25
290
20
9772
28
48
2290
289
2798
12
8060
2057
20
1435
166
935
20
3429
956
1075
4472
45
419
289
20
2223
302
491
331
5602
596
3805
289
20
4662
130
166
491
290
4617
596
225
7983
3
801
2489
16
23625
3
48
3047
25107
437
20
1420
12
2
20
13360
28
32128
6
3
59
6420
13062
130
446
17734
290
4934
840
25
130
714
41592
596
290
3
13
1260
6
3
59
26011
24
336
640
210
20
4548
36
166
4011
6
3
4355
12
130
166
4175
289
745
10687
421
25
20
998
130
13
13515
7254
296
3
166
315
3
290
13030
12
20
2066
331
363
40132
581
3
915
596
130
36513
14426
506
31990
292
45
6439
130
59465
2
3
306
20
27960
30
20
9172
20
9222
130
166
852
12
578
3
289
20
4730
166
20
3609
217
45
1487
2809
166
290
154
8643
25
290
405
20
319
12
48
714
25107
59
3022
2057
20
16197
132
166
2205
292
45
349
59302
199
28
130
54847
520
2
3
13
11684
3
596
2
4643
12
2591
12
2324
12
130
13
49236
2
3
336
1069
292
45
4548
166
4011
6
3
4355
12
5873
130
714
4175
289
745
1982
421
25
20
998
166
13515
7254
296
3
336
1069
20
4548
166
4011
6
3
4355
12
5873
166
4175
4036
8971
421
25
20
998
246
45
13515
870
3
336
1069
20
4548
166
852
12
20
49745
4730
166
3609
59
30
7442
413
1983
26087
290
154
8643
25
290
405
20
319
12
48
714
12527
2
3
336
1069
20
4548
166
4011
6
3
4355
45
141
55915
307
130
714
4175
289
745
1982
421
25
20
998
166
13515
870
3
336
1069
20
4548
130
1790
12
20
960
4730
166
3609
30
2766
413
2279
166
290
154
8643
25
290
405
20
319
12
48
714
4235
292
45
5406
59
3022
20
34958
26
289
596
132
54847
520
2
3
336
596
35441
2023
2
3
166
1260
53122
596
130
714
12527
2
3
336
1069
20
4548
130
166
852
12
20
34958
28
289
596
4730
166
3609
454
818
31335
166
363
14110
290
32802
20
3723
20
3323
12
30
1983
6592
14892
421
413
1983
31156
6903
596
322
25
166
290
154
8643
290
405
20
319
12
48
714
4235
20
5406
59
3022
20
2260
26
53502
975
12
596
132
54847
520
2
3
336
596
13090
3352
5957
3
166
4662
20
3347
166
23605
20
2746
1564
2776
20
11303
130
13
49236
2
3
336
1069
20
4548
218
4011
6
3
4355
12
9034
12
6
302
3
2
26263
289
2665
916
12
59
387
20184
2936
0
130
166
387
5187
247
13131
0
130
166
387
20184
11096
0
130
166
4175
4036
15148
421
25
20
998
13
2550
20
2746
221
45
20
1074
421
3
166
1260
26
957
8
42602
195
3
130
13
985
20
5406
59
306
13190
1
1827
15148
36
13
2547
20
12307
12
714
29204
219
23605
20
2746
166
958
20
3347
13764
227
958
20
3347
306
23605
292
45
2746
130
13
49236
2
3
336
1069
20
4548
166
4011
6
3
4355
12
855
2564
40837
166
4175
289
27798
1123
714
6862
870
3
130
2628
20
2746
2
20
1074
130
166
1260
26
59
322
957
8
4869
24
130
13
1267
17734
290
3
2
20
1074
13655
26792
596
1735
166
1909
166
1260
59
332
606
5
11627
5179
2464
35385
242
45
21867
45
1699
16667
26
36
13
19133
20
687
289
2057
1555
25
166
6598
25
166
2096
25
130
29
15493
211
402
826
478
3
880
0
13939
289
20
1255
59
3068
348
13
363
8
20
687
416
681
25
596
302
19133
246
45
1699
6846
6
25
1265
12
347
8333
25
6
1462
12
347
14433
25
4323
12
2883
997
14396
130
13
1585
840
25
28873
315
25
3125
0
290
424
13
19133
6
25
48
166
289
20
2223
42
348
491
290
19133
20
9772
26
33961
45
3675
26
714
20
2746
43
130
166
4011
6
3
4355
12
4405
4175
289
745
1536
421
45
6812
45
998
13
348
25
5492
20
9772
28
40762
48
166
26579
322
387
20
969
48
714
13939
22193
59
3022
292
45
5710
132
54847
520
2
3
336
596
3805
130
13
1260
6
3
59
9950
0
2
290
369
16
20
4118
220
600
3
130
714
12527
2
3
336
1069
20
4548
166
4777
6
3
4355
12
8243
166
4175
289
9525
1394
421
25
20
998
166
13515
870
3
336
1069
20
4548
48
714
25107
59
3022
20
11860
132
54847
520
2
3
336
596
3805
16058
430
6
3
331
15777
3
12951
12
359
130
714
12527
2
3
336
640
210
20
4548
166
4777
6
3
4355
12
9034
12
166
4175
4036
2279
421
25
20
998
166
13515
7254
296
3
336
1069
20
4548
48
166
289
20
1126
59
42
348
952
12
21055
421
3
2
952
12
59
25107
2
20
11860
166
2057
20
15546
12
32128
6
3
59
331
4092
14
322
5058
12
596
132
34510
59
11270
8
880
0
166
15546
12
4092
3852
322
20
1420
2
584
25
130
32128
59
290
6664
880
0
6420
653
36430
132
34510
59
2279
130
32128
59
331
4092
25
424
322
20
1420
2
584
5
48
714
4850
292
59
3022
26270
20
16197
132
54847
520
2
3
34510
6
3
59
446
1557
4092
14
322
5058
12
596
132
34510
59
42875
8
596
289
20
4118
13
4092
8
322
935
25
166
20
1420
2
584
25
130
32128
6
3
59
290
5492
36426
276
6420
319
8971
132
34510
59
8971
130
32128
6
3
59
331
4092
25
424
322
20
1420
2
584
5997
48
714
25107
3022
20
960
166
20
18546
132
54847
520
2
3
32128
6
3
59
446
1557
4092
45
990
6159
5058
12
596
132
34510
59
11270
8
2191
0
166
1195
0
4239
0
2
25
5275
8
8727
28
30046
196
45
1420
2
584
25
130
166
2353
20
18546
59
4092
8
1070
20
11609
12
130
32128
6
3
6420
611
1845
292
0
319
1982
132
34510
59
1982
130
32128
6
3
59
331
4092
25
424
166
419
289
20
1070
30046
196
45
1420
2
584
596
48
714
25107
59
3022
20
5710
132
54847
520
2
3
32128
6
3
59
331
4092
14
30046
196
45
1420
2
584
596
132
34510
59
24996
8
289
20
4118
2
20
2719
13
4092
8
322
20
1420
2
584
5997
130
32128
6
3
290
5492
2719
0
3519
319
6420
132
34510
59
3519
130
32128
59
331
4092
45
165
6159
935
8
43
48
13
290
13708
247
2
1557
290
405
20
952
7726
1182
1242
25
48
166
416
369
4269
596
20737
25
166
1656
1260
289
35180
25
42
10366
348
5
36792
4361
290
4239
12
20
7257
166
20
2719
43
13
1841
24
2
20
8278
1093
479
302
25
331
20862
24219
3125
0
551
130
166
416
9732
1627
12
17408
466
501
12
130
166
331
369
6
25
289
2047
16
25
915
12580
741
717
39427
23105
130
13
2699
437
0
1486
0
13209
2
745
25
13
16569
20
12580
166
462
13025
25
414
130
166
2699
14505
196
0
641
5398
196
13013
16
25
2
745
25
13
16569
20
23105
290
745
25
166
462
13025
25
414
48
166
369
1260
20737
25
20
998
59
18544
16
5
1486
0
5
166
4191
5
17327
20
1155
130
166
3735
5
5724
10
130
166
11575
45
1379
27562
211
10
48
166
289
545
20
2414
20
1770
12
59
43234
8590
1195
12
166
4012
12
290
2665
20
913
12
751
45
1309
9411
0
166
20
3087
3800
0
985
9741
303
2
15292
16
25
166
462
45995
130
47845
19552
13
348
45
39468
398
3459
130
166
20
28079
416
16087
6
1242
10
20
23632
12
414
20
12499
130
13
8508
3
4235
9445
45
2158
414
936
501
12
166
416
3856
200
48
166
369
20
1195
20
6429
2658
25
596
3805
1260
20031
2004
25
59
1827
6
34109
424
20
1486
166
363
1910
302
25
369
2658
25
596
3805
687
0
2
3121
292
45
641
12
48
166
35679
437
20
1420
12
19527
462
3289
1195
12
17147
2
10
7450
25
347
416
53458
45
791
45
20
1501
12
13
1260
596
3805
2658
12
290
25
59
11942
289
20
1255
220
290
27245
1195
12
6481
45
7143
45
10
20
546
12
130
13
5735
57160
220
455
20
1255
13
331
3289
578
0
29387
25
289
424
130
166
402
38526
45
462
25
166
4738
25
1260
59
14932
302
14029
7450
5
1412
19086
840
10
290
1
130
13
29916
13
1260
6
45
21049
196
59
331
377
5668
132
13
1260
6
25
59
1195
12
826
12
130
13
1674
9714
16
2
4008
6
3
290
10
14710
246
45
21851
24
421
130
13
1260
6
25
20
1486
48
1674
5827
16
596
3805
13
331
2211
16
289
39199
915
39179
12
826
12
166
331
8503
302
10
11693
322
5
12029
10
3192
12
290
5
840
1
130
56676
2
10
16738
948
2636
211
0
13
1260
596
6
25
59
1562
1075
6
1
132
166
419
6793
25
7588
130
13
1260
331
369
290
25
54408
45
1486
130
12642
1133
2
20
1486
377
11270
25
20
1195
12
13
1260
596
3805
59
38628
6013
9248
199
1
130
12984
4036
7817
1
166
4128
336
20
546
12
36
166
985
48595
17591
0
20
7450
6
1486
246
45
1260
596
59
363
419
290
2057
20
546
12
166
363
419
290
2057
20
2158
130
13
2281
20
880
2
1353
45
141
14917
242
10
289
1723
12
20
4012
4
289
10
6022
1933
13
17147
306
20
1195
12
6
302
10
1179
12
25345
130
13
49236
2
25
336
29488
293
28336
944
20
1486
166
4272
302
5575
25
596
840
25
130
13
1260
59
59407
223
714
4850
304
6
25
59
7008
20
459
20
23035
6
446
1557
5668
132
13
1260
59
9022
348
5
1548
16
302
5
6337
29668
20
2158
3146
848
290
25
130
166
15
16
23035
0
6
576
5
13
2861
421
9433
1983
166
8798
25
290
10
36
433
13655
26792
596
166
1260
59
655
198
16
25
289
20
4118
166
10038
16
25
289
20
641
12
130
12984
4036
27765
1380
1027
2
25
336
20
546
12
36
13
331
290
578
5361
2
25
336
29488
293
915
166
20
13030
12
2547
45
1081
45
957
3
2
964
3121
20
641
12
130
583
1674
25107
2
4008
363
11817
6
3
3045
24
15145
0
6
45
21883
16427
0
32128
59
42
29
7103
218
3
348
3
2525
26
43
20
17350
4
59
2070
48
13
10699
47653
217
20
12307
12
583
4235
20
5406
289
3
59
42
331
6
14
363
41220
26
43
20
17350
4
59
1467
48
12706
7659
313
166
7671
26
2
20
8630
506
433
596
3805
59
42
13
4149
45
24904
45
8630
3
43
20
880
59
1395
48
12642
595
313
1382
12
826
12
336
20
2158
48
166
6354
35679
2
2057
292
45
28079
290
20
319
12
4752
0
166
25613
166
1911
0
166
960
0
130
13
985
1008
840
3
4000
16243
3352
19164
433
59
6420
23213
20
42239
861
5476
3855
14
363
26303
166
39796
7518
1752
2295
10107
199
132
331
2855
20737
5505
637
0
290
14
130
34510
59
1827
4000
1267
42239
319
12
534
571
8
32980
306
8524
434
8
36
13
1260
6
3
59
39420
24
13
1023
56902
199
20
9356
130
15837
290
989
782
745
25
306
13013
16
45
443
4859
29
135
12959
22283
29
135
2950
696
8
25
36
166
990
290
30
1081
13939
29
135
2950
11134
22283
29
135
13449
49563
195
25
36
166
990
290
2001
13939
29
135
960
0
25
166
990
290
3744
12
416
2470
16
306
2024
10
1274
292
16
29
135
3467
22283
29
135
7361
22283
36
13
985
20
5406
290
554
596
3805
59
1827
4000
6481
45
721
196
45
2158
290
20
1675
20
491
36
13
985
37397
20
2158
302
4822
3
1260
26
2
6660
3
59
363
4267
250
454
596
130
13
3183
20
2158
290
3
2027
12
12951
12
359
130
13
4518
26
289
20
9356
130
166
985
292
45
5406
59
1827
2158
39048
3
1827
4000
6481
3
20
1675
20
491
36
13
606
424
2227
19516
196
45
141
217
45
19516
196
12
20
10282
13
985
20
2158
37397
302
16905
20
4318
32327
10
4000
166
1968
1260
59
23355
832
5
1950
0
289
25
20
3424
130
166
1198
13751
6
20
3536
130
166
363
16905
5
12348
10
21529
45
945
45
20
3520
36
16058
39302
289
10
130
166
985
19527
14152
1965
25
306
1965
2057
20
2158
34342
166
21845
834
200
13
1260
596
6
25
59
4000
611
2057
20
2158
14142
0
132
13
1260
59
23937
5459
5664
32685
799
48515
290
2658
16
1
130
166
957
16
302
1
9419
338
13
611
16
20
14142
130
13
1260
596
3805
59
42
29
290
533
48515
290
2658
12
919
25
915
20
9717
26
43
20
4297
59
5020
48
11942
1093
22680
16
6
1
166
6354
4235
290
20
2158
13
1260
596
6
25
59
2568
16
290
20
2158
13
2
446
21409
1786
20
546
12
132
13
1260
59
23937
331
9555
1
290
10
915
5735
0
130
13
5905
6
25
5740
45
141
246
45
1260
596
59
38143
16
348
8607
16
1
405
20
5740
12
33845
539
10
132
13
1260
363
166
1735
16
45
42007
221
36
13
1260
596
59
443
3192
12
290
5
840
1
130
13
985
5648
290
10
166
342
2787
2
1442
10
1299
16
6
45
3690
1262
12
660
5505
290
10
13
2651
13268
20
1008
840
10
13
1260
596
3805
59
4000
3631
45
27884
2023
221
16
10
132
13
1260
59
3047
23937
130
13
1260
6
25
59
348
8607
16
1
5485
10
1081
33845
539
10
132
13
1260
59
363
23937
130
13
985
5648
166
342
2787
2
1442
10
1299
16
6
25
5740
12
5505
290
10
13
2651
303
1183
840
10
13
1260
596
6
25
59
348
8607
16
1
5485
10
33845
539
10
132
13
1260
59
363
166
1735
16
45
42007
221
363
9555
1
539
10
130
13655
26792
596
1735
166
1909
13
3618
25
20
546
12
48
166
290
3025
970
292
45
641
12
302
20
1486
35679
2
25
336
596
16678
888
223
166
48376
25
166
43245
219
6
25
1195
4
25
21952
222
4
25
166
419
289
424
402
25
10006
7437
0
302
596
331
14979
915
2
1861
25
166
29
5945
25
130
18620
196
289
847
20
2478
12
5459
289
10
1879
14710
331
363
40132
650
16
3
915
596
130
402
290
45
45759
5627
348
20
1861
6
25
1029
25
130
166
6354
363
2627
545
3
545
0
130
166
363
7057
578
3
2288
292
45
641
130
406
402
826
999
51589
25
48
13
6793
290
387
1104
25
166
1406
25
3805
59
42
29561
602
14
29
363
2449
14
915
30
686
826
12
43
22688
59
2539
48
166
419
29037
304
25
964
9175
290
6891
20
31575
130
1111
682
6
880
25
599
3537
130
13
6793
290
363
6253
45
3690
897
322
1104
36
166
289
405
20
637
12
2281
20
1486
336
3079
25
13
1260
6
25
59
1827
2042
348
45
33834
16
1
527
363
4607
32282
686
1
130
166
8333
16
1
3735
0
166
16654
16
1
11575
0
527
15
45
4970
1767
0
322
424
130
166
14313
16
1
1693
0
527
15
16
363
4188
1382
20
26529
166
363
6061
292
45
25203
130
15837
290
9134
12
7883
16
45
16760
45
10890
16
10
6
1
130
1068
1
331
3489
290
2785
437
20
1420
12
166
4012
4
27765
730
12
13
2196
322
45
1699
10
166
1252
4012
12
13
11258
322
5
130
166
42551
166
1252
1195
12
16975
10
289
20
7450
36
47365
290
45
6812
45
3079
166
1260
6
25
59
1412
19086
290
1
840
10
166
1198
4670
20
8240
315
20
8240
12
6689
45
1242
166
20
561
166
419
1406
25
3805
59
42
437
4156
20
6951
290
7817
25
92
44
29
319
25
29
1983
25
92
44
29
1242
16
25
29
2042
25
43
27607
59
3860
47
3635
48
42
29
8240
16
25
335
29004
223
43
20
56184
59
1586
48
166
289
20
1126
42
35110
20
1255
2033
195
12
43
433
16
8022
6903
596
322
10
59
166
42768
22283
4934
545
3
336
545
132
13
6025
292
45
3675
4269
596
421
25
166
1656
59
42
6
402
9190
276
290
3
30036
1104
12263
25
43
48
6
302
3291
45
141
292
45
2785
166
4511
20
5930
9047
3
302
4934
545
3
336
545
48
13
985
6305
20
1255
289
2487
13634
5726
16
421
3
9372
12
5055
13
25915
16
3
2414
0
36790
12
130
13
985
1353
12
20
4940
3281
45
141
2937
130
166
1353
12
20
14845
3281
12
15372
130
166
20
402
6022
16118
37303
211
20
2414
13
985
7414
45
20
19930
478
166
20
33813
211
130
166
682
322
1855
130
166
2150
443
3381
2
4548
25
166
2
1489
25
166
419
4859
25
3805
59
42
29
13341
6
25
437
20
1420
12
1058
0
19947
45
37983
20636
0
43
20
19392
59
1586
48
166
22694
545
20
5210
290
2057
20
3753
302
20
6209
18064
4522
4681
20
27960
130
166
419
12872
290
1856
25
13
348
25
10792
302
5575
25
163
416
4810
20
27960
130
13
289
20
2131
12
7454
35977
20
1255
48
166
20
2131
26
936
0
801
3618
26
20
546
12
2
539
1861
454
4930
6
3
7450
166
363
4518
26
2414
0
130
166
2150
443
5494
12
6022
289
10
42
363
4267
250
454
596
534
3875
596
405
5494
12
11661
413
11661
2
1571
20
546
12
166
6122
16
25
9445
45
2158
43
13
985
22680
16
17031
25
2104
20
880
2
22971
25
166
11100
2
25
455
20
1435
166
2770
59
387
828
294
413
11661
416
22680
596
6
25
17031
25
166
1689
2610
12
363
50967
414
10
2280
0
130
13
16076
211
421
25
1557
1047
290
424
20
3770
48
166
20
13190
437
20
1420
12
306
20
13294
6689
45
12323
166
20
2746
306
13294
4848
743
3
130
166
8934
402
3875
306
971
25
130
6689
45
2746
20
1230
26
306
10842
290
2066
25
130
166
20
3347
166
20
1191
26
30
2224
20
3424
6689
45
16379
26
306
4465
23
20
11252
48
166
405
20
2984
12
20
1230
12
1859
20
10842
332
801
1727
570
26
20
23632
12
290
8590
421
25
20
998
166
15148
583
55096
336
3875
596
4269
5997
421
25
166
1656
130
166
416
1075
302
20
3424
2281
437
20
1420
12
289
947
12
1486
1195
292
45
1112
166
20
3045
13
19133
130
13
19133
20
1741
713
25
130
13
35372
166
57164
6159
1242
25
130
166
416
1182
8
4695
12
20
1741
315
972
413
20
2264
6903
596
322
25
289
1058
20
6086
414
38065
7738
16
25
130
13
2347
2
25
290
5523
596
41101
519
2
3
336
20
546
12
48
29
1198
2728
20
4118
31544
311
12
7822
2604
1642
34005
331
658
32128
6
20
1255
59
29160
313
405
132
34510
59
1450
2882
221
45
596
290
405
36
405
20
4118
13732
2767
23573
313
421
10
166
10305
1098
45465
289
10
48
166
1198
209
252
520
2
20
1127
12
289
947
12
6439
31990
130
13
28015
2
10
20
4940
26
130
166
41447
2
3
20800
292
45
11252
166
20
34959
130
421
3
2066
34119
290
25
402
290
13854
25
289
20
1435
130
13
462
11469
2
45
332
47870
247
1786
3
20
546
12
48
13
10775
336
2658
12
596
3805
166
2684
20
3424
166
20
1741
6689
45
1127
12
130
166
1562
332
1829
59
20
3424
1869
19888
5
130
166
20
1741
31575
209
30
20
7943
166
20
3177
12
29
20
4730
48
166
363
14609
336
290
13177
30355
4840
20
2777
606
20
2793
2
1406
25
4269
596
421
25
166
1656
437
20
16259
59
42
10366
17746
196
45
8869
20
9289
12
166
20
5590
20
16640
12
43
13
348
424
402
25
557
608
336
20
2358
166
416
27000
8
421
25
289
539
387
20
1058
48
166
5078
8
20
7295
6
3649
718
20
501
12
130
166
43859
8816
336
20
12722
20
5246
12
306
20
4317
12
290
12615
20
937
48
13
3027
20
4940
45
3336
45
20
12218
166
3649
20
5149
48
8886
596
20
22294
12
29
20
3667
2
5356
166
4031
25
25165
48
29
1068
8
596
166
3047
20
2549
130
1463
247
596
306
1096
8
534
166
306
10376
29
7600
25
166
1656
48