9291
596
20
3520
20
6700
44
44
1898
12
20
11721
44
44
935
20
36897
352
886
16
8863
20
5116
306
3429
2665
10
29
7749
6270
10
130
29
4250
16
302
25
363
2098
45
10
290
880
59
29
4251
24
302
25
363
9974
6
387
20
1104
915
20
36897
29
416
2211
24
20
1210
6159
7095
10
289
868
20
1819
29
4933
10
289
545
20
3055
13
1127
16
3
3362
12
20
7784
10402
12
20
891
13
8533
24
20
5377
306
20
5236
840
10
130
29
20
342
2787
292
2
1442
10
130
29
20
13059
221
45
49884
10
130
29
20
16791
3181
2
797
16
10
130
13
21457
24
29
433
24
59
4008
24
336
20
1881
290
6765
17119
5
10
3047
29
8886
3
322
545
1705
45
21883
45
985
20
22240
20
10264
12
416
6264
16
290
10235
20
4318
29
4250
16
2
4950
20
891
130
2
446
7894
292
45
1155
576
1870
29
3476
14
130
29
6420
8440
331
6
12912
3
974
48
29
985
332
2
19475
20
8106
13939
290
2456
20
8561
59
42
29
363
3207
24
2
11137
14
336
292
45
27043
12
43
20
8740
12
59
3836
2325
24
2829
14
29
363
19812
24
5999
14
130
21960
14
11219
1438
345
10495
14
130
15882
345
36668
14
130
10560
36791
29
20
1568
6
20
16197
29
20
14520
2
20
13823
59
348
20
998
12
290
25266
29
2687
16
10
302
363
6744
306
637
2
4314
45
16760
45
2026
2934
24
5406
20
11249
290
31244
20
19888
331
7287
24
915
7784
0
29
2708
45
7124
45
40861
0
29
56476
130
29
433
24
290
606
641
3
59
29
1252
7826
195
1
402
2853
937
2
539
2288
6765
331
13405
21672
45
4250
24
59
348
20
2967
377
363
1557
13985
25
347
10935
29
290
23128
2
25
20
1881
6181
2770
6
3
20
8365
130
29
3234
289
3
20
8846
130
13
462
10541
42053
24
289
20
891
14049
0
290
45
332
29668
5705
20
838
48
13
5781
6
3
59
407
3855
14
20
3123
12
20
16678
29
20
5445
20
17285
45
141
218
45
20
7244
20
31112
12
29
2829
20
471
29
5999
20
566
130
13
25494
302
17240
24
743
5705
292
45
1151
12
37598
4279
1006
20
8139
12
130
13
20
13062
2
14
5999
12
18845
20
347
1083
554
11737
1706
14505
1006
20
13131
130
29
985
332
363
45492
26
336
387
20
1406
130
29
363
32857
26
130
406
4105
45
21198
45
3
1260
26
59
3617
322
20
45433
289
402
850
12
985
4511
20
2122
1457
20
1045
246
45
53645
402
290
3
20423
12
21436
12
416
59310
199
10
2
49962
20
7784
29
4008
10
2
8852
20
7716
29
2545
4859
59
10775
336
10424
16
5
289
1524
12
20
4314
2168
12
2
20
20806
290
999
27687
250
640
21234
16
290
3395
196
20
407
20327
228
10
149
728
20
7355
13
20504
606
16326
45
1249
45
10
2
1112
1
2066
912
42382
2
25
29
289
10370
1
290
5816
10
3905
45
15579
24
290
26788
12
20
3011
130
13
23775
16
3
2
599
20
14914
130
13
25042
290
369
290
918
292
45
566
289
918
20
6208
130
29
5099
290
369
290
918
20
6208
289
918
20
566
130
29
3000
16
289
45
721
196
45
24796
48
29
4059
16
421
3
20
11173
583
23009
16
290
3
23964
12
1890
12
336
2222
12
20
880
130
29
5085
24
2
49884
25
29
342
2787
24
2
31244
25
130
29
25002
24
290
11903
322
3
20
880
29
419
289
37672
12562
219
290
8567
1735
25
130
13
7274
2
3
13
1074
336
545
1664
20
2234
12
302
6642
3
59
331
377
4449
196
3
306
20
1235
132
13
433
24
59
2234
8
6
658
11373
8
130
13
5781
6
3
59
27759
345
2777
14
13
1267
20
880
34156
347
9168
6574
199
130
56286
347
2489
345
130
363
1265
12
2
8
840
14
130
13
2026
12417
24
2
20
8198
29
20
11249
21744
220
24
29
11388
24
29
17928
16
24118
3
13
7780
24
13
2026
3357
16
3
20
8571
12
130
29
19404
16
3
20
1735
12
130
433
24
363
2333
336
20
7412
1093
17828
16
20
1601
29
9818
8
20
12447
130
13
9119
8
780
8
41101
28767
20
2222
12
6
1452
16
322
641
8
130
29
8430
24
1260
26
405
20
12665
59
39064
23
4261
12
1081
290
3066
1093
1382
20
1824
3101
0
44098
45
38011
195
25
290
20
3139
348
16928
24
6
25
1008
0
29
2288
0
34878
45
1375
640
29
416
3357
3
20
9089
130
29
4536
24
306
20
13823
130
29
3955
222
24
336
20
8060
59
33703
26613
519
2
1559
20
4496
13
402
1803
0
6
7817
25
11580
45
1933
45
2026
360
3
20
7686
130
29
13578
16
2
3
20
9194
11280
16
3
9194
20
20844
29
5781
6
3
59
25896
13
363
2333
336
20
7686
130
13
363
29916
290
2108
596
915
20
4008
20
7187
26
130
13
46280
219
4208
20
7257
18868
20
7066
29
20
1340
13
2191
20
4031
23628
20
3294
12
29
20
2647
130
13
414
897
47746
4682
14
289
20
3321
322
1996
12
971
8
13
1838
2
8
695
24061
372
13
419
1881
20
4031
218
45
1770
20
3047
48
13
348
25
4272
20
17731
28
801
1975
24
322
5999
12
20
11764
29
5641
25
6
16717
292
1096
20
402
29
778
3
59
37
11133
338
12406
0
37
29
290
21768
770
4542
25
13
1838
221
45
20
880
20
36897
302
5653
25
10283
0
130
13
2026
58588
24
414
302
3865
1146
24
130
29
23510
45
24904
351
302
4456
220
24
29
12934
24
2
13655
20
4031
29
14775
24
336
43508
20
3047
4738
24
322
50228
45
332
246
45
433
24
59
331
20
1210
322
28195
1891
16
2
3
20
3123
12
29
20
11923
12
130
319
453
304
27554
3
1876
45
3
1041
12
132
13
5781
59
25896
25896
59
42
29
290
4235
290
1555
25
4410
0
336
596
29
3875
25
714
4562
217
25
20
2793
1093
1814
2782
25
306
596
43
20
1911
59
2409
5421
221
16
3
12416
20
5421
1367
4522
302
14971
16
3
8410
12
20
27916
59
42
29
363
2353
24
6
290
6729
289
2333
596
28484
406
225
1123
307
43
20
8740
12
59
17857
48
433
24
59
13
801
6603
24
289
3955
194
20
7244
130
29
462
2139
24
336
292
45
1881
29
363
336
20
7510
406
7963
199
16
3
6
419
4
20
2342
48
5781
59
25896
59
42
29
363
58308
27376
219
1309
24
289
2333
596
28484
0
406
3574
43
1000
6575
59
20494
48
13
377
1075
221
45
3
29
6123
4
3
13138
3
130
29
377
29
402
2
14
3362
12
20
7784
583
6525
17503
199
20
10058
218
45
20
17487
289
23794
12
20
891
1927
3
29
1079
3
29
19823
3
29
2163
3
130
2628
8561
292
45
1735
12
29
51589
20
971
12
59
42
289
3844
4375
606
11373
21663
43
20
4690
59
4411
48
433
24
59
13
1081
6
8
336
2486
16
3
2333
132
5781
59
363
130
21960
14
289
6971
20
1735
12
29
51589
20
2378
12
130
29
1047
20
1003
29
4241
25
130
13
985
1175
345
347
1083
14
2459
832
345
18845
14
130
13
606
424
50911
345
21635
25389
199
130
433
24
59
29
801
13320
2
3
20
44089
29
20
3321
13
462
4235
24
132
5781
59
25896
42
29
1252
7289
301
24
20
2037
6
3036
24
6
25
650
12
29
523
11435
596
8558
3
13
9708
245
3
43
20
8001
12
59
4479
48
29
1252
2834
195
3
6
1617
2238
3
29
523
11435
20511
6007
7469
1129
48
6420
2
2777
14
56286
319
1267
6941
5007
1006
132
6420
21927
345
319
1267
7784
32675
132
1267
27809
32675
10499
25801
1288
29
53300
1129
40556
45
448
29
20
2115
130
13
2026
2934
24
424
29
58588
24
2
4208
20
4089
12
29
2112
20
7479
12
30687
375
4868
422
3
29
408
26163
3
13
14775
24
29
3158
24
4706
2
3918
20
5196
130
29
2910
45
24904
45
5074
20
10696
12
2552
20
17385
130
29
6
46859
9669
25
414
997
48
2290
32127
1665
1081
369
407
20
7836
336
847
20
2222
12
29
407
20
14355
290
1529
132
2150
433
59
11195
8
880
8
290
369
14355
0
130
1033
290
369
7836
0
336
3822
25
20
4201
42
1827
19943
292
45
686
20
9838
12
92
44
15539
5
43
20
3641
59
2499
130
2539
13
8850
6
5647
20
5406
1562
5191
6
45
15589
11195
16
132
13
1260
59
462
7542
16
363
406
13
1260
462
1079
16
336
847
20
918
29
443
918
292
45
2163
12
130
29
20
6520
306
971
20
2006
130
29
20
2006
306
971
20
34756
130
29
20
6399
2
971
292
45
16373
48
2290
478
3588
314
6
713
405
20
9257
28985
430
20
1800
2
6144
20
41625
12
130
29
23794
12
20
9112
12
130
13
2288
20
5116
363
6976
25
915
290
419
290
20
5116
130
29
3279
20
1800
2
8598
12
20
24958
130
29
1964
12
4601
20
3177
12
130
29
8256
12
1053
12
6
20
935
13
419
3279
20
1800
20
7348
289
13149
12
3146
290
578
20
718
28
130
29975
1182
621
8002
14
130
347
934
24
596
13
3939
3
48
13
290
7996
2333
292
45
935
1412
27746
290
34308
130
29
290
7996
20
8265
59
42
29
290
26696
322
935
20
3520
10440
6
45
3690
6279
0
13
419
6
25
10283
43
20
17057
59
3635
48
29
1487
8590
289
402
686
23947
578
12939
45
8893
45
665
16
28
29
363
538
54981
437
20
1420
12
578
20
3201
276
28
48
1033
2102
20
6161
45
384
221
45
3201
3
347
20
1191
26
2
3201
3
289
29
1120
3
290
2886
20
25383
130
8798
1
596
2
20
3667
130
29
17167
1
336
20
787
130
29
30494
6
1
20
718
130
348
25
2
424
1838
48
29
20
1719
6
596
17746
196
45
687
28
130
29
4269
596
306
1096
8
534
29
306
10376
6660
28
25165
48