9291
596
20
3520
20
6700
44
44
20
42254
12
20
14689
12
289
20
3607
362
20
10614
329
12
44
44
20
38629
26
20
1693
7409
20
989
20
1798
20
13532
20
17850
20
1096
894
12
20
23538
2981
20
986
15373
20
759
45
141
463
218
12
20
610
28
14472
5201
534
413
534
20
14689
2534
596
2108
25
29
2066
10832
25
322
56666
1406
25
3805
59
37
13
1652
195
1501
16
25
29
17427
16
289
25
290
2108
5
37
42
153
5465
43
48
331
20
2126
12
29
331
20
17427
29
331
20
2108
132
13
433
59
20
2126
12
1330
289
20
1759
20
3958
6
20
2108
130
29
419
20
9885
289
584
17421
4269
596
20737
25
29
1656
130
29
20
35787
12
289
584
21664
25
2
20
3348
12
29
2008
20
9378
130
13
312
25
506
45590
292
45
2158
13229
11460
30
20
6592
218
45
20
4297
29
363
12430
11460
30
20
2883
130
406
363
3929
20
2158
1793
2
3093
290
13229
29
12430
29
21003
196
3093
130
13
312
20
9885
3093
22474
8902
398
289
25
20
2158
130
406
3146
414
3728
20
9885
292
45
6522
290
4381
289
40690
20
3045
223
583
13515
5724
0
5393
0
130
13
6688
289
25
20
2158
218
45
17522
289
25
130
29
1198
20
9885
414
312
41167
209
25
596
3045
0
414
3045
289
40690
11543
45
141
1895
297
5724
0
130
289
1936
223
20
38118
13
13515
958
0
4239
4868
242
20
565
12
20
3093
12
289
402
3885
754
218
12
20
958
377
419
22120
388
20
8716
130
13
13515
35787
12
13
5192
10
20
2658
29
31054
2
45
2085
219
5
20
13881
12
47139
606
424
8716
0
130
714
28569
10
20
2658
2
3558
16
25
47139
8906
45
993
247
4389
289
20
8154
48
29
25435
665
12
20
44366
388
20
2303
12
23693
351
6
2647
20
2108
218
45
28040
10
130
30
20
13807
12
335
7343
606
4323
20
14288
6
2647
20
2158
29
28040
10
130
13
20
35787
12
606
2309
20
25435
29
20
8154
7049
2
2035
10
2108
0
25580
10
29
10854
397
10
130
54679
14917
4308
10
290
2684
20
6331
20
584
20
37088
6
402
6810
1659
331
4896
25
130
29
6
1179
309
351
331
5192
25
306
971
2647
25
29
3342
25
290
539
1641
29
11759
525
13
20
2126
223
2556
45
141
6159
405
20
16269
20
13539
12
6
20407
20
35787
12
289
20
40690
20
19570
12
2
10
388
852
45
141
292
45
25435
29
20
8716
48
2290
218
45
4918
331
20
17427
132
13
433
59
20
17427
2556
12
3269
31661
2066
20
2108
289
13807
12
20
35787
12
29
6
20
17427
947
12
29
1301
45
141
2064
947
16
25
130
13
13962
20
4252
290
6333
20
52765
388
6333
20
43083
289
25
583
28503
292
45
15145
20
3958
6
20
2158
130
13
20
17427
804
20
10542
130
29
947
12
20
17427
377
419
804
289
584
5997
3805
5813
29
20
7495
539
5813
130
29
416
44336
2
20
804
322
20
1330
377
2915
292
45
7495
322
25
306
2333
20
10291
130
29
312
462
1972
20
1330
20
15325
6
25
306
947
12
20
1330
292
45
15325
290
25
30
1406
25
3805
59
37
3474
596
421
3
37
42
20
24310
12
1201
43
48
37
13
33860
8
290
3
37
42
20
41358
16240
43
48
29
20
3474
2556
12
322
1293
2631
40556
45
22141
49207
8772
2
25
29
1301
16
25
20
17487
6
20
36570
421
25
29
41356
25
13
982
322
1301
12
20
3474
221
45
20
3474
130
29
322
1301
12
20
7492
2
20
7492
130
29
1198
982
3269
6175
1301
12
20
17427
221
45
20
17427
29
312
462
1972
306
947
12
20
17427
48
13
5781
6
25
59
13
331
20
804
377
13859
2
25
2066
20
2108
289
13807
12
20
35787
12
132
433
59
419
852
12
289
20
3817
29
852
12
289
20
1759
20
3958
48
2473
852
12
20
3817
13
20
2684
20
50399
27376
419
30350
6
20
965
306
1281
25
2647
20
965
13
419
8982
2
1069
25
306
402
1838
45
141
15410
228
10
130
29
5263
322
847
20
852
12
2
20
971
12
29
3191
10
8271
2066
20
3160
306
402
3958
196
45
20
32394
12
606
1425
20
6971
407
7
130
13
20
3958
6
20
32394
12
29
443
20
9034
4
743
292
45
4252
377
363
3507
6
25
29
2473
754
12
20
3958
13
20
25435
29
20
8716
20
4234
2
20
2126
12
130
506
433
59
1501
16
25
130
29
3191
45
165
6581
292
12
20
3781
130
13
312
20
13881
12
335
7068
20
19110
1112
10
363
4955
20
947
12
29
312
369
45
408
31167
2563
12
2701
4
10
20
947
12
29
13859
20
4839
2
510
3242
10
13
4366
1677
20
7582
292
1662
16
289
45
298
292
45
947
12
20
12713
12
290
4466
20
947
20
12713
12
130
13
30
424
1652
195
1677
20
25435
289
20
35787
45
141
1480
289
10
20
2108
290
9056
20
2108
290
539
2631
289
20
9056
130
406
52337
195
1662
20
2108
29897
6
36044
25
6
2631
20
1759
2
1424
20
49031
2655
4803
363
554
25
130
506
312
20
947
10506
45
13920
4466
20
947
12
306
20
13881
12
289
970
20
11739
290
539
1662
289
20
947
12
130
29
523
369
24529
451
290
554
363
6
312
20
947
12
682
16
10362
195
12
6
312
18088
289
20
13881
12
130
523
6
312
20
13881
45
141
386
1768
16887
12
3958
12
6
20
947
48
13
5781
6
25
59
13
331
20
13655
132
433
59
363
3933
312
7236
290
20
13655
1600
331
7236
290
8271
20
2883
290
20
46165
306
292
45
745
130
13
312
424
2556
12
322
6763
1712
290
20
2883
322
20
46165
29
1263
25
2
20
745
130
5743
45150
199
290
25
331
7236
25
290
8271
2066
20
3160
306
20
19700
245
130
29
1674
12872
4008
289
16090
196
45
3160
2080
0
130
13
5828
24
312
25
21034
13094
290
7755
20
3160
29
8697
2
20
19700
245
29
52386
245
421
45
419
45
419
9646
130
406
2066
20
3160
804
6
3365
1557
10743
25
289
20
2066
221
12
29
312
369
41810
290
45
39468
209
20
19700
245
20
40670
30
8271
20
947
306
20
13881
12
290
4466
20
947
12
130
13
312
25
682
2
2811
26503
1103
1712
290
947
12
20
26352
29
1263
25
2
20
13881
12
406
306
2811
312
947
12
20
26352
199
504
0
804
6
3365
947
12
13463
10
289
20
13881
12
20
1163
12
29
682
289
7
1263
29
6763
5072
20
26368
12
20
2536
12
29
1198
20
965
20
50399
804
6
3365
2066
20
965
289
402
8779
45
141
49228
12
965
13
5263
322
25
2
20
13655
48
2290
3242
6
25
59
416
935
16
20
2126
12
29
20
17427
130
13
331
20
2108
29
331
1838
16
25
130
29
1081
419
637
40556
45
13802
2170
20
2883
289
20
46165
130
7124
2170
20
1046
289
20
5070
130
759
419
5070
130
57389
221
45
686
25
132
13
312
369
5070
0
57389
0
2
686
25
13
26001
419
759
539
26001
132
29
312
369
26001
45
1933
45
331
1204
25
36572
20
1950
7124
20
7383
7124
6568
10614
132
29
312
462
1972
26001
0
13
1562
658
2295
450
0
539
26001
132
13
433
59
387
25132
322
964
20
2108
377
462
1400
8524
6
3875
596
4269
5997
421
25
29
1656
289
1386
25
6
290
682
12623
0
6
25
130
13
312
15
16
290
12623
25
13
21834
29
12545
43441
45
2108
682
2
3193
5145
20
13802
2170
20
2883
289
46165
130
166
363
419
1046
5145
20
1950
218
45
20
7383
2170
20
11731
289
20
30314
130
29
20
957
289
20
687
130
406
419
5070
29
682
2
1046
196
45
312
25
2102
686
25
29
9056
25
29
5121
20
6495
4
130
29
405
2358
29
20
2358
20994
269
29
1252
369
6473
269
373
0
29
20
957
57389
2
25
130
6
369
1420
20
1046
2
20
1046
130
29
387
1901
292
45
6495
29
6
312
20
1046
20
826
363
5713
1793
826
0
13
331
968
2
25
29
20
2108
5713
970
45
17506
210
37311
211
28
130
13
312
25
997
331
2102
9056
25
2102
686
25
130
13
4365
306
312
20
2108
682
2
1046
218
45
20
1046
363
18129
2
405
20
852
4
29
363
419
3193
130
6
312
20
3193
3958
6
20
1636
12
29
20
2108
10804
9961
130
6
312
25
1252
14424
6
4810
312
1585
2
1712
290
25
957
2
20
1557
20
826
29
2
20
1712
292
45
10614
290
25
6908
2
424
20
1557
20
826
2
1357
25
13
658
289
637
12
826
12
1230
0
2
20
1557
9157
0
2
25
7630
4125
6
312
25
289
1759
826
29
1793
13
20
11731
29
20
12012
289
18274
28
290
20
1357
6713
10609
269
130
29
20
957
29
20
6908
2
1557
826
289
736
826
5813
29
289
736
28
539
5813
130
13
24454
295
312
25
826
29
419
2
980
20
14197
1712
363
7125
3390
909
1557
363
14927
1652
7590
1712
43856
198
2
25
130
6
312
20
1712
10094
12
388
20
402
29
363
402
1600
48
13
363
1712
1793
312
13547
2
25
57718
20
49560
2
1406
25
20
826
1712
290
20
761
12
130
13
312
1
1652
195
18462
16
630
20
44366
335
221
45
10
8852
20
761
12
289
1348
10
761
12
369
20
826
290
3248
16
10
29
1198
1652
195
18462
16
630
292
45
1869
4
7124
630
331
2
25
8852
20
26352
289
1348
25
26352
0
369
20
2108
826
0
12606
196
16
10
130
13
1652
195
2628
16
312
25
1557
363
14927
13
363
11980
2473
312
658
26001
0
7124
53991
834
3156
130
29
7339
312
658
26001
0
1652
402
26001
14203
130
20
1712
377
363
7125
3390
7339
294
658
14203
0
2
20367
12
5702
12
29
5137
12
22120
10
312
25
1252
2389
5070
407
5070
45
25194
45
369
402
826
290
20
1900
28
8824
290
20
1269
539
331
8824
20
10614
130
13
4680
312
1585
221
45
20
1112
377
19947
25
387
20
1900
957
29
2
20
1112
20
10614
6908
130
13
658
687
0
14420
0
16678
292
12
826
12
2
1557
826
130
29
1562
363
29
1252
2389
3453
10391
290
44366
363
7742
3390
6
369
292
45
1112
377
557
10306
8
29
9927
25
539
20
1112
20
10614
377
363
9927
25
130
13
312
20
826
17842
313
5119
209
0
29
539
5119
209
289
637
12
826
12
130
29
50417
16
20
3160
1652
195
26478
16
3275
29677
45
59557
28090
2
10
424
20
1112
743
20
1112
20
10614
130
13
1652
195
6688
312
25
363
14927
29
312
25
16343
1767
195
6688
312
25
57389
2
686
25
29
539
26001
20407
0
48
2290
246
45
5781
6
25
59
29
331
1838
12
130
29
331
852
12
387
20
5070
130
29
331
1112
7489
25
2
20
13802
132
36572
1004
397
25
7124
1220
322
25
7124
5013
2
25
7124
6649
322
25
132
433
6903
596
322
25
59
363
419
1004
218
45
363
419
1220
29
363
419
6649
29
363
5013
130
6
312
23947
20
56757
2
20
1263
29
20
6763
292
45
16095
12
29
20
15669
416
15909
209
0
322
25
13
27141
322
20
1034
28
130
506
312
20
31450
363
419
687
218
45
363
419
14420
6
312
23947
20
957
29
20
6908
20
913
12
130
13
1652
195
15909
16
50011
20
1034
23
48
13
5781
196
45
25
59
1081
419
289
558
12
132
13
433
6
25
59
419
20555
322
20
2170
289
20
5813
29
20
1263
2
20
28430
218
45
20
3851
2
20
558
4
130
13
312
402
424
852
4
20
28430
29
25934
10
29
20
2108
682
2
3193
29
363
1046
289
3193
130
406
13973
463
220
322
405
20
18767
48
13
5781
6
25
59
462
1641
20
3875
4269
596
421
25
29
1656
322
1933
1516
9361
20
964
29
1386
1838
12
20
2108
2
1406
25
3805
59
37
1457
20
2108
290
3401
919
5
37
42
20
25659
59
5106
43
48
13
433
59
6
312
20
45602
363
13738
25
6
312
20
1255
1636
23
17711
29
15014
48
2473
290
9524
306
2869
25
20
11889
12
13
387
363
5192
25
29
363
9237
25
289
852
4
596
3805
246
45
1562
9237
25
289
584
20
2108
6
16646
12
130
29
6
387
26271
16
20
8977
12
29
20
31763
12
29
290
369
45
12144
45
11889
12
15369
421
25
424
29
1968
24
20
13246
3193
0
1652
462
9707
24
1869
0
1793
3193
45
46234
293
0
4308
25
130
29
290
14853
322
20
11889
12
1890
0
4335
20
16095
12
29
331
8343
325
312
14460
18767
292
45
16095
12
13
20633
20
558
12
29
416
14853
322
405
20
11889
12
20
30830
209
12
29
20
17571
12
130
13
20633
45
12074
36080
0
6
12105
558
12
48
13
5781
6
25
59
29
462
363
4680
1386
387
20
964
315
31725
132
13
433
59
6
312
45
721
16137
24
312
846
405
20
852
4
6
539
596
3805
130
13
1652
195
935
16
387
6
545
3
4257
11812
45
433
24
312
1
7922
686
1
2
331
419
852
12
20
13246
306
20
1237
130
13
369
1
8519
20
50399
45
141
196
45
686
1
48
13
5781
6
25
59
13
462
14027
24
312
846
405
20
852
12
6
596
29
6
539
596
3805
2080
0
132
13
433
59
6
312
3
433
24
506
14953
289
14168
20
1204
312
7375
1499
23
289
1204
43492
309
3749
2080
0
312
7375
1499
23
363
289
1204
130
6
312
25
52337
195
12000
1038
3193
28
16203
2828
826
130
6
312
25
1252
5836
0
462
6537
3275
7
322
20
10614
130
13
30
424
1252
2211
1499
45
45514
826
290
7
682
289
1204
13
28663
2915
20
4557
29
20
11331
132
29
6
387
2080
0
433
24
59
363
7375
11731
23
289
1759
826
583
5781
20
713
23
19448
8356
219
48
13
5781
59
387
14342
1691
246
45
331
6520
25
132
433
59
6520
25
312
3
663
667
24
527
5828
24
312
20
4557
363
2915
2
20
1204
6073
51451
20
3411
2
662
12
13801
59
3275
7
2
20
1204
30
3193
28
289
1204
28
130
29
20
632
221
45
20
4770
30
11731
28
289
5070
826
289
4770
28
130
29
20
1091
2
20
599
29
20
1838
12
30
20
25934
292
45
916
12
289
1759
826
713
20
3507
29
20
7251
29
20
8641
12
29
20
11014
12
289
3193
826
130
13
43441
45
1759
826
29
20
4770
826
130
29
523
405
8871
916
12
20
5452
4
2
1471
10
29
49260
10
130
25831
3156
20
3507
322
20
7251
2
1069
25
363
2
1204
29
4770
29
6537
20
957
322
20
971
45
141
218
45
20
15743
12
2
1069
25
29
312
369
20
630
586
209
0
826
0
130
13
1652
195
4327
25934
916
12
20
49260
246
45
2
312
11619
26658
916
12
20
49260
2
14168
10
289
539
1204
2197
48
2290
246
45
5781
59
1600
2909
10614
306
14027
12
331
47823
1302
27330
290
961
20
7786
12
29
419
312
387
1998
5359
29
18949
6
26458
1790
596
3805
289
584
20
2108
48
13
433
59
25896
130
13
312
1406
45
358
292
45
26352
418
687
2188
16754
12876
19126
29
312
25
3805
1198
682
289
25
16787
6
312
45
12386
220
424
26458
20
1790
130
13
30
424
20
5494
12
322
20
1204
29
20
558
12
682
26458
1790
20
13246
130
5743
552
1790
25
312
25
33690
909
419
57389
2
1069
25
130
29
402
331
6408
25
57389
2
1069
25
130
29
402
331
6408
45
43364
13118
2
25
130
29
312
25
1869
2
1069
25
363
2
539
25
13
402
331
6408
25
1869
2
25
363
2
1069
25
130
406
682
196
45
20
26658
290
14168
10
1793
20
770
130
29
52337
195
6
10
20
965
290
539
10
306
2333
20
10882
12
130
29
20
965
6
596
4970
247
3702
682
2
15325
130
405
20
1838
12
27853
20
33690
209
12
682
16
1793
196
45
596
48
13
5781
6
25
59
935
16
2811
20
2126
12
29
20
17427
29
20
2108
29
462
4162
2811
20
665
12
40556
45
2108
29
312
25
462
433
290
2108
5
29
462
665
25
388
686
25
130
13
312
25
369
6
312
965
25
2
25
13
630
292
45
26658
2080
0
1198
29
416
665
20
3027
388
20
9885
13
433
59
37
312
5
9056
3027
45
11637
9885
37
42
153
59
5759
43
714
433
59
37
13
1652
195
1501
16
25
29
17427
16
289
25
290
2636
227
5
37
42
153
5465
43
29
312
369
8305
25
1712
290
596
3805
10506
306
20
1950
506
23769
292
45
1281
306
20
40449
13
1260
59
27789
16
421
25
290
861
13
405
43815
12
6
1069
596
130
29
416
1344
17503
199
387
29
47823
312
1933
494
16
25
682
16
2
2811
6763
1712
290
25
48
13
433
59
387
30
1406
292
45
3160
1252
9051
16
29
433
16
59
27789
16
306
20
24109
290
7499
130
13
658
30986
29
658
2811
292
45
665
12
312
20
2066
20
4234
290
4629
2066
20
3160
2
1112
290
20
5038
130
29
312
369
289
2303
45
141
292
45
2861
2
20
10094
12
388
2066
20
3160
130
29
416
2219
16
312
20
2108
20555
322
20
558
12
29
20
1204
218
45
289
565
16
25
20
957
2
630
20
26658
29
20
4163
421
10
130
29
405
39621
12
29
1208
12
13
6
424
552
2
20
10094
12
29
405
20
39621
12
682
16
6
20
20783
4
20407
0
48
13
5781
6
25
59
331
2811
1406
45
5914
4372
247
59
37
1457
20
2108
290
3401
919
5
37
42
20
25659
59
5106
43
29
331
2811
687
292
45
3401
29
687
20
584
132
13
433
59
402
331
3718
421
25
2149
12
29
2120
29
419
687
20
28430
218
45
18767
10
5191
312
25
290
687
20
3045
130
29
20
3045
1600
2
2811
20
2120
363
2
2811
292
45
37225
29
20
6875
5191
59
3045
20
1557
909
971
25
433
20
2502
59
29
6
442
6841
29561
602
16
29
545
20
4008
9357
714
363
4156
4198
209
4607
714
10136
20
35707
29
331
363
2432
12
6
25
29
363
2120
130
32128
59
312
25
3401
17583
218
45
424
196
45
20
39621
12
335
935
8
10
29
402
331
419
290
387
20
4629
290
24082
20
3027
29
24082
292
45
26209
217
12
5191
312
25
290
687
20
3401
130
13
687
20
3401
2556
12
322
20
1869
4
20
1220
45
141
6159
20
601
29
20
5944
29
20
558
12
29
20
1204
29
20
15669
130
29
419
331
363
3618
999
20
2149
45
141
218
45
20
2120
6
20297
20
2432
12
322
25
48
13
5781
6
25
59
291
1614
3
312
20
2108
682
11291
0
29
312
369
217
38369
13
419
2003
132
13
433
59
416
19758
387
1581
12
29
419
6908
130
406
4667
59
312
20
2108
53991
42238
198
2
2811
312
25
539
5768
2
2432
12
49454
32763
251
130
13
312
25
363
14927
29
363
2344
3156
29
13100
219
25
11291
130
523
25
2
2811
312
25
1853
29
682
2
2003
48
29
11647
3365
25
1558
29
1754
4
45
30440
605
12
130
29
523
20
584
312
20
2108
20
2378
12
1662
16
606
2035
20
35787
12
6
20
2647
506
1480
16
20
947
289
20
13881
12
2
3365
20
7582
292
12
130
29
312
369
16
20
947
778
12
20
965
306
292
45
7582
292
12
29
37225
387
20
11647
312
25
312
369
16
20
24082
1869
12
554
20
25758
219
6
369
45
3663
195
730
12
7124
826
29
7339
29
599
16
10
29
3927
16
10
13
7339
965
10
130
29
52337
195
12000
29
599
16
45
21498
351
20
7489
2
20
25758
219
6
957
8
1368
12
2
312
331
4086
25
4045
4680
312
13485
25
3606
29
54834
20
5070
20
11257
290
7
826
0
6
12000
1038
20
33445
28
289
25
130
506
14953
397
4045
1029
25
130
29
21218
2
20
5070
20
11257
20
2108
29
5813
3927
16
10
6
312
20
826
5813
312
454
56128
29
363
14927
1652
195
369
6210
4682
30
20
28430
130
13
20
3193
14927
13
312
25
5452
4682
218
45
5452
545
9820
1124
269
130
2473
331
682
6
25
545
29
363
4682
13
1562
14927
29
2473
2120
3927
16
45
298
1072
20
7489
2
20
13802
13
5813
6
312
10
2473
312
846
19980
12
7124
916
12
130
29
402
35826
16137
130
29
52337
195
12000
20
13463
6
312
965
20
713
28
5813
289
20
20407
130
29
6
387
14953
36080
11731
28
289
1759
130
29
3193
28
289
1204
826
6
312
20
1753
9149
9309
12
29
4889
37311
211
12
1600
29
11731
23
289
1759
28
37266
6
312
387
21853
424
289
20
1759
1652
195
3779
221
45
1759
363
12866
2
25
20
10614
130
29
1198
4680
1759
826
289
4770
28
1652
6
387
1790
682
196
45
20
10614
29
419
20
20749
2
387
20
4770
20
560
130
13
682
289
20
965
713
23
3306
0
130
406
221
45
20
10094
12
30
1406
8
59
4045
29
3606
721
713
23
289
20
16646
12
29
20
16095
12
130
29
11731
20
10022
218
45
20
9225
713
23
289
20
36301
12
130
29
5813
49603
3
6
312
20
49603
1293
23
59
3275
45
721
221
45
3429
20
1293
29
20
8779
12
30
49603
20
2883
29
20
2158
29
49603
20
11731
29
20
12012
130
29
20
632
2
20
18767
335
363
1786
289
20
8779
12
30
49603
20
2883
20
4174
29
20
2883
292
45
5258
130
13
312
369
49603
20
24082
20
2378
12
2
20
1293
29
20
8779
12
13
5813
6
312
20
24082
292
45
2378
12
7388
12
2
20
599
29
20
1838
12
29
443
1293
826
130
29
312
369
16
48100
12
2
20
18767
246
45
5813
2080
0
6
312
20
1838
12
20
826
12
52337
195
9132
1283
18767
10
1652
195
369
16
2395
45
141
221
45
20
28430
6695
12
4308
10
2
1293
331
1652
20
3429
289
44366
20
3193
1368
12
29
1252
40556
45
2163
290
20
5233
29
20
414
322
10
713
0
130
2473
1652
195
462
1972
1198
369
20
3429
5813
45
7124
45
387
1963
2795
26
289
787
25
388
1809
2120
523
387
20
971
21493
421
25
48
13
5781
6
25
59
1562
658
637
20
24082
414
7988
12
20
28430
29
363
7489
6
10
2
20
28430
246
45
1562
12774
16
29
2631
16
132
13
433
59
6
312
10
8625
16
414
20
7489
2
20
25758
219
36087
0
916
12
290
20
957
29
20
6908
218
45
20
8154
29
20
9310
311
12
29
1195
20
14732
29
21036
10
130
13
2084
16
290
10
48100
12
13
2983
16
3927
16
45
21498
45
1901
331
554
20
25864
13
312
25
363
804
6
49603
10
48
2290
246
45
5781
6
25
59
331
2811
1406
25
421
25
20
998
59
37
312
596
3805
3045
17421
306
947
16
25
37
29
2492
37
306
947
12
20
3520
37
132
13
433
59
20
947
1392
1509
416
4281
306
2744
20
14342
218
45
782
545
10
306
545
29
3429
3728
10
130
29
443
20
947
12
20
20917
12
130
29
416
4281
306
378
2302
20
6849
335
682
16
20917
12
130
406
6
20
6849
2744
2080
0
29
3728
29
8906
130
29
4453
424
947
12
130
32128
59
947
12
20
12597
12
6354
29
6354
130
29
947
12
20
1169
12
29
947
45
141
292
45
12597
12
20
13590
12
29
20
5137
12
6354
130
29
20
5149
2
20
2126
12
289
405
20
947
12
443
20
947
45
141
292
45
4226
12
130
29
20
12157
12
2
25
388
20
39621
12
335
935
8
10
29
5901
25
424
388
20
1069
218
45
20
852
4
29
20
16269
130
13
1838
12
1069
20
2108
312
25
57389
2
686
25
682
2
1046
29
363
2
3193
29
17132
9275
26001
29
363
5145
20
1204
29
20
558
12
29
363
166
5013
2
20
13802
29
20
687
130
29
363
15646
41668
130
29
363
419
1004
289
28430
20
687
29
20
13802
130
29
363
419
1220
130
29
387
402
25
49947
4850
12
1069
596
3805
130
29
2473
20
852
4
1093
3045
418
0
687
0
2188
0
17130
0
16754
45
2867
6287
0
19126
0
130
29
596
3805
1198
48
29
2473
20
16269
13
39961
1330
20
38118
15743
12
3499
8082
10
289
20
1950
6329
0
13
11838
290
25
3316
2
3551
12
20
2108
20
8383
377
419
15694
6895
498
289
20509
20
1950
130
9820
9684
351
290
25
3316
2
3551
12
20
2108
388
20
30119
20
1220
12
9445
45
7383
130
29
290
20
30119
388
20
36282
211
29
20
7647
4
20
2395
12
2
20
6212
130
4239
194
3971
292
45
36282
211
48687
366
2
10
20
36986
130
29
8166
2
20
36986
20
5489
130
29
2
20
5489
20
23605
713
0
130
13
2474
290
25
947
12
331
2205
1528
25
306
1112
20
30215
306
20
1112
20
26046
289
5676
45
141
292
45
10336
130
13
312
25
462
11619
289
5944
25
947
12
20
6022
6329
0
363
790
6875
25
306
292
45
12012
632
0
130
29
290
6305
195
16269
596
3805
29
2798
12
6875
25
20
5724
29
20
3885
17582
20
24109
2
3551
12
6777
20
1050
4
29
20
12555
130
29
424
2
7565
12
20
26209
217
12
6
25
289
6777
292
45
1050
4
957
312
3000
20
38118
289
687
25
27853
13802
25
6219
3000
20
9056
289
20
687
292
45
17778
29
419
713
25
130
29
19160
6
25
312
665
12
725
20
1950
388
3000
25
665
12
20
8233
29
665
45
141
292
45
7383
665
12
20
6886
29
20
10588
30
20
26209
217
12
801
34454
26
596
2869
0
29
363
2818
45
384
525
317
0
130
29
20
30119
29
20
26064
30
20
1050
4
130
29
20
971
45
141
397
20
36986
30
20
2511
12
20
25541
12
20
615
575
12
289
20
28430
130
29
20
30215
29
20
5489
29
20
23605
217
45
20
18214
609
335
443
27483
4
20
3093
4
289
2647
20
1127
29
20
3728
29
20
7786
12
29
13881
45
141
292
45
10336
30
20
2701
20
6954
13
290
5960
2
20
1838
12
306
405
20
4020
12
2219
2811
1406
45
165
20737
25
20
998
59
37
312
596
3805
3045
17421
306
947
16
25
37
29
1996
12
2744
16269
596
10458
247
1996
12
7712
12
2795
289
10
388
6057
2358
730
12
29
331
935
8
25
12157
12
388
1845
196
12
290
10
48
5781
6
25
59
13
331
2811
1406
25
421
25
20
998
59
37
290
2219
686
25
1093
2219
919
25
37
132
433
59
6
312
20
26658
2275
2
20
21489
12
20
1208
12
130
29
5641
20
1328
375
4
20
3879
12
462
5122
292
45
26352
306
20
6312
290
1996
12
686
25
388
1996
12
20
9056
130
13
5641
312
596
3805
22262
289
20
38118
331
419
3191
3248
12
20
687
583
30
312
25
2954
12
11895
12
290
20
13499
130
29
30
312
25
919
289
687
25
28778
6
331
2219
20
687
29
20
3000
29
20
49059
12
29
20
2983
29
20
971
45
141
218
45
20
957
29
13433
20
852
4
20
50399
12
130
13
2250
16
20
686
2
39621
16
10
29
4020
4
10
12357
195
12
388
1153
477
12
9056
20
686
130
29
289
3573
20
1996
12
2
20
12597
12
335
554
405
331
27794
292
45
9447
1112
405
20
12597
12
48
13
5781
6
25
59
312
369
16
20
24082
1853
12
315
20
25864
13
331
2811
4859
25
421
25
20
998
59
37
3045
596
20
24082
554
20
25864
2
12534
5
359
37
29
1406
25
421
45
6812
45
998
59
37
34670
6329
20
50213
3045
0
29
10614
3
2449
0
37
29
1406
25
59
37
15
16
3675
0
29
17421
57859
196
45
2883
29
20
9885
37
132
13
433
59
682
289
387
25108
196
306
822
20
2108
130
406
5553
306
3365
25
130
29
1348
25
11291
0
48
3047
1963
4365
2
2560
25
306
1074
965
25
306
20
4122
29
3401
20
8122
15132
13
312
26802
362
10
2447
29
20
11647
20
6656
363
13887
276
2
20
8122
406
14150
306
26802
9117
196
45
8122
506
289
8122
20
16787
289
584
596
3805
48
2473
1406
25
421
25
20
998
59
37
3045
596
20
24082
554
20
25864
37
13
3631
25
15743
2
20
24082
20
26209
217
12
130
29
2
20
25864
352
2318
20
687
290
20
8233
29
20
6886
29
20
12555
29
20
4252
29
20
24109
29
20
2883
130
29
30
331
57116
2318
20
38118
28
2
3248
16
3
1693
12
2
20
10094
12
388
7755
20
24109
29
7755
20
24109
43220
42151
199
20
3160
2
730
130
714
6
22068
12
6
7755
20
3160
388
8076
10
29
363
6
8076
10
388
20
1050
45
46279
316
2246
25
130
714
402
424
14233
6
25
20
6886
1652
6125
6886
25
20
1050
4
29
20
24109
130
29
20
6886
241
1304
2
20
10094
12
388
20
8233
130
13
1652
195
8970
16
289
630
424
4165
211
16
25864
20
38118
45
21203
45
462
7236
10
290
3306
7590
20
25864
130
13
30
424
13
12545
29
2615
312
24082
20
3027
221
45
20
10094
12
388
24082
20
26209
217
12
30
25864
3
2
20
10094
12
388
25864
20
687
130
29
32658
43777
6
1
1675
1996
12
20
24082
6
4355
16
20
24082
20
2378
12
2
20
10094
12
388
24082
292
45
26209
217
12
30
27576
30357
16
290
2158
3459
2620
20
687
130
29
847
20
2158
20
3459
12
443
24082
292
45
26209
217
12
29
6
24082
20
26209
217
12
2744
29
402
826
7446
2
6194
16
25
130
29
363
7375
397
2153
12
826
12
1499
23
2
1901
20
24082
20
2378
12
20
3547
481
12
315
707
20
1293
218
45
20
6194
12
48
2473
20
26209
217
12
130
13
402
826
1293
2
6693
25
419
402
424
20
1293
29
4308
25
20
12157
45
141
221
45
1406
25
3805
59
42
29
331
290
0
1793
6
25
3770
1190
19578
29
312
0
6
1267
20
17350
26
43
20
17350
4
59
19578
130
13303
218
45
26996
25
421
25
20
998
59
20
43005
290
3
363
42384
29
20
57389
363
40296
130
29
312
25
331
290
826
478
3
1793
6
25
3770
1190
130
13
363
6976
1652
195
290
20
24082
29
20
25864
20
3306
12
1793
9124
334
20
26209
217
12
29
25864
20
687
48
29
2473
1406
25
421
25
20
998
59
37
34670
6329
20
50213
3045
0
29
10614
3
2449
0
37
130
13
20
3045
1600
4106
20
2120
743
20
37225
130
13
312
25
554
312
3079
16
25
759
25
462
1972
7196
0
11291
0
130
29
523
292
45
2303
4
29
20
4208
4
778
12
289
20
2120
2966
12
289
20
965
130
29
419
2811
1406
3
59
33146
196
45
1538
10614
20
486
48
994
25
312
20
1868
20
5768
6
20
1881
6329
331
2357
289
686
25
947
45
141
292
45
1881
130
13
2915
289
2120
25
1881
1270
12
130
29
10614
331
2319
290
3316
16461
25
2805
20
24113
196
45
1270
12
3627
6329
20
26658
289
584
25
2120
0
29
10614
10
965
0
130
6
312
331
554
10
290
1934
292
45
553
29
1084
20
28070
29
3728
20
27180
4048
12
388
2303
12
29
4208
3627
20
1881
130
29
6
13532
10
1074
16
20
288
4
29
20
16461
130
13
1652
195
2219
16
387
13
12545
312
20
6325
6007
45
141
292
45
38118
28
12540
3
2
2610
12
20
2163
290
20
2234
20
50399
12
130
29
462
1972
424
1793
2
3549
292
45
50213
29
369
16
20
18802
12
6325
12
2
20
37225
130
29
20
6325
4208
10
29
2303
16
10
363
6329
10
130
29
52337
195
10523
2
1068
501
12
596
3805
2
20
16728
506
10523
3841
12
20
1881
2
20
16728
196
45
5054
20407
20
18802
12
2
17421
421
25
20
998
130
29
462
16396
11890
29
8724
583
1130
20
4208
221
45
534
421
25
20
998
130
29
369
20
6325
4208
20
18802
12
29
2303
16
10
29
5054
7124
3541
10
4048
45
141
368
10
30
32842
20
12850
29
5054
17395
20
28070
130
33891
25
4048
12
388
4208
947
12
20
1881
218
45
6
387
20
964
369
9020
20
3675
28
13
312
20
1154
12
306
20
4208
17943
29
4208
725
20
288
45
141
292
45
58291
12
1723
518
25
1240
36986
130
13
30
331
312
6210
20
36986
20
15483
12
10731
13
5452
20
36986
292
45
1148
12
10731
130
6
312
20
2436
12
1154
12
306
20
7479
12
13
419
17943
289
20
1838
12
130
29
312
369
45
9874
301
12
289
20
947
130
29
4308
25
20
12157
12
2
1406
25
421
25
20
998
59
713
20
18802
12
30
713
38545
1137
311
12
462
8615
289
10
1793
6568
553
12
130
13
15
16
34670
6568
847
20
553
12
7124
7590
387
42940
195
25
130
13
1652
195
2219
16
312
1348
25
9020
20
3675
28
1368
12
363
11619
1901
12
1652
195
1130
2
45
6812
45
2303
12
29
20
4208
130
29
20
2303
12
6329
20
2120
130
10614
289
20
965
48
29
2473
1406
25
421
25
20
998
59
37
15
16
3675
0
29
17421
407
20
2883
29
20
9885
37
48
13
419
2080
0
12157
45
141
1531
331
935
8
25
130
29
312
25
369
3675
0
289
20
2120
554
2309
3045
25
17421
421
25
20
998
130
6
312
25
462
719
195
3045
17421
1793
6
18807
20
13557
290
4709
16
25
130
29
363
746
754
247
16728
0
388
43258
253
30687
0
20
8154
130
13
5781
20
2108
20
46964
20
18259
20
17917
29
363
7236
405
20
1838
45
141
5072
2
312
3305
312
6
20
1881
130
713
0
965
28
965
397
8965
20
1868
29
7383
25
583
30
312
25
4934
388
947
12
20
1881
130
29
965
10
1220
20
8965
397
20
20927
48
29
20
965
20
32376
804
20
965
20
12456
20
12113
13
419
778
363
5813
12
130
13
30
424
13
12545
312
596
3805
5122
6329
0
714
2319
306
1342
20
2120
632
0
29
52337
49647
45
2120
10137
289
20
2701
20
6954
506
10137
2120
20
1868
6329
0
289
20
2701
7124
40556
45
30215
130
20998
297
20
1881
1869
12
2
508
292
947
16
10
1293
0
290
20
965
130
13
658
419
804
45
20
20
965
20
8416
130
506
312
405
20
947
12
11272
289
2701
20
1868
2
3551
12
20
5489
218
45
20
5489
7440
306
1342
20
957
406
20
957
6511
25
130
13
30
424
2120
947
12
20
13801
292
45
50399
12
11272
6329
0
289
20
2701
20
6954
130
29
52337
195
51540
200
20
2701
20
6954
290
20
5489
218
45
20
5489
7440
306
1342
20
957
130
29
20
2701
2556
12
322
1869
3958
6
13781
20
947
12
289
10
130
29
20
5489
2556
12
322
965
290
25
23202
20
947
306
20
2701
20
22787
130
13
312
599
20
5489
40732
45
5017
6
947
130
29
682
290
1037
7
312
658
10580
0
7124
6782
0
20
1190
4
289
20
2701
130
29
20
2701
419
20
593
198
200
2
847
20
947
130
406
290
1037
7
312
363
658
0
3193
28
13
20
16095
12
58270
525
289
599
20
46903
12
29
20
21793
12
419
331
935
8
29
20
3569
421
25
947
16
25
363
8305
25
130
13
21369
351
312
658
5489
596
3805
29
2701
25
38269
0
2
21108
209
25
29
745
25
130
29
402
424
306
23772
198
2
1069
25
29
50399
16
25
13
43226
322
1838
12
20
16095
12
130
406
3248
16
10
12732
9112
12
48
1682
12
545
10
2093
30
20
5489
130
29
545
10
10612
30
20
2701
130
13
312
596
3805
957
2
20
5489
130
13
1652
195
3305
16
3302
12
20
965
1093
369
3675
0
1065
195
17421
421
25
20
998
2
2811
20
965
292
45
6329
20
33668
743
20
965
20
3645
20
601
247
20
12113
130
29
20
1719
6
596
919
20
687
28
130
29
20
3177
12
29
20
998
306
1096
20
9772
28
29
13246
29
7600
25
25111
28
22449
48