44
44
26813
19252
26062
8925
8363
51020
191
59380
33522
273
25851
44
44
44
44
6204
12
20
43978
289
20
19519
44
44
12545
7008
20
3079
20
2138
130
29
20
1242
20
6516
23360
596
10394
1
289
7565
16
25
29
7996
4361
6639
198
19541
25
48
302
630
8426
20
491
28
29
20
641
28
800
12
289
7423
28827
196
45
9772
28
4269
596
421
25
166
1656
6
302
25
419
377
8794
247
16221
20
1179
130
13
402
18792
48103
323
7395
13
419
25377
306
16236
7395
25
4269
596
421
25
166
1656
59
42
13
348
1463
1
1557
9445
45
8426
20
7594
12
13
363
1265
12
6
1
336
8426
5
48
29
348
462
2139
840
1
1557
290
10
13
1457
22176
377
1677
16
25
290
2358
1
956
18368
16
25
290
972
1
377
12503
16
25
24446
43
48
446
1042
20
3079
59
402
8426
20
491
28
29
20
641
28
289
2405
4
1096
20
9772
28
6022
45
141
196
45
20
687
28
130
29
402
290
10
5713
3436
12
3663
12
48
13
290
10
387
20
1126
166
419
59
42
42
3117
12
18938
5997
3805
322
20
459
17429
25
2
331
363
2253
25
130
29
348
3744
2489
16
1053
12
290
972
25
50627
331
3045
6
25
6
4237
302
13798
421
25
13301
16
25
130
29
290
25817
20
952
28
29
462
12990
1866
45
3690
211
25
38969
1415
224
336
20
2158
43
43
48
13
405
20
8963
12
166
20
21826
12
3470
12
6
2057
20
4118
48
1827
29
1205
59
1330
20
8963
12
3516
166
20
2623
12
289
2647
10
166
20
486
2
10
6
302
7251
20
8963
45
141
397
6759
6199
20
9721
333
166
20
21749
4
10194
12
306
20
3813
48
1237
0
606
290
7328
3
16
45
39468
209
891
2358
20
2660
166
20
1621
166
20
3420
12
166
974
10
6
8945
20
1735
166
20
2738
20
17868
196
45
302
25
2150
7661
2
6057
20
2358
2536
20
957
2536
20
957
743
20
486
6
25
6
14633
250
300
25
20
957
166
5191
59
11661
687
6080
13
405
3590
12
6373
12
166
387
20
971
419
42
1181
45
141
199
21025
20
14395
12
43
166
20
28083
2
596
1111
2303
16
3
6057
20
957
2
743
12544
336
292
45
486
130
29
462
4086
24
302
20
957
658
421
3
894
12
2324
12
166
332
289
13149
12
322
1406
25
4269
5997
421
25
166
1656
59
42
42
348
5492
20
1255
9433
0
437
20
1420
12
687
363
11033
25
596
221
45
957
25
43
43
48
166
11853
20
3784
795
166
20
49399
322
2688
413
45534
8739
433
59
42
42
1130
8
302
20
687
985
386
27157
2
957
25
46
41661
2057
20
2158
290
12358
7654
25
29
1260
26
6
25
59
2635
15
16
6286
20975
57359
130
1093
43486
6574
8
2
12358
7654
1
48
1033
4976
1
331
1267
289
25
290
20
9425
29
20
449
132
13
1260
196
45
3
59
15
16
687
0
13
462
2838
595
2
1595
43
43
48
29
19050
302
545
21907
1859
20
25214
13854
25
289
4154
25
414
2459
16
25
13
433
59
331
1330
596
5187
132
433
59
15798
16
847
20
2321
4
48
29
3646
16
847
20
2556
4
48
29
1150
16
847
20
2358
48
29
3705
45
9504
217
20
3341
46
29
331
7653
8
915
34740
242
4
130
15
8
56539
10
289
6333
20
1824
48
7008
20
3079
59
3933
302
363
846
22200
0
290
20
811
6035
0
290
20
3723
29
20
6849
292
45
1731
12
20
1682
12
130
29
29990
7437
0
302
20
957
2
2536
25
363
4518
4036
1
437
20
1420
45
141
218
45
8429
6
1
387
2
1934
3191
130
38143
16
1252
302
1486
0
10274
20
1088
1519
419
5735
16203
2888
224
12
29
315
25
761
12
15345
3946
12
29
4833
209
29
11795
289
2303
12
20
2684
12
130
29
416
14582
2
10
1111
51989
225
25
2612
3459
1081
4884
322
25
405
292
45
2127
12
2
2536
10
290
449
20
2612
3125
0
130
2838
306
7437
3663
2
302
10
363
11693
322
45
3690
209
222
0
583
10196
10
956
5078
290
10
130
13
30
424
1252
302
736
0
957
1365
12
936
2419
45
141
218
45
462
1912
2
826
12
130
13
2838
3305
302
387
20
957
363
5713
25
3436
12
331
48
29
1023
34125
6
45
990
5094
0
641
13
4667
59
1252
302
736
0
2
25
1570
29
2861
290
20
3558
12
29
20
8243
29
957
29603
0
682
315
25
1910
302
6727
25
289
2345
20
3796
2987
303
29
523
25
462
5285
25
130
13
48922
45
957
682
2
8456
289
20
6727
29
363
4830
6
9351
307
583
1912
2
25
59
1252
35125
936
5
21870
12110
462
1768
6
18284
34379
0
985
462
18210
246
45
12545
302
25
363
5713
1
3927
12
6057
20
957
29
1127
20
1528
331
462
2179
48
1827
29
1205
59
348
462
1768
4631
0
8112
0
6
2658
12
20
4267
1735
29
1909
2
20
486
20
1191
39796
451
840
1
2658
16
25
48
29
21834
20
2909
290
20
3424
59
123
29
302
682
6
20
1310
915
331
7556
125
42
20
2101
59
4527
43
48
1827
29
1205
59
348
24035
16
302
405
20
3494
12
28897
12
13
2635
2353
289
1406
25
3805
289
3494
45
291
40165
247
59
123
13
290
369
22122
1019
919
25
7726
21409
486
0
1191
0
125
42
20
16214
59
7993
43
48
29
289
1406
25
59
123
4159
2
331
369
24
1912
26
125
42
20
1169
12
59
2070
43
48
29
289
1406
25
59
123
52683
196
2563
219
3949
24
29
486
24
20
1191
4
369
16
6
3
8341
16
20
14305
5085
0
42
11624
43
1416
45
10204
10
125
42
20
16214
59
11624
130
10670
43
48
29
289
1406
25
59
123
915
290
10755
29
3949
29
486
1191
0
125
42
20
25839
59
3328
43
48
29
2635
2353
289
1126
59
37
2042
20
1741
306
1240
59
2232
45
141
897
363
4267
915
596
29
302
534
0
3875
596
130
29
1567
20
3177
12
130
29
20978
276
20
7789
12
130
29
4248
2490
130
29
894
20
1555
290
3107
840
25
2333
0
37
48
29
289
1126
59
37
20
3536
250
1551
2
20
4950
130
29
7945
2
20
16217
130
29
486
2
20
4330
37
48
29
20
11218
306
302
998
45
141
292
45
459
2
20
486
730
12
363
1992
29
363
17268
48
13
348
2130
6
1
290
30
17967
302
20
459
3618
292
45
546
12
2
486
25
363
2
1621
596
29
2658
16
25
13
331
2628
16
30
17967
36
29
29990
302
5
363
3871
424
130
406
3871
348
20
459
3618
20
546
12
2
1621
596
29
4031
45
419
45
2658
16
25
130
539
302
2658
12
596
3805
363
2095
336
20
459
915
985
369
4631
0
6
45
21883
45
8112
0
6
302
658
1759
0
6
10
130
29
363
658
1198
915
2
13559
20
10304
4
29
28899
292
45
21749
4
29
8598
12
20
7565
4
29
20
2163
29
20
7852
289
20
486
506
3882
840
25
1406
45
5914
4372
247
59
123
348
2658
16
596
1908
290
20
4108
28
125
42
20
9664
59
5020
43
48
527
7274
10458
247
2
2163
2658
16
25
290
20
4108
28
130
29
416
433
4269
596
421
25
29
1656
59
37
20
8923
2838
21980
596
11627
1
5591
25
37
130
13
419
5713
414
2658
16
25
290
539
20
4108
28
48
13
348
462
1768
948
1826
228
0
6
2658
16
25
306
20
1112
20
3879
363
2095
840
1
2658
16
25
130
29
985
462
2095
840
45
617
4449
16
25
363
1786
20
546
12
130
13
348
433
578
348
20
459
3618
20
546
12
2
2536
20
3536
48
1457
8
59
3047
48
29
523
583
209
16889
2623
12
20
1842
4
335
363
8072
10
915
1191
4
20
811
1111
363
2139
20
459
250
300
10
915
2
20
5325
306
20
27960
130
29
331
13681
0
421
25
915
306
947
12
13681
0
306
292
45
27960
20
4226
289
405
20
1881
130
29
331
3429
20
1255
289
20
1926
12
29
20
8905
915
221
45
3429
3
1600
289
20
1932
12
336
20
7565
12
29
20
6343
322
10
130
13
290
4992
1600
2444
3023
389
130
29
290
23186
1600
3589
16
2
25
822
25
674
130
506
302
4323
8
290
6209
20
3675
4269
5997
421
25
29
10376
29
1656
658
2
971
37622
242
8
290
20
4317
12
20
15548
12
130
29
985
13
2811
485
1571
20
546
12
2
1621
596
302
10789
1
6
1191
20
486
2
1621
25
6
846
1191
45
7124
45
12063
209
222
0
6
2658
16
25
29
1621
25
30116
217
20
546
12
48
1827
29
1205
59
12545
7437
0
302
1
348
462
2179
462
4822
2782
12
20
486
48
29
19050
302
459
0
290
2042
1298
459
596
6516
0
501
28
1051
12
13
3974
20
37779
35673
45
4054
302
3499
7852
25
6
20
13030
12
130
13
2449
596
880
0
11903
25
302
596
3805
1260
59
336
4443
3388
387
20
3271
29
26831
686
1
289
20
5058
12
130
29
2838
290
2057
20
2158
132
13
7274
25
20
880
2
331
433
25
20
9353
48
13
433
20
459
289
6520
25
59
1412
459
130
29
1104
292
45
459
20
11609
12
48
29
419
4267
130
29
1104
20
37087
12
363
4086
25
915
419
48
13
8850
20
880
29668
919
25
29
433
59
9022
2838
3305
20
964
29
25400
29
3305
331
433
25
459
1
130
13
433
596
10458
247
59
985
369
387
20
459
315
2861
25
462
5901
322
0
130
13
1562
23488
322
25
315
4031
8
132
36
48
48
39698
24
1827
13030
16
5
302
5
22680
16
6
25
48
1827
29
1205
59
10154
1126
20
3675
4269
596
421
25
29
1656
2635
1260
59
37
5459
24
2777
45
990
1072
302
20192
24
130
3790
24
554
302
43245
219
24
37
48
29
433
598
20
4940
28
421
4031
5997
1112
25
59
37
290
5828
302
25
2
743
20
2862
2139
336
20
546
12
13
419
19819
48
29
290
5828
302
45
3192
45
3777
20
2862
2139
13
419
2111
219
37
48
29
433
20
1195
20
6429
2658
25
596
3805
59
37
891
292
45
546
12
2
363
486
8630
290
20
17031
37
48
29
289
20
1126
20
11848
59
37
331
1455
13309
8139
3404
242
289
546
16
5
2
539
486
130
1562
19496
2
2658
16
5
306
290
21851
2
7565
16
5
132
36
37
29
433
578
292
45
21907
59
37
20
1838
12
780
3500
12
20
486
130
363
780
20
486
37
48
29
289
1126
20
2535
451
247
596
421
25
29
10376
29
1656
5505
29
4536
29
1106
290
20
402
130
527
433
59
37
20
8298
478
5551
686
25
29
486
6
331
414
20
2793
130
29
20
23760
290
21368
686
25
7711
10
29
6475
306
5997
37
48
1827
29
1205
59
730
0
331
25143
16
20
8991
2
4540
20
957
29
20
12769
12
29
363
8474
331
292
45
18199
6
1
306
424
48
348
369
4347
1
20
4118
29
4895
13767
10
29
6057
20
5554
218
45
20
38578
12
306
13355
1
29
5913
1
130
13
5630
6
1
714
5630
6
1
48
29
348
369
4347
1
6086
292
45
4317
12
29
20
986
20
17162
29
16358
20
5568
130
13
34004
6
1
714
34004
6
1
130
29
1674
4375
478
433
59
6573
20
4170
6
539
1112
1
7765
29
33847
252
27
6
539
1093
1
7339
218
45
433
3875
596
4269
596
421
25
29
10376
29
1656
59
37
2445
331
3613
16
13
348
1
5351
130
29
15044
23666
16
13
348
1
7988
25
130
29
28532
331
3613
16
13
348
1
21759
5
2
25
37
48
331
3436
16
1
289
6057
957
292
45
2288
29
20
1901
29
20
1388
29
20
11911
29
20
12702
29
20
3052
29
20
974
29
20
8145
29
539
10
132
36
331
1677
16
539
19041
972
1
289
20
13149
12
322
4799
596
29
4511
16
25
29
971
25
130
4849
45
7405
16
289
13921
3519
421
25
20
998
59
348
20
459
985
5099
29
782
289
5123
25
6642
45
6812
487
3805
2
686
25
952
28
2006
0
59
37
22356
416
18881
16
8691
20
3045
501
28
130
1081
245
450
16
8691
5
1053
12
132
37
48
1827
29
1205
59
402
437
25107
289
1950
1
29
348
462
9419
48
48
42
331
8531
2
13193
29
2838
17483
221
45
3019
132
36
43
1827
29
1205
59
20
957
2
539
486
15698
130
29
20
957
2
539
957
2289
130
6
302
20
957
348
17751
5467
228
217
20
437
322
20
23323
29
462
13515
217
38140
0
462
52316
217
1803
0
290
2158
19164
130
13
348
462
2179
20
437
29
462
47937
331
4585
1
290
20
1114
20
747
12
130
1803
0
289
20
1420
45
141
21158
304
59
123
13
15539
8
5703
1191
0
125
42
20
21529
12
59
1228
43
48
32128
6
1
59
7008
20
23760
5400
12970
16
290
10
13
1562
8960
840
10
132
36
48
1827
29
1205
59
21436
12
20
1682
12
302
3000
2108
1
289
20
7565
4
554
6726
2108
1
290
20
4122
221
45
20
2793
130
6
302
20
4118
1770
16
1
336
302
2095
336
20
9742
130
29
1807
20
4008
801
397
2964
20
9742
3615
17229
289
402
2478
12
336
302
2095
840
3
130
13
20
2721
290
2838
21025
2
539
3139
48
433
20
2599
20
1157
59
37
20
11007
9341
20
5116
347
5340
374
20
27081
37
48
13
6183
289
686
1
290
446
7
2838
48
13
348
15
16
290
20
5116
1859
20
30085
2934
45
21809
17071
59
123
15539
5
336
16206
8932
12
6502
12
125
42
20
3641
59
2539
43
48
6007
6
14639
2
1204
58807
295
130
29
348
15
16
290
20
27081
183
29
20
28083
2
596
183
15
16
3673
433
596
289
3
59
123
5497
30
20
25129
406
332
19113
125
42
20
9664
59
13007
43
48
29
29990
7437
0
302
1
15656
8486
16
9739
16
1
289
4988
12
336
11662
12
48
906
302
20
1195
20
6429
14396
437
0
29
369
2168
20
566
13
12970
6
25
2
20050
290
20
2883
292
45
5258
13
2026
344
25
2
745
25
29
12417
2
8641
12
1569
25
19435
13585
12
3459
12
29
1866
29555
0
421
25
130
13
1814
20
20050
290
745
25
48
13
2026
22761
5781
6
25
59
331
377
1677
6
1
132
433
59
935
16
3494
45
141
26270
20
2158
997
2086
26
2057
20
546
12
59
123
302
10212
269
24
421
8
290
20
2883
125
42
20
9664
59
2021
43
1827
29
1205
59
348
369
4976
1
20
957
20
2536
29
462
25953
336
20
486
13
2635
2353
34832
307
59
1081
290
6066
132
1081
290
21560
132
1081
290
3530
31761
132
48
48
6
302
25
2855
289
3243
6942
14069
12
302
25
985
5615
1520
20
1824
29
20
1255
27783
13939
20
9353
6793
25
29
3805
2
686
25
59
37
1081
290
21560
132
1081
290
6066
132
1081
290
396
31761
132
37
130
29
6
424
2250
20
1420
218
45
20
29839
2
20
365
26546
2122
0
48
433
3805
59
123
369
24
1890
0
290
20
1824
1860
2769
12898
42
1750
43
29
2
20
365
26546
332
5313
31761
313
125
42
20
6210
299
4
59
1750
130
1478
43
5781
59
348
1581
12
290
20
11679
12
6903
596
322
3
369
24
10927
28
1069
437
407
745
45
14359
45
3675
4269
596
421
25
29
10376
29
1656
13
935
24
459
596
413
972
413
20
2264
2
1866
130
13
433
4269
596
421
25
29
10376
29
1656
59
37
3047
20
1486
130
1252
19931
20
1824
37
48
29
3800
45
29172
3875
596
4269
596
421
25
29
10376
29
1656
6
578
20
11679
12
59
37
363
12774
20
4154
221
45
20
1824
130
13
348
3927
12
20
4154
2
20
1824
17226
1242
10
13
9709
0
437
20
1420
12
37
48
1827
29
1205
59
1406
25
3805
59
123
29
290
20
1824
13
43388
2
25
22577
12
6
1
125
42
20
19392
59
6586
43
681
48
123
29
2
20
365
26546
332
56075
313
125
2271
48
123
29
20
396
31761
28
2
20
365
26546
125
935
48
1260
20
3675
4269
596
421
25
29
10376
29
1656
59
37
662
12
2839
5329
10
596
3805
59
1965
20
7286
130
29
1965
377
7405
20
3424
130
29
1965
20
396
31761
28
2
20
365
26546
37
48
29
1260
4491
1227
20
5303
2658
25
596
59
348
6
596
3805
7654
0
17372
739
20
365
26546
130
2196
292
45
34806
29
20
29839
336
20
880
20
8313
48
29
3800
0
6
25
59
985
369
491
20
1824
130
2770
22193
290
999
20
8233
59
37
3068
6
13274
20
6199
26
37
53147
13
2139
26
331
5523
5997
130
714
13939
22193
289
7764
20
1824
59
37
3068
6
13274
20
769
210
26
37
53147
13
2139
45
384
29668
20
6584
130
13
985
369
20
6584
13939
22193
59
37
3068
6
13274
20
396
31761
26
37
53147
46937
31761
313
130
13
985
5726
20
3641
2770
22193
59
37
3068
6
13274
20
17673
26
37
53147
290
199
515
200
16
3
30
20
12115
1197
24
290
13099
3
48
1827
29
1205
59
2855
289
18847
22688
302
25
433
6
1487
25
59
37
1827
2042
130
363
658
9
20
7286
225
32901
290
1
130
13939
2
20
365
26546
29
2838
11206
37
48
29
331
5764
29
6108
198
290
1406
20
1856
997
1347
59
1674
11785
16
289
7687
1824
5355
12
306
42334
29
1600
29
348
5
11206
217
3971
16
183
29
1555
596
183
1252
15
16
10011
0
6
331
2376
5664
2
20
9356
20
33373
218
45
28199
302
5
25942
5452
40926
12
6
10113
29
363
25880
29
16603
20
36819
4198
29
1205
59
42
6204
12
20
8963
12
43
302
3305
1838
12
20
7565
12
29
20
5058
12
331
443
132
20
5058
45
141
910
1672
12
20
2038
4269
596
421
25
29
10376
29
1656
289
20
5589
29
20
36547
130
13
348
1330
45
6286
0
29
4334
16
2
10304
2
25
13
682
2
5058
12
130
29
348
369
424
20
1330
289
947
12
20
5058
12
130
406
416
658
10997
0
29
348
369
37638
29
3177
12
48
3068
3489
302
25
985
6301
736
437
292
45
1988
28
29
1114
20
35008
658
11941
0
132
36
29
348
369
331
1330
25
289
947
12
20
5058
45
141
196
45
302
25
462
6094
2
25
130
29
6354
290
4269
289
20
4601
20
19299
12
347
289
20
17236
20
27347
434
45
141
15442
313
17310
0
48
29
29990
302
25
985
21437
736
315
6902
25
13
348
25
17698
29
348
369
424
289
947
12
1502
130
6
7365
640
20
1502
10304
2
25
130
29
8242
0
2250
1190
0
302
20
5058
12
20
1872
12
443
13559
292
45
681
363
2536
20
3177
12
29
20
4248
130
6
302
20
3177
12
29
20
4248
363
658
23
5058
12
915
985
2828
10304
0
2
7
48
1827
29
1205
59
13
6
1972
630
3723
1
29
5906
1
10304
0
2
25
1940
0
6
20
4317
12
130
6
302
55242
45
486
20
11291
4
2
539
7079
20
2535
4269
596
421
25
29
10376
29
1656
16998
12
29
804
196
45
20
414
322
596
3805
130
29
6
387
2954
20
2535
4269
596
421
25
29
10376
29
1656
20
811
292
45
778
12
130
13
363
2524
4950
1
2
1179
12
846
539
10304
2
10
48
29
15
31975
0
302
718
5997
3805
363
4607
302
2095
840
25
2
539
331
462
56527
211
2
25
130
29
363
2095
840
25
3800
45
2867
45
20
20265
4
29
20
24216
4
20
7509
12
11272
0
130
406
363
2095
336
387
20
718
915
2
1891
292
45
9721
29
20
13737
12
29
9196
20
686
2
3815
20
6348
4
363
2
11884
4
20
20265
4
29
20
24216
4
130
13
348
4250
16
20
1361
12247
293
0
290
1
2
331
13374
25
290
20
2288
20
10590
29
8154
20
1114
218
45
20
4601
29
3177
41216
20
4950
315
7489
20
1950
2
20
13737
4
29
20
13149
12
369
424
3117
12
306
292
45
18786
29
20
45372
130
29
985
462
29245
20
9721
29
20
686
2
20
6348
4
130
29
18284
10
37666
196
45
4731
462
1972
20
1950
418
0
25314
20
1996
12
48
1827
29
1205
59
4738
16
3338
12
545
10
363
51423
2
20
1406
29
363
2
20
1058
12
6
302
25
39162
130
29
4366
369
39162
0
363
51423
2
20
1406
29
363
2
20
1058
12
13
363
3305
25
915
985
1463
16
840
25
130
29
331
713
1
289
424
915
30
713
290
6908
20
14226
12
347
20
5936
12
713
0
29
3974
302
4976
45
3192
45
2536
20
1406
29
20
1058
12
13
363
5122
20
5375
12
48
1827
29
1205
59
348
1528
45947
6
578
2219
12509
12
20
1581
130
6642
25
322
12509
12
20
1581
48
1528
250
300
25
289
6520
25
59
348
387
39162
363
2275
25
915
985
1463
16
840
25
130
29
915
13
363
51423
221
45
20
1406
29
20
1058
12
48
1827
29
1205
59
545
3338
16
1
290
387
20
3806
48
29
1033
20
971
377
51423
2
20
1406
218
45
20
1058
12
1093
407
16
25
289
1058
8
42
6086
20
2358
43
29
539
25
290
20
43978
4324
570
223
3023
389
130
29
1033
1600
13
331
1457
8
306
718
12
20
2321
12
59
29
34037
3269
1166
306
17130
6639
198
20
584
1909
29
4054
48
13
12545
59
302
491
331
1166
421
25
130
20
5138
20
1527
20
6035
290
20
12722
48
20
632
59
20
8001
12
20
38379
2
302
363
5901
336
20
3589
4
48
20
1091
59
11528
20
5645
307
583
363
3040
421
25
584
20
11291
48
20
1604
59
6057
957
20
4317
12
2
971
331
1912
2
5589
596
29
4223
322
36547
25
130
29
4254
2987
421
25
290
957
20
4317
12
2443
424
130
29
1033
539
957
20
4317
12
52661
7952
302
9352
292
45
971
377
2
25
6204
25
29
6122
16
25
130
29
387
20
2288
658
1190
0
6
1
48
6460
4695
45
141
2937
16
322
20
9358
29
443
302
20
22117
2658
25
596
433
59
348
5
797
16
32133
1967
130
29
6025
16
421
3
952
12
1879
1126
130
29
3539
16
290
10
1126
0
826
0
29
486
16
2
25
29
780
45
12144
45
3701
130
4849
5
6183
16
289
387
20
1126
20
826
13
1548
16
289
25
6204
5
29
6122
16
5
130
29
3800
45
678
21744
16
302
957
20
491
28
29
20
641
28
28043
289
25
130
29
419
1406
25
4269
596
421
25
29
10376
218
45
1656
59
37
8957
6
4118
1
2
971
3770
1
289
10
130
29
28532
6
641
16
1
2
971
10394
1
289
10
130
29
28532
6
596
2
971
1265
16
1
840
25
130
29
28532
6
20
2158
2
971
4730
1
421
10
37
48
1827
29
1205
59
290
387
20
1126
957
6
1
302
1
363
3190
6
20
957
20
730
130
29
6057
3927
45
141
292
45
957
290
24183
20
7479
12
363
290
24183
20
12653
130
29
6183
405
20
4695
12
583
846
6713
4850
219
0
48
2855
897
7688
0
20
20266
369
290
12790
12
5582
20
45078
2658
12
596
421
7
130
13
433
5582
640
210
437
59
1827
7688
990
501
12
2838
289
7600
16
5
132
433
59
662
0
29
662
28
501
12
48
13
433
59
331
377
1677
16
25
290
20
2358
29
14
3436
12
2104
16
290
5
132
433
59
4712
16
306
6101
6937
864
48
433
5582
59
348
0
6
596
29
348
0
840
25
7836
26
130
1827
7688
1412
2147
16
4555
315
45
25791
1043
1
130
29
2838
331
4712
16
290
5
2443
306
405
20
5006
36
13
433
7688
59
42559
8366
2563
130
348
891
16
290
5
20
4375
13
331
4712
16
306
539
377
1457
16
25
130
29
462
12345
6057
1304
10
131
4849
5
21638
16
302
5
363
14390
451
306
6204
5
29
6122
16
5
289
20
1881
28
915
2
405
292
45
2904
12
130
29
348
331
6408
10
396
7363
322
25
2
10
48
433
5582
59
1457
848
331
405
20
5006
292
45
2904
12
132
13
433
59
20
1012
59
1008
16
289
20
11291
4
29
1548
16
402
826
290
3
4271
10194
0
130
13
20
545
1895
2023
20
2967
336
1570
20
2793
29
20
545
336
1900
20
5123
130
29
414
424
13949
5518
29
5901
45
384
218
45
363
3618
26
315
25
20
5123
130
29
6183
16
6
6491
10194
0
658
848
3710
0
29
11737
0
40556
45
5123
13
331
2211
16
2443
20
486
20
1191
130
13
6
387
3539
16
25
29
1968
16
25
10194
0
6
658
477
4850
0
29
32517
0
289
20
5123
48
13
433
5582
59
5505
16
1827
7688
48
20
632
12
59
1008
16
289
20
11291
4
13
1548
16
20
402
6899
20
686
29
20
9721
130
29
6183
16
1406
45
5914
4372
247
59
123
29
1033
290
17644
3770
919
25
29
13567
20
686
322
20
9721
42
2379
43
13
348
20
546
12
57985
45
12908
125
42
20
37732
4
59
2379
130
4483
43
48
13
957
16
7437
0
302
20
3424
584
130
29
11977
16
20
686
292
45
20209
12
2
20
3467
130
29
2605
16
20
562
12
289
20
6348
4
130
29
331
8607
16
10
18780
10
29
4704
45
298
47870
247
41829
16
999
7565
12
20
584
48
433
5582
59
7056
596
289
1
48
20
1091
12
59
1008
16
336
387
20
3045
130
13
1548
16
402
826
3373
29
21958
289
6057
1557
37253
296
20
4118
130
29
331
4712
24
421
25
2444
1302
29
2756
24
2
25
6
5828
3
302
3
4712
24
306
1557
130
714
1008
16
289
1406
25
3805
59
123
331
606
14
25663
29
331
606
596
4047
125
42
20
9463
59
6129
43
48
13
331
1677
16
25
29
1127
16
25
289
501
28
130
12400
16
2
25
306
20
5710
29
1968
16
25
25064
606
5997
6
658
848
606
25
3701
0
29
3139
0
13785
0
33970
403
316
48
433
5582
59
5505
16
48
20
1604
12
59
348
5
1008
16
289
387
20
687
13
1548
16
4008
0
10006
26
302
2738
20
1310
29
1735
45
3192
45
3927
12
20
6465
29
20
11419
29
19722
26
2
10
48
29
4008
0
10006
26
302
2738
20
1310
218
45
18185
25
2
3927
12
20
2128
29
20
4098
13
31394
24
2
10
130
29
545
3
10006
26
302
20
26633
45
20
2738
2
20
3474
29
20
496
29
20
1934
29
15155
20
4662
13
31394
24
2
424
130
29
1008
16
289
1406
45
5914
4372
247
59
123
348
8508
14
606
596
51434
14
125
42
20
4297
4
59
1586
43
13
957
16
302
20
3424
1659
130
29
302
24118
20
3045
3087
130
13
3539
16
20
11465
583
6396
606
596
290
20
3313
28
48
433
5582
59
5505
16
48
20
1931
12
59
1008
16
336
387
20
3045
130
13
1548
16
4008
0
45621
29
20001
545
3
545
0
2
804
2023
20
1281
29
20
3221
130
29
348
5
1008
16
336
1406
25
3805
59
123
1267
1636
8
407
3
4460
16
45
332
397
20
913
12
20
4118
125
42
20
17057
59
3236
43
48
29
348
5
957
16
302
405
20
1636
12
3490
12
40556
45
18888
363
1855
6
578
289
10
130
13
331
14733
16
578
0
414
130
29
6903
16
2
1636
12
20
37779
10458
247
29
28206
16
315
2057
20
4118
48
433
5582
59
5505
16
48
20
2436
12
59
1008
16
336
387
20
687
13
1548
16
545
3
32149
545
0
2
804
5874
24078
45
141
218
45
34464
18639
12
130
29
1008
16
289
1406
25
3805
59
123
348
20
8926
6
14
3127
4585
1364
1302
36090
0
125
42
56471
59
55
43
48
29
957
16
302
20
3424
584
130
29
302
539
20
8926
29
6040
25
17842
313
3127
0
13
3469
16
20
8926
14771
29
462
54209
25
289
681
331
130
29
35118
16
681
596
10458
247
29
16804
16
4511
16
25
29
462
5273
578
0
290
3045
25
130
29
957
16
302
20
27960
20
12111
29037
304
25
3805
59
123
1110
432
445
840
14
1827
2042
8590
3068
23389
24
20
8926
348
25
6
14
3127
2822
219
42
2880
43
29
302
36338
3893
209
387
27960
12111
125
42
818
59
2880
130
5480
43
48
433
5582
59
5505
16
1827
7688
48
20
1953
12
59
1008
16
289
387
20
687
13
1548
16
402
826
11196
2303
12
2862
25
29
416
31744
686
45
39468
209
6057
20
10327
130
29
2
804
424
416
1814
24
289
20
5680
29
20
3185
4
130
29
1008
16
289
1406
45
5914
4372
247
59
123
29
331
290
18544
12
289
20
1155
915
306
596
5548
10
125
42
15020
59
55
43
48
29
29037
304
25
3805
59
123
29
302
682
6
20
1310
915
331
7556
125
42
20
2101
59
4527
43
48
13
957
16
302
5
578
292
45
27081
289
20
1155
130
29
302
5548
5
4621
290
25
3805
130
29
302
5
4129
2
20
3271
289
891
292
45
641
12
13
14979
16
2
20
9056
48
433
5582
59
5505
16
48
20
2586
12
59
1008
16
336
387
20
3045
13
1548
16
545
10
4010
306
1281
25
29
880
25
130
29
545
45
48972
1686
306
5372
16
25
29
1409
16
25
130
29
545
0
4010
306
11291
713
25
130
29
6183
16
289
1406
45
5914
4372
247
59
123
29
290
4602
499
306
596
13
419
1068
25
125
42
20
6154
59
52
43
48
13
15501
16
306
596
10458
247
29
419
1068
5
29
3047
20
2549
48
433
5582
59
5505
16
1827
7688
130
1342
1
596
3805
130
348
5
1008
16
289
20
15603
12
29
20
13921
29
20
5343
311
29
20
25839
13
2211
16
331
289
20
1528
292
45
952
12
363
4235
322
405
20
5006
20
2904
12
130
29
377
1912
2
10
30
302
25
1912
2
15019
20
1528
20
952
12
48
29
2
405
20
4695
12
2250
1190
0
6
1
302
1
363
3190
336
3927
45
141
292
45
957
130
29
1023
14505
242
1100
336
331
1267
289
25
29
9913
6
1
988
1166
289
584
19570
718
20
584
48
20
1931
59
302
658
6
25
4912
29
14213
6
5553
25
306
20
718
29
4930
322
25
20
5568
292
45
30820
12
130
29
3633
1204
10
20
5568
20
1834
12
48
29
2811
20
1704
12
302
658
20
10582
217
45
20
3383
377
28652
20
5585
130
13
4366
2699
4297
0
347
5724
0
9604
0
2
20
5585
5387
45
419
45
2015
25
1220
0
130
29
33334
20
5585
5936
0
336
302
11890
29
42043
130
6
658
5505
15547
297
25
130
29
985
957
16
302
20
5585
6690
336
20
10582
130
957
16
302
25
3146
196
45
20
19570
290
4912
14213
20
5375
12
130
6
302
596
3805
3835
20
13190
421
3
20
3177
45
141
218
45
20
998
6
20
3045
6
658
24
2909
0
6
3
21047
2263
10402
336
20
718
20
12111
48
29
9800
21015
20
2535
421
25
20
3177
12
29
20
998
336
20
1881
20
641
12
416
1968
20
17104
292
45
21714
1830
0
322
25
6
5553
24
20
3045
336
718
596
130
29
3297
336
437
20
1420
12
130
13
20
19570
363
26204
322
20
4912
20
5375
12
48
29
1037
20
4912
302
658
687
0
130
523
682
402
687
9974
6
20
4787
130
406
3146
12168
485
687
0
6
25
1705
12
1409
12
20
4787
130
29
6
387
20
4912
3117
4
29
1267
9913
6
1
1281
2533
6
25
290
10
2
718
20
14725
583
363
9525
20
4787
402
2428
297
48
13
20
4912
419
377
658
416
2568
290
5762
25
1490
20
1281
29
20
3221
29
6879
12850
1704
16
45
165
17582
745
4912
1198
130
29
15589
583
4389
20
2890
12
336
20
3675
4269
596
421
25
29
10376
218
45
1656
130
29
21222
545
20
902
4
30
1457
12
20
5648
29
20
2288
29
20
4154
130
29
3927
12
20
3177
45
141
218
45
20
4375
12
29
20
4248
130
29
30357
16090
290
12718
1096
8
534
4269
596
421
25
29
10376
218
45
1656
130
29
8684
2
20
1815
12
20
1195
12
29
20
5568
20
1834
12
290
4730
29
2271
29
15501
29
7437
218
45
10696
12
29
16762
29
4888
12
29
2014
12
29
3609
29
9606
29
1996
12
29
4375
29
25061
29
13309
29
14548
218
45
30914
29
5913
10
130
29
26612
290
20
5568
20
46386
12
30
20
8249
29
20
21851
29
20
14733
29
20
10002
218
45
20
2269
29
20
1876
20
1558
29
20
27414
29
974
10
130
29
1656
290
9299
20
15295
28
130
29
29805
322
29603
20
4129
28
2
20
957
20
33084
322
3875
596
4269
596
421
25
29
10376
29
1656
130
13
20
18837
2
713
387
20
4912
419
1357
20
8946
130
29
20
8527
2
713
25
3995
4018
41101
640
20
4770
130
13
348
25
3927
289
25
290
9525
20
4787
29
419
289
20
1838
12
4096
20
1255
336
292
45
18763
29
20
28747
130
406
10806
730
290
20
21959
28
20
4787
2
2054
12
20
4317
12
130
29
2
804
44934
12
1807
20
12325
28
12500
20
4912
26
20
1872
26
289
4330
20
10095
130
29
2
33227
8
25
957
545
3117
4
20
4912
20
1872
130
583
302
25
290
2211
9621
0
2
10
957
897
25
290
20
4912
28
130
29
290
462
1972
9621
0
2
10
957
302
25
290
20
12325
28
130
13
348
4712
51283
306
713
387
20
4912
29
554
25
20
4912
29
1627
421
25
2706
25
2560
0
29
5762
0
48
13
20
2706
20
10039
3068
20446
25
29
363
11380
421
25
29
363
4824
20
894
12
421
25
289
33731
220
1521
12
935
10
48
29
348
2615
3087
25
130
29
302
363
3499
686
25
870
20
4912
2
12380
20
10963
45
141
250
454
302
658
3784
0
130
13
985
14210
290
20
3177
12
780
20
10963
12
48541
0
315
25
130
29
302
10804
44811
730
0
289
2234
16
25
130
29
302
4670
402
331
681
25
2
25
971
3107
16
25
130
29
302
25747
1280
6
25
29
363
6
539
25
6
302
25
4257
130
29
302
23210
289
13559
681
25
29
1252
369
2560
25
31544
311
12
22182
12
48
29
20
2706
20
15318
302
402
331
1656
25
6
25
289
20
2560
363
11380
25
289
20
5762
29
915
369
50997
1503
0
130
13
348
462
5122
306
424
780
7600
16
25
583
658
289
5762
25
1940
0
6
331
289
1401
25
6
302
25
363
3436
12
289
20
7600
12
315
20
11475
130
406
1963
846
804
0
289
17487
25
48
20
2436
59
2054
12
1125
12
20
686
29
387
363
37738
915
2
780
1464
307
20
3467
6
20403
322
45
12786
3000
8926
20
937
29
20
546
29
5905
322
25
20
5386
4
20
18639
12
48
20
1953
59
302
10395
630
3723
20
5710
130
6
302
2335
387
20
718
4925
20
1950
1732
221
20
4118
130
13
985
462
47658
630
3723
20
5710
130
2211
16
289
1950
1
20
1801
292
45
17868
12
13
1457
302
4607
306
20
6204
290
1490
10
851
1
20
1801
658
804
0
6
4925
292
45
1950
290
1490
20
4118
130
29
363
37738
6
1
387
20
780
915
2
424
20
1855
130
29
405
292
45
2131
12
2781
12
306
19570
718
596
48
29
4738
16
3800
0
331
419
20
19519
132
13
12545
302
20
19519
3125
23
289
20
4375
315
596
3805
218
45
1195
20
2982
12
315
20
1255
130
13
402
290
4375
315
596
29
5505
2982
12
20
3045
13
419
7509
130
29
20
4375
315
596
3805
419
302
53480
20
459
9196
686
25
6
681
25
3805
130
29
1195
292
45
2982
12
315
20
3045
419
302
363
6030
5149
25
306
5149
3
331
4838
5149
3
1940
45
20
20
4731
130
6
302
402
290
6903
2
2054
12
20
4731
347
11977
25
363
658
14923
29
348
10806
292
45
19519
658
21028
0
48
29
4738
16
331
443
20
11609
12
132
13
12545
302
20
11609
12
443
2556
12
322
5074
1235
20
459
54408
45
584
3805
2
363
3755
20
539
130
406
315
20
14813
322
402
331
6408
25
29
443
363
35565
915
221
45
662
12
4221
59
20
491
59
20
5443
6
681
20
2038
48
20
632
59
20
3934
2
20
1646
29
20
971
29
1636
12
596
3805
48
20
1091
59
780
891
1855
686
1
29
2756
1
2
1855
596
3805
6
1
48
29
4738
16
331
419
20
15501
132
13
12545
302
20
15501
302
19914
2
331
3601
2
25
596
26163
0
5821
16811
25
20
3458
2885
3927
16
29
17748
16
48
2253
302
658
6
1
2309
20
7437
2
302
402
16717
492
6
1
2139
840
1
29
348
5836
2057
20
4118
16112
595
1302
322
1
130
29
402
331
462
14188
6
1
41241
451
840
1
29
348
4742
1
2057
20
4118
48
29
1198
4738
16
331
419
20
7852
132
13
12545
302
20
7852
419
302
846
5814
1
402
10
1923
45
141
196
45
596
3805
2
527
363
658
289
1950
1
12544
6
1557
290
20
3045
997
20
486
29
363
414
25
130
30
302
8459
3013
2886
20
7565
12
421
1
290
2066
20
1112
29
3013
2886
20
25383
289
2676
16
1
48
29
290
3117
4
7852
1
302
363
22551
2
11665
20
3045
421
1
29
363
25110
2
5711
3
6
1
130
6073
25614
606
1
20
681
23
130
29
29990
302
20
28104
29199
290
4511
12
20
3045
606
1
13
1620
25
16814
247
20
3045
25541
0
6
971
12
596
130
29
15984
302
20
1255
713
20
31450
4
363
971
12
29
33400
301
12
6
3
13
363
5122
26
302
13692
24
840
1
7653
0
29
363
1014
195
130
13
985
1330
16
424
7801
45
13920
387
20
1570
130
29
915
13
331
958
16
17762
302
20
3045
2188
26
29
17130
26
363
6506
322
45
8142
45
28104
48
1827
29
1205
59
1033
2084
12
3338
16
1
13
545
10
20666
289
17059
4324
570
223
674
130
29
545
10
22836
52738
1058
16
25
130
523
985
486
16
2
331
957
16
5532
6
1
1838
16
25
48
1827
29
1205
59
985
40349
421
1
1557
414
387
13
363
33845
915
2
4950
20
637
48
58117
4372
247
59
123
29
1252
302
3
4730
24
583
3716
840
3
6
369
1866
0
6
3
125
42
20
4297
4
59
54
43
29
36044
8963
12
20
4500
421
25
20
998
20
6742
840
10
2
1406
25
3805
59
123
13
363
33845
322
16071
583
3532
6
1
290
25
935
0
125
42
20
16214
59
3328
43
48
29
363
32945
2
20
2006
4849
1
2095
29668
739
658
419
20
4691
6
1
130
3068
3489
2321
12
1406
25
3805
59
123
13019
211
5
14
3494
4
45
1167
45
363
32945
26
125
42
20
12323
59
4006
43
48
29
29990
7437
0
302
1
985
462
23275
462
2095
29
39796
211
130
433
3805
59
123
23511
5735
24
289
20
1155
13
4934
24
125
42
20
2521
59
58
130
50545
59
2171
43
1827
29
1205
130
985
2489
16
289
718
596
2287
0
3489
20
15985
48
1827
29
1205
130
363
538
6
1
315
20
486
290
3777
2108
1
289
2333
20
1361
336
2234
12
20
584
130
13
348
20
486
2
743
3777
20
2108
363
5713
48
433
5452
20
14763
20
867
2658
12
596
3805
20737
25
6
578
20
12790
12
59
348
971
16
306
3777
20
2108
13
11726
130
29
915
13
363
22404
2
24216
45
46279
45
7509
12
29
20
433
48
1827
29
1205
130
7790
609
6
1
20
8963
12
289
2904
12
4221
59
952
12
1031
12
29
952
12
3771
12
130
583
363
658
957
1
437
20
1420
12
5645
0
6
1
29
894
12
421
1
48
1033
20
1031
12
13
578
10
59
780
20
7481
12
2
971
2552
1
29
1567
12
20
894
12
306
402
8139
1182
2419
12
130
13
348
8858
4
424
730
12
29
1014
10
611
290
7653
10
130
1111
443
14647
3395
196
45
5568
20
46386
12
30
20
28104
29
20
10002
29
20
8249
29
20
14380
12
29
20
38578
12
29
539
10
130
13
43185
698
16
407
1
29
407
539
1
2419
12
29
2838
3572
2
20
7481
12
302
27794
20
584
4810
6
1
20
1139
397
847
20
2419
12
2
405
20
857
12
130
29
6
4375
405
20
857
12
3117
2377
59
8759
7
59
3068
7786
407
302
27794
20
584
306
4950
1
347
4950
5645
1
130
406
8459
57431
13027
20
1838
12
306
745
5645
1
130
6
658
424
30425
6
25
336
2647
10
130
6
302
2647
25
290
3809
220
25
3823
336
2647
25
290
1
48
632
7
59
302
658
20
1139
289
20
8256
12
4454
840
1
290
25
289
20
10663
48
1033
985
1457
45
945
45
578
2419
12
29
2838
3305
302
20
584
4036
1
29
419
50493
130
13
20
2721
290
302
5801
20
894
45
141
1153
25
29
17042
20
2288
130
13
348
25
2783
336
20
11685
12
13
363
846
315
25
3436
12
130
29
10
1600
225
1182
6
1
3436
12
48
12545
302
20
2006
322
20
4221
20
1341
12
713
1046
20
3288
518
16
25
306
20
2853
29
20
6520
199
504
3271
20
2853
289
6727
20
3288
130
13
20
34701
3083
29
20
2746
11013
2729
3
130
29
20
687
292
45
10731
363
10036
302
658
2853
0
6
3
130
406
377
37028
20
3083
419
20
687
292
45
1270
6
302
25
419
377
28297
289
25
302
2102
1838
12
20
518
12
130
29
416
658
20
1570
2168
45
1793
790
1620
25
130
13
3420
12
20
2853
846
289
770
20
17429
2
27303
16
25
130
29
29990
40450
735
20
6908
952
12
4590
59
662
12
363
1620
6
10
130
29
826
790
1620
25
48
13
20
491
59
302
658
20
2006
347
20
4575
4109
0
322
14733
29
20
14733
1570
363
1620
6
25
130
29
29990
302
1
4366
17001
16
25
2
446
6520
14939
25
29
7260
25
6
25
363
2893
25
6520
1
915
14733
45
7124
45
363
2893
25
599
25
915
5041
5835
130
27173
3068
22404
2
6520
25
29
331
5505
565
20
2502
59
402
20
14380
12
416
16624
3415
16
10
915
14380
12
290
18076
1
290
14733
218
45
8553
25
59
302
7202
25
2
1570
25
29
1568
322
25
486
0
2
1406
25
3805
59
42
13
20390
322
290
4841
6159
935
8
29
462
5575
915
20
913
12
20
4118
43
42
6
18714
199
59
2813
43
48
13
985
1568
16
6
25
29
14979
45
791
45
27303
16
25
1093
9983
16
2158
14733
25
335
443
988
23826
20
811
130
506
289
20
1126
42
20
14733
10350
20
1195
4
506
13446
20
2158
20
15145
43
48
20
632
59
302
846
20
518
12
290
20
16572
12
29
387
6
10117
15
1620
25
6
1406
3519
421
45
6812
45
998
59
42
331
3321
16
322
6086
20
12115
29
523
3321
16
322
1959
20
23760
43
48
29
387
40732
2563
14979
437
28
347
662
12
2
6057
20
957
29
462
16397
289
20
2358
20
5137
12
2335
45
7124
45
315
387
11593
306
20
2746
801
2147
24
972
3
289
6057
20
2358
29
462
4086
43553
45
4575
306
20
687
20
3459
290
961
1693
17842
26
915
290
20
6908
29
770
20
1996
12
130
13
387
462
2102
971
686
25
29
363
971
387
20
687
290
16572
16
25
29
770
1996
16
25
130
27173
302
1568
322
387
3800
0
29
363
22404
2
6520
25
48
20
1091
59
302
658
20
6066
47229
0
6
719
289
25
1705
12
6
2628
2288
20
21907
6
5663
45150
199
25
322
25
130
29
6642
322
558
12
20
2516
12
322
30910
269
20
1687
335
658
9064
0
12484
40141
217
4706
10
130
29
363
2627
5663
2628
25
13
363
22404
2
6520
25
3800
0
130
6
302
20
3675
4269
5997
421
25
29
1656
433
59
42
1267
23213
20
12323
681
8
2
302
33899
199
20
1255
306
971
39890
3
43
48
20
1604
59
302
658
47229
0
5213
0
12925
0
11257
0
6
719
14563
20
3474
29
20
13737
12
29
20
14733
218
45
1490
20
1281
29
20
3221
130
406
961
0
6
718
20
584
130
6066
0
290
539
1826
1376
130
13
387
20
3288
400
372
1620
25
13
20
17429
2
6520
25
8112
406
2781
48
20
632
59
302
999
7117
478
20
17606
29
20
8358
915
302
3305
302
1
957
16
491
0
2
331
2353
199
1429
195
554
302
14676
48
433
596
3805
6
3519
421
25
20
998
59
42
1827
1487
5890
2723
3809
220
1
13
348
57465
16
13
2723
20
1255
29
915
13
22743
290
5
43
48
13
348
15
16
29
42875
217
596
2
20
17606
246
45
2007
224
290
3125
28
59
20
491
302
19413
290
20
3009
289
20
2288
2
20
2556
4
29
20
2321
45
38993
45
20
20265
4
29
20
5514
195
130
6
302
596
3805
1785
20
40155
28
289
20
2288
6459
6
25
6
43553
45
3009
5553
306
9430
5762
1242
25
29
13149
12
2983
25
29
1950
25
130
315
302
20
6325
9445
45
8358
16908
15127
20
646
12
29
20
7953
289
797
12
20
9353
1909
29
4054
130
13
6183
40556
45
972
20
54118
29
20
1842
4
335
289
20
718
583
3716
290
20
4118
2
998
12
20
3536
218
45
29453
290
2785
2470
12
880
20
2793
29
2006
9248
29
5422
297
2855
6520
7
48
29
3800
0
6183
289
2785
20
1420
12
29
2354
10
29
1861
10
29
20
7450
29
20
5325
306
20
27960
218
45
20
2158
29
15127
10
130
13
387
419
377
3933
8358
20
3045
2
25
29
4737
25
306
7953
45
47003
45
8500
3
6
1003
302
2370
20
4318
2057
20
513
2936
3558
12
20
2158
29
15127
10
130
6
9467
24
11120
3
289
20
2407
20
747
2
20
11096
421
25
29
20
33854
306
7332
20
972
377
14649
2148
2
539
7565
12
48
13
20
3248
12
20
3879
12
2
20
2798
38619
1778
199
12
5191
6
10
17606
315
770
20
3009
289
20
2288
221
45
20
26454
12
29
20
509
24847
29
539
424
130
6
302
713
20
17606
30
713
1242
1555
289
25
13412
130
29
416
5595
20
4918
29
419
10971
302
4518
20
1555
29
15784
20
4098
29
13939
20
2721
20
2721
130
42559
1042
20
1555
50101
24
6
302
20
4918
1463
14
130
13
387
20
1486
289
405
20
637
12
363
1260
292
45
2288
2
20
3009
29
20
2556
4
29
20
30501
242
29
20
2321
4
130
13
713
20
23126
6
20
3045
658
3297
130
29
3933
3068
9657
1950
1
637
17606
1
336
9836
20
10334
28
29
9356
20
2260
28
29
29877
26270
20
513
2
1406
3
59
348
387
20
17606
336
2553
3
322
20
4118
336
20
641
12
130
29
30046
196
45
22182
12
336
20
7565
12
130
29
322
20
13149
12
336
20
36435
130
29
322
20
13745
336
20
11465
130
29
12168
485
2288
25
289
957
20
20513
29
20
11609
12
29
302
4934
336
2110
16
3
1081
443
1901
13005
292
45
9056
347
363
130
14919
247
2109
4318
3
1081
419
1901
20
4731
347
363
130
29
33798
811
45
47003
45
5568
3
20
46386
12
29
20
3521
12
446
7
3619
130
29
377
2936
25
3215
13764
25
336
20
7706
130
29
377
13176
252
25
3215
48526
223
336
20
2936
2
2798
12
2
3000
313
2
10
290
20
513
2
527
17751
2248
315
3
852
4
46386
12
2560
0
29
5762
0
130
29
47123
2
20
852
4
20
3521
12
130
29
4721
45
384
218
45
7745
26
306
20
7565
4
335
31855
24
322
10
130
29
13039
26
20
23323
335
369
45
9160
3846
241
26
421
10
29
402
17606
462
1972
29
462
3387
3297
658
29
4350
0
306
20
23126
29
20
21320
3223
130
406
658
20
23126
7058
0
29
8926
0
6
302
25
34108
20
1255
322
718
20
584
29
35977
3
17487
45
36323
393
209
0
130
29
1166
306
20
3045
302
12554
24
290
25
130
6
302
20
2645
377
4670
25
363
5122
292
45
12615
302
48450
130
29
402
290
6
25
745
20
971
12
1166
421
25
302
11086
25
322
20
8934
196
45
3685
25
6
302
25
290
20
681
2
20
2082
29
20
10470
322
20
9248
48
20
1091
59
3068
11612
336
20
8440
29
20
9009
29
20
3804
29
363
54093
3
29
363
441
21418
3
16178
45
363
6615
840
3
130
6
302
289
22560
16
3
29
4124
16
3
8858
4
730
12
130
29
348
24996
45
791
45
2140
16
3
29
4124
16
3
13
17042
8921
3
29
11665
3
130
29
985
1075
24
6
1199
16
1
13
2333
1
302
1818
24031
130
13
348
596
16535
985
8921
20
30670
29
20
8842
48
29
290
1927
6
8842
2
3616
20
3266
1503
228
4454
302
460
2210
596
3805
289
1155
25
48
20
1604
59
3068
4955
290
3
3125
0
29
348
957
16
302
25
9984
130
6
302
20
13131
289
1281
3
658
2019
0
6
2645
20
986
29
20
42926
12
29
20
20236
12
29
6059
12
831
3
29
20
1940
12
289
4298
3
130
29
29199
290
10
31309
3
29
23438
3
130
29
387
402
25
17487
289
20
986
29
1455
9604
12
29199
290
45
298
897
8459
3
130
29
402
290
5329
51283
0
5329
2950
972
25
130
29
985
4454
2950
972
25
4454
2950
4298
25
29
9430
20
687
48
29
4738
5997
20
2014
290
302
38220
1
20
8926
322
718
20
584
6
302
25
1260
6
1
20
1012
302
4822
478
3
20
17561
29
5672
10
6
20
16123
29
23774
20
17731
28
2
2147
10
421
3
130
4849
1
3000
45
16760
209
20
1368
12
29
3725
20
1866
130
29
1033
419
13
11196
10
289
20
31309
29
20
23438
130
6
302
20
8926
221
45
387
20
718
15155
4662
3045
730
48
29
8858
4
20
13131
730
12
935
16
10
289
1058
8
42
6086
20
2358
43
4324
570
2331
1600
48
1827
29
1205
130
53761
405
20
952
12
20
1031
12
48
29
1033
20
3771
12
13
952
12
3800
0
29
363
538
302
2179
2
10
48
20
491
59
7062
1
302
4190
331
26946
596
3805
2
25
713
331
8459
302
4190
459
1
33188
505
16
25
2
25
130
29
2838
11437
322
25
29
402
1557
29
402
1557
363
17513
2
1330
25
290
459
1
13
363
17513
322
3809
220
1
2
1330
25
289
787
11609
16
1
6
596
3805
130
29
315
424
13
682
419
459
1
1838
12
4849
45
15946
3914
16
25
2
20
17561
29
2838
289
20
1838
12
459
6
596
4849
1
11291
6
25
166
419
9056
6
1
48
20
632
59
302
1707
20
3045
2
331
8459
302
12865
781
2
25
48
433
3875
596
4269
596
20737
25
29
1656
59
42
363
8724
3536
20
459
583
5329
6
6337
20
1255
331
5329
6
686
25
43
48
20
1091
59
302
22404
2
20
957
20
8456
289
20
1169
29
686
20
681
29
419
377
1252
957
16
302
45
3192
995
290
972
1
1156
1252
462
22404
2
6408
25
130
29
290
20
1190
302
25
985
369
1198
38358
210
1172
2
957
20
974
29
20
2147
29
20
1388
29
5913
10
130
4849
1
3305
302
405
20
2358
363
15136
397
6205
16
1
130
406
22404
2
1964
12
1950
1
29
1996
12
7737
16
25
18234
210
1172
2
6946
25
290
20
5568
292
45
46386
12
29
36149
20
4118
29
6570
16
25
2
20
5568
20
1195
12
29
2967
12
20
584
29
22404
2
20
5058
12
48
1827
29
1205
59
10154
1179
12
826
12
29
6183
289
1838
16
10
29
28532
2
10
3738
289
10
6204
45
2362
45
6122
16
1
840
25
48
348
7274
16
302
20
2162
16031
1199
16
1
289
387
20
1156
713
0
130
13
1412
2152
199
302
1
363
22404
289
387
20
1156
2
586
539
1959
331
3305
302
1357
20
2162
21158
242
421
25
48
985
957
16
331
935
8
25
2615
16
2
20
1012
302
25
363
3933
6
1
915
302
22404
221
45
1959
331
3305
302
25
1759
1008
596
3805
29
419
20
1950
48
433
3875
596
4269
596
20737
25
29
1656
59
42
348
596
363
4934
336
947
14
29
363
336
811
14
29
523
4934
336
52373
221
199
21556
4
14
43
48
29
348
1510
16
302
3305
957
3723
20
4318
4324
570
223
290
11350
42
6086
20
2358
43
130
29
6337
43978
209
130
29
387
2389
1357
306
402
1305
29
3701
20
2358
40513
7479
12
130
915
302
3305
2
971
331
29785
2
25
306
13559
20
5589
29
28899
292
45
36547
48
20
1604
59
302
23165
6
13412
1
290
20
10327
331
2893
306
20
501
12
6
302
20
3675
4269
596
20737
25
29
1656
433
6
7806
25
59
42
10366
18297
5548
1000
534
28316
0
43
29
462
3387
424
6
45427
7166
352
25
48
406
433
6
290
462
1972
6
27
565
12
20
7437
48
1033
713
20
1096
12
8022
6903
5997
322
10
13
462
16662
6
10
10327
501
12
29
363
437
48
1827
29
1205
59
630
331
891
16
25
290
5
1528
16
25
6
1
289
405
20
1898
12
130
27173
302
2179
2
4366
289
10
130
29
289
13610
195
486
1
28067
338
2
1191
35180
217
130
1033
331
891
16
25
290
20
17630
45
141
246
45
3879
12
289
20
47736
29
899
2057
20
1555
4324
570
2331
674
29
8002
6
1
387
20
8060
246
45
27900
25
306
20
5074
1237
0
1842
20
12874
4
29
419
59
10366
348
5
9555
1
290
20
3047
12
2309
10
130
29
290
20
22294
12
5074
10
130
29
290
20
2658
223
14835
10
130
29
290
20
8462
12
1424
10
130
29
290
20
3822
29485
228
25
130
29
290
20
972
7800
25
130
29
290
20
158
49821
294
32127
199
25
130
29
290
20
25129
21303
25
130
29
290
20
1621
33689
25
130
29
290
20
14109
3823
25
130
29
290
20
486
29923
227
25
130
29
290
20
957
33783
25
130
29
290
20
5548
6013
25
130
10366
1177
6
8
29
363
1768
421
8
130
10366
42893
2
20
2610
12
16372
8
130
29
1873
2
20
1154
12
811
8
29
12010
219
2
20
8462
12
36410
45
29345
45
134
1103
8
130
29
1968
336
2658
16
1
3650
8
29
17805
8
130
29
27654
221
10361
5667
1
306
17031
8
130
29
290
421
8
2
1959
8500
8
130
29
18297
20
11465
3139
8
130
29
289
986
1
7356
8
130
29
421
45
954
50547
8
29
2185
8
48
4267
8
6688
8
306
4633
20
15355
12
130
29
512
226
8
290
3580
45
46279
45
35572
12
437
20
1420
12
130
29
15124
322
0
7693
20
28749
130
29
44936
8
3822
12
20
18257
130
29
38011
8
29
49856
322
0
449
20
20127
29
22022
2977
8
130
29
2977
15515
8
29
6123
4
8
9445
45
2158
29
20
986
29
20
12666
28728
817
1827
18050
130
17488
984
2921
3209
130
1827
7923
1827
8313
221
45
2658
16
1
1827
28510
20
44820
28
130
29
4269
596
29
1656
306
1866
3045
25
534
29
10376
29
7600
45
53984
22262
28
130
29
20
1719
6
596
919
20
687
28
25165
48
9020
12
6
20
6416
2152
199
302
3348
12
20
1950
363
1802
915
2
718
12
20
4583
6
1406
25
4269
596
421
25
29
1656
59
42
348
20
4318
11094
225
506
22235
225
20
3781
29
34009
252
10
935
596
3805
43
48
714
348
20
935
250
323
2
20
4950
29
4475
2
20
1950
130
13
935
20
4950
6
6057
935
20
1950
130
29
935
20
1950
196
45
6057
20
1964
12
130
29
3823
20
3348
12
6
20
1950
20
17429
2
935
20
718
12
20
35276
45
141
218
45
419
20
935
1577
20
1069
347
20
7116
29
20
5305
130
29
2798
12
9913
1392
20
1069
302
42685
292
45
4032
2
4950
20
1950
7590
12
42
596
43
48
6
302
20
1950
402
25
4950
6910
25
2934
6910
25
5706
48
29
1033
2798
12
935
20
7116
29
20
5305
13
443
302
18173
2
4950
20
1950
42
363
4267
43
9822
0
2
45
5943
3130
7489
4
20
1950
3269
2443
596
714
42685
2
4950
20
1950
42
915
596
43
10955
45
2867
45
10
965
30589
12
20
584
289
25
130
13
985
935
20
4032
7421
20
1392
28
2
405
20
2798
45
141
834
451
6
25
10657
12
20
1950
29
7789
25
130
29
658
7465
0
2
596
3805
4127
0
840
25
29
2062
3443
45
141
292
45
4583
2
25
6337
20
5058
4
414
20
26564
29
4599
10
289
630
20
4601
336
302
4712
397
1950
25
880
12
3521
12
130
29
414
424
4680
6
25
630
20
15959
290
20
5058
4
6
302
25
2219
8267
20
29994
12
290
596
29
2219
718
20
11978
840
25
59
13
935
596
5505
289
20
718
290
20
2855
20
2153
6
8019
45
141
218
45
5505
290
2224
12
1406
584
29
290
486
2
402
20
22577
45
39062
20
935
38343
247
19110
276
1950
29
4930
322
25
402
20
10299
45
38993
45
8191
289
630
20
739
29
20
3495
2
935
596
2575
3552
45
291
1614
1415
6
20
4267
11197
6408
25
29
16804
29
2642
6
20
1682
45
38993
45
20
1964
12
443
2140
12
31244
20
584
6793
25
29
3805
2
1357
20
12876
12
306
20
5074
54408
45
13434
130
29
443
3823
20
1748
336
596
3805
290
527
20
11978
840
25
48
506
5781
59
20
5078
336
596
1735
29
1909
2
20
4318
4058
290
942
4
20
1121
289
20
811
2
20
3177
45
141
218
45
20
998
29
20
34806
29
20
49407
29
974
10
130
6
302
1242
21436
12
20
1682
12
363
3262
1230
45
2867
45
1950
25
29
348
462
4155
25
306
20
811
17499
25
13
419
658
1541
0
289
20
11978
29
2280
0
40556
45
19698
48
714
12545
302
20
4032
985
1130
2153
12
20
1964
12
6688
16
6
25
1029
12
20
965
20
9022
45
141
218
45
2615
2
38391
20
11609
12
130
13
985
5074
306
20
1964
12
14853
336
20
2486
12
2
30626
13027
6
25
2
1357
20
12876
12
302
12718
965
1029
25
20
1069
20
9022
12
2532
12
2
630
292
45
4221
130
29
302
25
3805
4800
196
2
7737
16
25
29
10461
25
289
8381
4
25
29
2
1068
2035
292
45
2486
28
13515
20
15424
2
12718
20
49059
12
29
20
8788
2
6891
20
40128
12
48
408
16
289
930
5716
501
12
52412