1058
6891
20
4248
218
45
419
20
1058
20
2436
290
2413
20
5058
45
49143
492
596
20
3520
20
6700
292
45
1719
6
596
377
6664
306
5058
25
16323
12
130
2
331
1382
322
3
11859
20
8926
29
969
25
130
2855
1876
25
29
7285
5828
25
130
1111
1968
20
4248
1307
8
6
46505
25
29
546
12
130
29
1363
6
3
2
25
3725
20
546
12
130
29
2219
3
302
4048
12
20
8926
336
4318
3
20
13737
4
20
396
372
12
130
29
348
2
5397
10
3621
20
686
20
9838
12
2560
12
20
9875
12
289
29778
5645
10
1691
12
16323
12
130
29
20
3177
12
306
534
1999
20
3045
130
29
21118
20
501
12
130
29
306
10376
29
1859
25
3325
20
23625
20
14482
12
29
20
6060
20
7648
12
29
1656
2803
0
730
0
48
1033
414
59
13
348
20
4248
2413
20
3536
2
14163
1406
25
4269
596
421
25
29
1656
59
42
42
20
4248
1520
20
4730
43
43
29
2
14163
1406
25
4269
596
421
25
29
1656
59
42
42
20
4730
1520
20
3536
43
43
714
419
2854
2
11065
12
20
665
12
336
596
3805
290
407
6337
20
4330
1111
433
596
3805
956
54494
25
322
25
6433
4269
596
421
25
29
1656
59
42
42
402
1195
12
2
761
5913
10
336
21092
12
2861
915
20
7943
130
13
348
25
848
29
1412
19036
209
2
25
43
43
29
416
433
596
3805
59
2150
47616
20
7775
26
2782
3
2
539
1861
42
20
12307
59
1131
43
43
29
20
4248
1520
20
4730
1093
25817
13140
25
938
20
2120
29
20
1861
29
8257
289
1996
12
1621
25
1406
25
4269
596
421
25
29
1656
59
42
42
29
377
686
5
2
745
25
6
31862
6759
20
11172
13795
606
596
290
7654
20
11252
1260
596
1735
29
1909
2150
36693
13737
16
25
29
3735
25
29
11575
25
6
37173
13
20
4248
848
29
1412
19036
209
2
25
43
43
29
433
4269
596
421
25
29
1656
59
42
42
6
722
12
1675
5191
6
25
20
1436
363
3618
25
915
20
11172
26
29
419
16423
2
1019
596
3805
289
1712
4248
25
43
43
29
433
4269
596
421
25
29
1656
59
42
42
6
20
11172
2756
2377
59
2756
12
606
6432
25
130
29
2756
12
606
1019
919
25
43
43
29
433
4269
596
421
25
29
1656
59
42
42
6
402
1557
1675
29
1675
20
5058
12
20
4248
43
43
29
433
4269
596
421
25
29
1656
59
42
42
4154
20
11172
5058
12
43
43
29
11853
883
21519
12
6903
596
322
25
302
25
4269
596
421
25
29
1656
433
59
42
42
985
1858
930
2490
1363
16
3725
20
546
12
29
7970
16
3725
20
2158
29
25346
16
20
12615
29
2770
22193
1827
31782
20
1866
15589
29
1827
31782
20
449
7003
43
43
29
433
25296
242
289
1406
25
3805
59
402
24
29
29782
24
19986
0
2
331
38033
199
289
20
1114
20
6035
12
42
20
17144
12
59
2070
43
443
1114
20
7943
1111
780
24
289
10
20
5648
29
20
4323
130
29
416
1127
3875
596
4269
596
421
25
29
1656
289
6194
12
20
38578
12
407
20
20513
289
20
4118
29
407
20
4248
13
433
59
42
42
348
596
3805
59023
13030
16
25
2
20
2001
20
6199
13
1260
7008
20
2001
20
10118
13737
16
25
6
37173
20
428
2458
960
25
848
2838
606
5
30
545
13030
16
5
43
43
29
433
4269
596
421
25
29
1656
289
20
11172
59
42
42
1260
596
1735
29
1909
59
10775
24
1827
13030
16
5
336
22356
780
13737
16
25
29
12509
16
25
29
3735
25
29
11575
25
290
37173
43
43
29
5781
289
1406
25
3805
59
13
363
3305
686
331
20051
6
3
290
471
12
7978
4159
2
331
369
24
1912
26
42
20
21529
12
59
1750
43
5781
369
486
3
20
7943
6
302
25
433
59
2150
47616
20
7775
26
2782
3
2
539
1861
42
20
12307
59
1131
43
13
21997
6
20
11172
39228
25
18621
0
29
36327
17851
0
13
363
3618
999
29
3
29
2120
130
29
4237
2
302
658
1198
131
6
302
20
4248
2150
369
6
25
29
2713
0
2
20
665
12
840
25
29
348
369
16
20
5058
4
402
10
6
25
506
2738
20
1555
2
20
665
12
336
686
25
29
20
1155
402
10
6
25
6
2385
28
578
7
59
302
20
4248
1723
29
780
29
419
289
686
25
964
682
289
25
486
8075
130
29
630
811
20
7565
4
2
3559
290
20
3045
29
16740
130
29
20
4248
363
6604
25
915
596
1735
29
1909
13
348
25
486
289
20
5762
2
20
4730
20
2536
48
29
20
632
59
302
25
8678
6
3127
596
1735
29
1909
13
348
4048
12
20
8926
6
322
25
596
20
13737
4
130
29
2150
11465
20
13737
4
2
20
5648
29
20
4323
130
29
6
424
433
4269
596
421
25
29
1656
59
42
42
348
20
8926
6
2931
290
1487
8590
8666
20
958
13
4569
24
11686
25
2
20
7227
43
43
130
29
6
424
433
4269
596
421
25
29
1656
6
14614
12
6903
596
322
10
59
42
42
38391
5
6334
1675
20
546
12
130
433
16
59
2
2635
132
433
4269
596
421
25
29
1656
59
2
20
7227
43
43
29
22
2281
1621
20
7227
289
1058
449
25
20
3735
130
29
1620
25
290
2413
20
29422
4
48
13
2026
369
20
4248
306
20
1237
5397
0
6
20
8926
29
54756
6
12992
25
29
9871
0
6
11686
25
4165
20
3941
2
20
665
12
336
596
1735
29
1909
13
289
5397
3127
596
1761
12
6
596
6793
25
29
1989
596
3805
6839
306
20
1761
12
6
25
433
596
3805
59
348
33377
24
596
25130
1006
29
6196
8367
14
42
534
59
56
43
13
20
1311
12
2
20
2862
290
20
459
29
20
4159
2
20
15432
12
290
596
1735
29
1909
130
29
6
424
433
3805
59
29
801
8191
24
289
8
1023
17441
55382
3639
8
42
20
18095
59
6027
43
29
433
3805
59
348
596
363
7553
331
2
4008
583
7553
24
331
2
2777
3
42
20
10282
59
1395
43
29
2150
20
2631
54617
20
13737
4
13
443
18642
20
12615
29
25328
195
3
13
331
4838
16
19348
12
462
17212
4381
3
29
331
4838
24
7548
26
462
27794
6
20
459
4799
596
6793
25
29
369
13824
0
322
5410
25
130
29
433
4269
596
421
25
29
1656
59
42
42
5641
302
20
12615
25004
26
306
4318
2042
8590
6
1008
24
336
31575
20
1050
4
43
43
13
290
387
20
1112
2250
20
4248
1675
20
5058
12
29
2250
546
12
29
985
4511
16
5810
16
25
336
387
20
599
13
363
538
290
994
2500
25
20
2560
12
29
20
5762
12
2
935
4330
25
29
16835
25
29
2500
25
20
5762
12
29
1886
28
424
2
662
12
6193
48
20
2290
20
491
59
289
20
2781
4
29
20
16835
20
2560
12
29
20
16647
2
13694
45
53984
323
20
2781
4
20
2560
12
13
1148
12
42
20
491
43
59
1964
12
491
930
2490
29
424
2
2140
12
20
2239
13
348
6389
13
3573
662
28
437
0
290
6484
29
21218
2
20
2140
12
20
957
37
29
2915
424
2
1406
2664
826
37
29
363
6196
2239
12978
915
2
1406
2664
28
7012
0
6
20
5058
12
29
290
2934
27296
29
12934
2
1406
25
29
9524
306
5828
25
4375
25
14516
25
20
4248
29
348
462
13780
20
2989
2
25
38969
1124
402
459
289
5058
16
25
3580
5828
25
130
29
985
2140
20
2239
2
850
12
29
462
802
2
660
29
369
407
7
1455
290
1135
16
28
29
1627
20
4248
306
20
402
130
29
348
369
611
369
6
402
850
12
970
10
29
363
9574
20
7612
48
42
20
632
43
59
20
857
12
59
29
363
538
6
402
1824
12
290
857
12
12808
12
2619
12
20523
12
13
1252
16566
302
24689
930
2490
1382
12
826
12
462
14533
223
130
29
419
377
322
5
8
2
1406
8
37
402
1824
12
37
29
1252
16566
2
20
4371
462
44096
25
4248
2490
29
363
4248
20
2389
915
20
9949
29
419
377
322
5
8
2
1406
8
37
12808
12
37
29
1252
16566
20
4248
3306
0
347
20
2389
3306
0
462
44096
25
583
9918
11767
12
596
1735
29
1909
4248
2490
29
1252
16566
1824
12
20
1910
302
24689
1803
0
348
369
290
2490
462
44096
25
13
348
10
682
16
20523
12
915
302
9912
857
16
25
336
1406
3135
2664
130
29
3342
12872
20
2664
347
6461
25
21369
453
20
15196
347
9765
336
12342
1355
637
30
20
1910
289
20
1824
12
20
873
12
290
2490
130
13
424
363
4531
15196
20
857
12
347
9765
336
7356
30
20
13865
289
20
28554
12
985
9524
306
5828
25
1571
2490
2
7356
25
25490
217
25
363
4531
25
290
20
857
12
48
29
2885
369
14377
0
1824
12
20
1910
462
11033
25
15196
25
20
857
12
2
20
4950
13
348
20
857
12
1759
10
20
1950
48
29
363
11619
289
25
15196
20
5078
315
20
1910
506
1252
433
289
1269
2490
537
321
1803
0
348
369
290
2490
13
348
424
6
2080
211
25
6
302
25
13999
7590
29
1759
20
857
12
363
11619
289
25
4381
130
406
419
6656
2
302
25
290
2490
130
29
290
16566
1824
0
714
5648
462
20020
857
16
25
130
29
1252
15309
3744
12
289
20
25861
714
18881
16
554
20
3641
479
4248
10
48
42
20
1091
43
59
20
11073
322
6206
1557
336
20
6333
4844
0
315
935
20
4248
13
16080
4248
25
2
20
5648
29
20
4323
29
20
511
737
29
20
8336
12
130
29
363
16080
2
20
4205
228
29
20
27904
39209
37996
16137
130
29
4391
20
2109
289
20
7622
29
20
53302
915
302
42890
289
25
331
2640
20
17613
12
29
331
2139
2
539
5078
290
7695
20
718
347
16315
12
11286
336
6333
25
347
331
7281
336
6333
25
289
20
1328
17149
12
130
13
363
27632
915
985
2324
289
20
1328
17149
12
20277
625
6
302
25
13845
29
419
377
1510
8
2
1406
8
37
4844
0
37
13
1033
935
20
4248
13
1510
8
2
25
20
28603
322
20
32659
13
348
25
14895
625
130
1033
290
5648
51744
0
289
1900
5
20
4371
714
1624
6
25
302
25
5648
4371
0
2
20
787
13
421
25
20
1646
29
348
13010
306
970
5828
25
29
7356
25
13
363
1646
421
25
29
363
3933
302
10350
289
26366
20
4371
915
2
1008
29
7356
48
42
20
1604
43
59
20
11073
322
20
1581
1029
25
15869
20
5265
246
12
130
29
348
785
32659
0
462
27632
130
29
348
785
1824
0
347
5420
199
13
1216
5790
0
462
27632
130
29
348
5726
20
3641
29
419
22560
2057
25
13
4973
289
20
637
479
4248
25
130
13
348
4730
13
3409
29
14516
16
25
20
15292
12
48
42
20
1931
43
59
20
11073
322
20
28151
3410
131
29
419
3225
20
8139
5078
0
2
1581
347
2
539
1581
13
348
424
27632
29
363
27632
2
554
12
1514
16
25
29
363
2
25232
16
10
331
462
11086
130
523
13039
424
915
302
658
989
0
347
4000
0
6
11145
25
130
13
363
9761
2
20
19553
29
780
25
1012
48
29
985
369
10971
290
20
19553
302
11086
13
554
29
2376
20
8139
33949
6
7953
25
48
42
20
2436
43
59
20
11073
322
3225
20
26418
13
20
41114
16080
20
4248
29
348
23229
25
20
26418
462
16080
4248
25
130
29
985
23517
3719
296
12
290
2601
25
347
2065
25
462
16080
4248
25
5172
12
6
3813
20
44275
2
25
915
302
29073
25
414
1361
25
336
289
25
13
348
25
27632
606
424
48
29
1033
16647
20
6432
13
952
45
141
292
45
1646
29
20
15292
12
29
20
13278
12
29
11073
2084
12
20
4371
16787
0
2
20
11172
28
131
1033
20
1646
59
13
7612
25
359
306
402
1305
4129
780
20
4248
2
10019
347
2
539
10019
130
13
20
58362
222
269
7919
20
4248
29
6354
20
9318
48
29
1033
20
14845
29
20
5280
29
20
10749
13
363
1646
421
3
29
363
10354
20
6911
289
1646
2490
29
523
5602
1562
5523
6738
0
29
800
0
48
29
1033
20
15292
12
59
13
363
19698
915
2
20
1581
130
29
1033
20
28151
3410
29
20
5648
29
20
4323
29
331
5961
20
1581
363
1166
2
25
15292
12
13
20
15292
12
24532
8908
12
13
348
50009
4205
321
930
28
18204
28
29
348
3321
13
17272
1148
28
12406
0
354
0
354
0
48
29
1033
11073
2084
12
20
4371
59
13
1166
306
290
24129
2
20
6007
347
2537
289
25
48
29
363
1166
306
20
58362
222
269
985
18881
16
11073
2084
12
4371
10
130
29
363
306
20
5304
985
822
42218
0
290
2192
1130
1135
16
28
48
29
1166
20
11073
985
1331
2
20
2239
2664
826
437
20
1910
130
29
20
4248
289
20
2192
1243
290
20
6007
915
985
462
49646
29
363
27632
437
4235
29
369
2938
0
289
491
25
29
363
437
2062
985
822
11172
0
48
29
1033
20
13278
12
59
44386
221
306
20
3680
29
20
28231
985
33949
1588
2936
0
306
3079
5
7
130
6
402
437
354
32315
12
6
12406
826
315
20
1646
29
20
989
20
5051
130
985
462
31803
12400
322
402
437
354
0
48
29
1033
20
16835
13
1148
59
5292
20
16024
130
29
15138
20
6007
2
20
4132
347
20
2883
554
20
3177
12
130
29
780
20
37929
414
20
10098
130
29
20
2684
289
930
2490
6
331
2376
290
15959
25
289
20
7789
12
130
29
1831
12
20
3424
130
29
20
25299
289
20
2574
363
3201
289
20
761
20
873
13
419
1483
12
3875
596
4269
596
421
25
29
1656
59
42
42
369
985
1858
20
761
20
5016
30494
20
9259
29
3291
20
1365
3775
29
10312
29
591
9168
2057
25
43
43
446
59
22914
24
20
5168
289
20
5058
12
1111
289
10
1824
12
20
971
29
20
3619
302
10
289
15858
10
29
7849
20
15858
1824
12
1794
29
662
29
1240
29
2131
130
29
20
6911
289
387
20
25299
1012
13
348
16869
25299
0
18204
0
130
347
48673
12303
6911
25
2
20
2037
15547
297
1368
12
130
506
1252
2568
6
5069
12
347
2232
12
347
8549
12
347
1199
12
347
3279
20542
12
130
29
348
2568
6
1646
20
1265
12
462
17212
130
29
6
25
302
58326
289
20
1555
29
363
3933
302
34359
306
4092
641
42
42
369
4269
596
421
25
29
1656
363
4235
915
6
1265
12
20
1310
29
363
6642
322
20
3288
915
2069
0
43
43
29
9130
20
6911
2
20
1581
29
363
17212
2
20
19553
130
29
363
9761
289
20
2574
2
20
2591
29
1044
20
24189
29
2
20
5648
29
20
4154
29
8307
20
745
289
20
155
309
13
402
424
416
2795
840
25
289
20
6911
130
29
363
17212
20
6911
2
2037
545
13802
25
42
42
369
4269
596
421
25
29
1656
49570
209
1469
25
13
22380
25
8022
6903
596
322
10
29
443
289
20
4297
12
43
43
29
2885
2568
20
37275
6
1646
1265
16
25
13
985
1483
3933
302
12944
20
857
12
915
985
369
416
16566
491
0
761
12
1114
713
0
130
29
20
1243
315
424
20
3279
48
20
2290
20
632
59
289
6891
20
4248
29
2500
25
20
5762
45
141
2152
199
302
20
4248
662
1326
4
59
4248
20
3813
130
29
4248
20
1237
130
29
4248
1237
20
1237
48
29
1033
4248
20
3813
59
13
419
1723
20
7710
29
20
5336
322
1646
20
13737
12
506
2376
7071
25
48
29
1033
4248
20
1237
59
13
419
1723
20
2934
29
20
5706
29
20
4950
29
20
745
29
20
1486
29
6337
20
17499
322
20
31397
48
29
1033
4248
1237
20
1237
59
4205
321
20
1950
322
20
11301
20
9937
12
29
20
2710
20
17868
12
29
1723
25
3269
2443
596
1735
29
1909
2
20
1178
12
130
29
2915
20
6007
289
387
20
4248
2
20
1538
956
2443
596
1735
29
1909
29
20
437
20
641
29
2
20
1538
289
20
4118
915
4118
5591
228
6
20
986
130
13
348
424
290
3139
20
641
12
29
682
290
20
4118
583
433
13244
20
4318
59
290
2524
16
3
16
25
2
20
3000
289
4371
25
6
8553
331
27632
421
25
1528
16
421
25
14741
12
130
13
348
424
290
1457
12
20
26163
2
1621
596
1735
29
1909
29
1457
12
20
7437
2
5548
25
20
16423
130
29
405
6194
12
20
12323
29
20
2599
28
29
20
4891
28
29
363
13666
20
1008
289
7071
10
1406
0
29
523
289
787
10
486
0
130
13
348
25
4273
2
26648
21436
12
306
596
1735
29
1909
29
14379
322
539
596
6793
25
29
15677
2
2811
1406
25
1735
29
1909
59
1457
596
714
4583
3
289
4137
3
3214
26
42
20
25129
59
6338
43
29
1033
4248
20
1237
59
29
419
4248
20
1191
28
13
419
1723
20
17499
322
20
31397
29
2309
25
2
1148
12
1687
59
42
20
491
43
59
2315
20
5706
29
1723
25
322
20
8328
289
20
1008
336
402
331
4463
199
29
13039
29
336
402
331
6253
20
1950
29
49304
322
935
596
1735
29
1909
130
433
4269
596
421
25
29
1656
59
42
42
20
1008
12
2515
20538
290
11795
26941
6
322
25
596
130
13
290
780
10
2936
0
290
596
41262
25
596
1735
29
1909
3536
0
3289
14226
16
25
289
1950
25
43
43
29
11853
3587
322
6238
322
20450
304
596
4269
596
421
25
29
1656
302
25
433
59
42
42
1240
27632
219
20
11172
59
20
6461
29
20
8106
12
29
20
22860
12
29
20
4548
20
8158
12
29
20
1008
2
13737
12
43
43
48
42
20
632
43
59
2444
20
4950
322
20
327
221
23
29
20
6461
29
20
8106
12
29
20
22860
12
29
20
38119
29
20
22392
29
20
6363
12
29
20
42368
130
29
8210
25
20
8110
29
4092
25
2
935
596
6793
25
29
10185
12
20
3424
13
387
4248
20
4950
130
29
416
433
13060
59
20
8106
12
20020
20
4248
11403
25
3027
413
20
14106
322
25
130
29
11853
10626
322
6348
59
23009
2377
16080
294
20
7943
59
20
8106
12
29
20
6461
48
29
433
4269
596
421
25
29
1656
59
42
42
2150
20
4248
546
12
13
985
369
578
14
11172
0
13
363
2894
258
29
363
13485
29
348
38397
4869
25
347
21472
199
25
51153
348
5
11172
348
5
11172
43
43
29
1075
289
20
1210
59
302
3744
16
28
9080
0
306
1800
3875
596
4269
596
421
25
29
1656
13
45950
7
20
7227
29
20
14396
290
641
20
4371
583
5071
1588
302
27051
0
20231
28894
1588
336
3875
596
4269
596
421
25
29
1656
41142
375
289
20
6432
13
3835
840
7
20050
0
29
433
4269
596
421
25
29
1656
59
42
42
1457
6
7
639
222
0
289
25
331
5648
34242
43
43
13
12237
16
8759
7
1520
25
958
0
40509
0
29
6
1101
7001
269
0
130
29
12237
16
20
660
713
424
583
10663
1588
25
13
10255
20
1255
290
424
13
433
4269
596
421
25
29
1656
59
42
42
19855
9080
0
3269
20128
596
6
7
8449
246
625
1588
306
331
1893
596
3805
421
7
13320
16
8759
7
336
20
660
22933
17503
195
2237
4926
294
20
1255
13
387
331
5648
210
0
290
5689
3
43
43
42
20
1091
43
59
1723
20
2934
322
20
23193
336
402
16010
25
6
302
402
331
1893
1406
25
1893
20
23193
840
25
29
6
424
2443
596
1735
29
1909
407
20
11866
29
20049
20
56210
13
433
3805
59
5647
26
6
20
6461
399
292
26
6
20
56210
42
20
9182
12
59
3874
43
29
433
1735
29
1909
59
5641
22587
195
3
20
17583
26
29
20
30608
322
1406
3
20
18351
29
5648
3
20
56210
42
20
9182
12
59
5493
43
130
13
20
8110
306
20
8106
12
5680
29
433
3805
59
348
14
985
713
3
42
20
1911
59
7416
43
29
6
424
433
4269
596
421
25
29
1656
59
42
42
20
932
4926
29
20
11866
4024
23
289
20
18351
43
43
48
42
20
1604
43
59
1723
2084
12
20
17499
322
20
31397
290
20
745
29
20
1486
322
20
22713
223
130
29
1723
20
7710
322
20
3185
4
739
20
6432
130
13
363
2811
6
20
4248
29
419
20
1723
322
20
3735
20
9984
714
20
6432
306
20
5680
13
3191
387
20
11172
3191
290
12765
2537
0
29
19761
613
0
130
13
348
20
3735
20
9984
2150
9466
2
3927
16
25
363
2
1293
25
130
13
20
4248
6
5066
25
130
29
10118
20
2892
1449
290
20
5347
2936
0
290
5441
25
985
2664
336
2345
20
676
369
10500
10
130
29
20
5680
676
29422
6
20
986
130
29
20
9984
5347
11033
1890
25
29
9466
730
25
48
29
5078
20
4248
5066
25
29
416
433
4269
596
421
25
29
1656
59
42
42
990
290
11172
682
6
25
290
4248
25
915
20
7227
29
20
14396
43
43
13
5781
419
377
27632
306
20
5680
130
29
5781
419
377
13025
322
20
3735
20
9984
29
27632
306
5689
20
1255
2
20
8106
12
29
419
5680
130
29
5781
419
377
363
6280
17499
25
322
20
31397
48
42
20
1931
43
59
302
363
51811
290
20
3735
20
9984
739
20
6432
2
527
12748
42687
6333
25
13
331
290
13751
39526
336
596
1735
29
1909
290
7710
13477
290
9984
48
29
1562
20814
290
20
4248
8678
3127
596
29
4249
20
13737
12
985
11280
20
11172
606
6007
25
331
4585
25
2523
218
12
4371
25
130
29
1963
2893
421
25
289
4356
20
3735
132
583
1251
16
20
1483
4
2
302
23165
630
20
8333
12
6
2490
13
33803
290
20
8333
12
289
25
331
363
33803
289
650
12
1717
130
29
1190
302
6325
20
4248
20
27318
29
4249
20
9721
6
11465
20
686
306
20
11465
48
29
985
1382
16
20
1297
12
290
2523
218
12
4371
336
20
6464
583
5907
16
13737
16
10
29
1691
16
2110
16
10
714
8333
16
290
20
12509
4
29
31313
16
3139
16
12509
16
10
29
9371
16
565
16
10
29
36768
290
20
13737
4
331
23900
10
369
16
17785
12
1252
780
16
306
1483
16
10
130
13
2108
20
4248
29
964
25
4474
498
20
1601
335
443
1666
20
8926
289
20
1266
336
20
14370
130
29
1023
2915
424
915
2
20
5066
29
419
302
10350
5648
16
25
335
369
10350
10
402
1824
12
1252
462
31803
13
1033
985
1127
331
369
10350
2523
218
12
336
331
369
10350
1824
0
13
462
27157
2
4248
25
48
406
290
20
5535
302
363
13268
20
4154
2
20
4371
583
16774
2
20
7227
29
20
14396
29
20567
2861
20
1601
31544
6937
606
424
1950
25
29
746
871
289
402
1824
12
971
0
290
20
2861
583
14029
421
25
43388
25
29
49407
25
13
13452
20
8926
302
363
25004
306
1950
25
49356
336
31575
20
5233
130
29
1824
12
20
971
2556
12
322
20
1824
12
335
27794
289
10
1557
290
20
31575
29
419
20
5149
2
1406
25
3805
59
348
0
12166
8
25
289
1824
12
20
971
42
20
971
59
50
43
29
290
1968
407
1950
25
29
407
2065
25
3830
195
12
290
20
3735
13
419
322
25
13824
130
29
290
32401
1297
16
25
13
363
4976
25
424
6
1299
20
6971
331
462
5398
3
16
25
322
539
596
1735
29
1909
29
424
419
20
681
402
25
48
29
3628
630
424
5066
20
3735
130
29
22
2281
6
25
1809
994
289
1058
20
8333
12
348
5523
596
1735
29
1909
48
42
20
2436
43
59
302
658
1950
25
414
20
6432
5709
0
10591
0
407
20
2936
29
20
7706
1111
682
32775
446
1072
4248
25
13
419
290
20
4891
28
132
347
5575
421
25
13
419
290
20
44846
28
132
1720
15
1198
289
641
402
5058
12
21997
478
2331
1093
11853
322
20
1195
413
1983
20
1195
20
6429
302
25
333
2
4008
29
3
12923
26
13
433
59
348
596
1735
29
1909
1968
930
2490
10239
0
6
3045
25
37307
26
289
25
6
7565
16
25
13
2376
4008
13
2352
24
29
6343
28195
13
17928
24
13
20
10255
402
20
10255
6
20
16697
20
742
289
20
437
377
2352
289
25
20
778
26
29
17928
289
25
20
28294
26
130
1033
29
596
1252
1386
20
7210
6
14979
20
4108
2
8923
25
29
20
20244
2
6011
16
25
446
59
369
6163
20
4397
6253
25
322
20
1502
29
13301
12
20
7998
17690
421
25
1675
20
7212
48
29
322
20
53441
413
10917
302
25
5781
6
25
59
348
1
989
594
130
29
348
20
7943
13615
217
130
13
433
59
348
5
3036
25
6
2192
1558
29
20
4730
306
7565
12
596
6793
25
27831
290
20
4730
306
9433
25
48
13
405
443
20
6849
20
5762
12
289
20
4248
48
13
348
1457
16
59
13
290
10741
306
1723
13737
12
20
7710
29
20
5336
29
780
405
20
6849
130
1093
433
20
11910
59
4248
25
2223
13
331
8305
25
132
13
12545
302
11910
20
2560
6196
26
2500
20
2560
2
4508
12
443
9818
290
405
20
4508
12
335
6635
8
10
289
405
20
2500
20
5762
12
363
3201
20
8106
12
29
5913
10
130
29
523
682
336
11910
20
2560
290
20
4939
4
915
331
37738
306
3813
20
17673
28
20
931
28
306
20
4118
20
1571
999
25
48
13
1033
2746
20
641
12
16058
8184
2
20
479
12
20
2647
29
2
20
2647
20
1361
336
20
6325
48
29
6976
26
302
20
6325
290
20
4248
20
11343
2
3045
290
5568
596
1735
29
1909
29
419
20
11340
209
12
130
29
20
18837
2
20
13030
12
289
20
1723
322
20
13737
4
2
1068
20
2552
13
348
3
20555
26
322
20
13737
4
130
29
20
1310
6194
16
25
2246
6194
12
20
36819
6
971
16
25
25314
20
2983
306
4249
13737
16
25
29
743
6194
12
20
13030
12
6
6780
20
13737
4
421
25
29
1348
25
49745
2
6348
16
10
130
13
4366
39301
289
20
13737
4
6095
245
336
6550
20
40051
28
29
8086
2
13736
20
36819
130
29
4366
5397
20
13737
4
2642
336
1623
421
28
29
8086
2
6638
20
13030
12
130
29
20
13030
12
4891
26
290
596
1735
29
1909
29
377
37383
2
3
29
9199
3074
2
5568
3
6552
290
596
1735
29
1909
30
2163
3
130
13
348
20
8792
290
20
1908
1908
130
29
682
20
1908
714
2
20
1204
406
2
20
852
4
130
29
985
369
387
964
20
4248
606
13244
20
28803
29
1859
20
4318
13
446
5564
6
5292
5648
12
29
1127
5648
16
28
606
20
6464
315
20
17432
12977
289
20
13737
4
20
641
2950
20
4371
132
29
1252
369
6
713
25
5564
13
446
2811
6
1406
25
4269
596
421
25
29
1656
59
42
42
990
290
11172
682
6
25
290
4248
25
915
20
7227
29
20
14396
43
43
29
6
387
433
883
20
52685
59
1827
23054
4154
20
10589
29
6007
3
1562
363
22119
26
4248
20
31999
29
6573
3
130
29
6
4583
12
290
3325
7437
29
11465
1243
29
7702
290
5913
20
5445
5058
12
290
20
7371
28
48
29
6
424
433
545
20
2746
59
990
290
11172
42218
29
14
290
42218
11172
48
29
20
42218
20
11172
419
377
6280
17499
25
322
20
31397
29
10350
29
13209
130
29
20
11172
20
42218
419
377
42184
29
10641
200
29
4281
17499
25
48
29
290
2628
2811
20
4248
29
964
25
957
302
713
290
1723
322
20
5648
29
20
1581
29
33949
2
22560
12
20
31397
30
290
5274
306
1381
290
6332
25
289
20
24958
662
333
4
1093
3272
289
20
2560
20
581
915
302
25
780
20
1185
29
419
20
8307
2290
4
25
7998
12
421
25
2
6908
25
130
29
713
290
33949
2
20
5648
29
6301
2
17499
25
322
20
22713
223
30
290
8307
17182
25
333
12
333
12
2290
4
25
37520
251
348
5523
596
6
13212
25
20
2335
29
348
780
20
1621
48
29
713
290
1127
407
7
30
290
8307
402
1381
662
333
4
13
1127
407
20
2335
29
20
1621
29
419
20
4208
130
29
416
433
4269
596
421
25
29
1656
59
42
42
348
20
4248
2014
12
25233
2692
578
14
2014
16
25
43
43
29
2026
4392
1406
25
1735
29
1909
59
348
596
12527
14
302
18775
24
20
2014
4
336
2057
10
42
20
1911
59
5227
43
782
745
25
306
2934
25
29
5706
25
13
433
59
42
42
20
2934
2014
12
29
20
5706
2014
12
43
43
29
5641
302
25
290
2014
4
20
4248
6
331
433
4269
596
421
25
29
1656
59
42
42
51153
348
5
11172
43
43
446
59
348
5
12541
16
4950
5
6
34456
25
13
1562
2268
25
2
6520
1
132
13
3966
416
1624
302
6
402
5058
12
2560
0
57474
55360
436
426
195
29
5501
195
29
6
12910
10
1326
4
29
6
402
1326
12
2620
4
13
840
1
20
1866
12
1100
289
302
17800
2
20
12910
322
20
5501
305
347
2767
3156
336
13736
13244
20
28803
48
20
2290
20
1091
59
289
20
9949
2
20
7943
29
2744
20
49407
289
45
298
29603
302
4117
5880
20
4248
13381
289
20
1114
20
6080
12
29
40639
784
20
1114
545
10
2319
289
402
501
12
29
545
10
2319
289
402
930
29
545
10
289
402
1156
130
1033
289
20
501
12
414
1114
2490
13
437
2219
12
29
437
18270
29
20
761
20
491
290
4466
20
894
12
29
20
761
20
491
290
20
6902
130
29
630
20
1717
20
1893
5989
294
20
4248
29
443
4601
6080
12
42
42
29
369
3875
596
4269
596
421
25
29
1656
13268
4248
6484
583
369
10006
302
25
289
2490
43
43
130
29
289
20
1210
42
42
1243
20
7943
414
930
2490
930
596
20
6902
43
43
29
433
4269
596
421
25
29
1656
59
42
42
4248
437
290
930
5680
1243
290
662
28
290
539
25
29
4248
437
290
2490
1243
290
662
28
290
930
5680
43
43
29
289
20
1126
59
42
42
290
6301
662
12
1114
290
930
5680
20
1733
29
20
1127
12
29
20
1897
1528
596
6
25
2
402
437
5058
12
25703
12
359
43
43
29
289
20
1210
42
42
985
369
20
1520
290
6484
13
363
4248
583
2490
43
43
29
6
387
40961
302
27632
554
2490
1114
0
13
348
1463
6484
2
2490
13
1812
42
43
1330
424
3875
596
4269
596
421
25
29
1656
333
12
29
2290
5936
0
730
12
42
43
29
363
4680
302
7661
2483
2490
2
437
28
347
662
12
915
302
7515
29
1340
0
6
25
29
617
25
545
20
11679
12
302
1184
296
5716
402
25
583
363
22010
2
930
2490
13
20
1717
20
6080
12
59
5452
20
894
12
29
20
6902
29
5716
29
6484
48
29
20
1717
20
1893
59
5452
20
13320
12
29
5452
20
894
12
29
20
6902
29
5716
48
826
2949
29
662
12
7129
130
29
1243
10
5452
20
894
12
6
302
289
25
20
894
29
20
1114
20
1190
4
29
20
11381
4
29
5452
20
13320
12
290
20
1717
20
1893
29
419
290
1717
20
894
48
29
12978
290
1717
20
894
29
682
290
20
1893
130
29
20
6902
29
5716
682
0
290
1717
20
894
130
29
289
20
1210
42
42
331
290
1114
20
486
289
27
1243
29
4454
336
596
1735
29
1909
290
1114
761
4466
20
894
12
348
4248
437
290
25
15670
7943
501
12
29
1420
1824
12
290
25
17442
1420
1824
12
20
971
130
5781
59
29
363
20
4461
289
2333
596
3805
132
433
59
29
363
20
4461
289
2333
596
1735
29
1909
130
915
290
13947
6331
25
29
31289
4850
958
25
43
43
29
1033
331
10478
289
20
930
59
13
491
20
930
29
1990
25
29
641
25
29
1269
25
20
1114
20
5000
29
443
20
1091
761
29
20
1604
761
29
20
1931
761
130
29
1033
289
20
1156
59
13
20
7107
29
20
1733
29
20
1127
12
13
405
443
20
1114
20
6080
12
12706
2023
289
10
20
7943
29
54617
20
1866
4
6
9371
5291
10
2
3829
12
405
20
4601
48
29
1033
4248
20
13726
59
13
348
25
2368
6
20
402
29
1154
12
29
6
20
19570
28
289
25
1748
13
290
3
290
11435
424
1111
2855
16
3243
7643
306
46557
16
25
130
29
20
2223
302
25
2150
13039
6
3125
28
59
578
7
59
302
363
27632
289
20
1988
28
29
1114
20
35008
13
419
20
13726
402
25
42
43
29
20
641
302
4721
322
20
501
12
289
20
6432
29
2651
20
4248
4297
0
306
686
25
315
302
596
6793
25
5329
302
43390
5172
25
506
5329
302
43390
23777
25
130
13
985
462
1972
1557
290
424
29
2699
3295
686
25
289
4248
20
13726
49942
398
424
130
1093
1330
25
1581
12
290
20
11679
12
29
20
1187
28
6903
596
322
3
48
29
433
4269
596
421
25
29
1656
956
11403
25
883
2911
20
28908
59
42
42
290
6301
20
13726
402
25
4569
16
421
25
19164
29
1044
8300
43
43
29
8305
25
59
462
1972
6
25
289
10
6568
130
29
743
25
1326
12
660
29
419
4248
1520
20
13726
2
302
24689
437
0
29
27632
437
0
29
424
5492
306
20
686
29
4435
289
8678
10
130
29
416
2855
289
1621
25
3243
730
12
6
302
20
459
289
25
407
4248
437
29
2271
437
130
1093
433
4269
596
421
25
29
1656
59
42
42
1046
16
421
9153
16111
20
4118
29
14120
20
1155
13
8090
16
10
29
1457
16
59
500
373
437
0
29
31313
437
0
130
795
1
985
20397
16
29
2363
45098
840
1
985
4624
16
43
43
29
433
4269
596
421
25
29
1656
59
42
42
1243
20
7943
4248
561
5
7415
130
369
24689
29
27632
437
0
43
43
29
290
424
42
42
2964
16
25
4269
596
421
25
29
1656
6
459
596
413
3606
6903
596
322
7
289
20
4248
29
419
1260
59
348
5
47532
611
290
424
130
13
433
4269
596
421
25
29
1656
2731
437
0
29
33949
437
0
130
13
433
59
348
5
5117
1243
290
424
130
433
4269
596
421
25
29
1656
59
363
1243
290
424
43
43
29
416
2492
302
25
4269
596
421
25
29
1656
331
6301
930
0
1270
0
551
915
2490
42
43
406
369
27632
290
25
29
290
363
5122
306
4248
1520
20
13726
13
363
9761
2
5297
25
130
29
419
302
24689
29
27632
437
28
130
29
985
6301
662
12
290
290
491
20
930
130
29
662
12
290
20
1269
130
29
662
12
290
20
641
13
419
5297
130
29
1169
289
20
4601
20
6080
12
29
348
6301
20
7107
29
20
1733
29
20
1127
12
13
419
1908
290
20
5297
29
985
1624
16
4601
20
5810
12
13
20
4208
289
302
6976
20
1310
2811
20
4248
29
302
6325
25
3348
12
20
1950
29
9808
20
3
6
596
1735
29
1909
48
29
20
8272
2
3918
20
5762
4934
336
3723
25
1093
11914
637
25
5074
20
4248
29
416
11914
5074
20
6007
29
416
11914
13501
20
6432
2
20
4248
48
29
985
2628
20
2811
29
2615
599
25
289
3649
718
20
641
12
2
1964
12
20
1950
462
14029
421
25
3295
1950
25
29
424
363
18868
2744
0
2121
0
48
29
6
424
2492
302
25
4269
596
421
25
29
1656
42
42
369
24689
583
5191
363
27632
130
29
27632
583
5191
363
24689
130
29
11455
583
5191
363
1585
130
29
1585
583
5191
363
11455
43
43
29
369
424
2
1068
331
27794
6
25
25314
20
18802
12
290
20
1420
2
1193
20
4601
48
29
416
11435
20
2746
302
48793
407
20
6432
611
290
952
12
1114
2120
0
2
437
20
1988
29
1114
20
35008
130
29
935
24
302
424
533
409
20
1950
130
29
9804
22096
20
1483
4
29
5872
3725
20
13737
4
130
29
6
4555
419
1198
289
584
611
20
3045
363
3201
290
10350
289
20
437
29
20
1824
333
16
28
48
13
387
331
1510
8
935
25
290
2744
20
4248
20
6696
2
25
48
29
596
7588
2
20
8946
48
408
1058
42
42
6891
20
4248
43
43
29
20
1719
6
596
2
630
2942
228
25
402
10
331
957
8
290
10
29
331
462
7220
130
306
630
3047
25
402
10
331
957
8
290
10
29
331
462
7220
29
4269
596
306
1096
8
534
29
10376
29
7600
25
29
1656
29
4031
29
306
402
459
2535
290
2057
20
1155
29
20
5233
48
54981
348
5523
596
3805
1058
42
42
6891
20
894
43
43
29
596
20
2619
363
919
539
25
29
331
22972
915
2
596
29
1068
8
596
29
3047
20
2549
48