1058
6891
20
20542
45
141
218
45
419
20
1058
20
1091
290
2413
20
5058
45
49143
492
596
20
3520
20
6700
292
45
1719
6
596
377
41480
2
5058
25
13
23389
3
2
20
4892
12
29
38703
306
4318
3
11066
12
6
48148
3
12718
25
29
46266
25
29
3036
6
8122
3
6946
0
6
10
20
2883
20
30349
2
20
1070
12
29
20
58015
12
29
4269
596
306
20
3675
534
20
30817
25314
20
7344
2465
20
687
29
56824
25
29
306
10376
20
2591
28
20
5690
28
3177
12
57902
8
8159
10
437
20
24814
12
29
39948
546
12
407
8
29
407
402
8858
12
1033
414
1093
433
20
3675
4269
596
421
25
29
1656
2042
20
986
306
20
4892
12
1126
2042
20
986
306
20
4892
12
462
6491
25
3297
29
289
20
15807
6
1487
37273
290
1126
8022
31887
24
13
348
20
1741
4151
29
20
51549
289
20
1990
2
3912
4504
762
0
290
1126
1487
6524
20
4892
12
4996
336
20
3536
29
433
4269
596
421
25
29
1656
7511
20
3177
12
20
41504
1126
7511
20
3177
12
20
41504
6702
25
147
142
163
290
1126
421
433
20
28982
387
18609
1557
289
387
20
1675
29
5505
29
433
596
3805
289
25
1259
5329
26
302
54877
24
29
596
5329
20
15548
28
29
433
20
3675
4269
596
421
25
29
1656
20
41504
1520
20
3536
1126
20
41504
1520
20
3536
6702
25
142
290
1126
1486
290
2042
1527
29
433
1195
29
11403
25
1305
290
1126
1983
4000
20
28908
2
7590
7764
506
289
20
6086
29
433
596
3805
331
2205
596
6
2651
421
14
290
5520
29
523
2205
6
33484
14
13
28621
13891
20
39965
2
405
20
8122
302
1565
20
1687
6946
20
48148
1111
8949
302
658
20
5149
2
1406
25
4269
596
421
25
29
1656
20
41504
1520
20
3536
3841
12
20
2560
2
20
6618
2
56468
12
20
2883
29
18142
25
29
7241
20
5762
29
20911
25
15048
0
2
20
561
5755
258
29
20
799
2198
25896
910
9952
29
20
20542
12
6
10
952
12006
20
2153
12
20
1012
6946
20
2560
322
20
1777
29
322
20
561
5755
258
29
20
1621
4
20
2153
12
20
632
12
6946
20
17499
322
20
3057
29
20
31397
20
2153
12
20
1091
12
6946
20
1950
322
20
5568
20
30820
12
29
20
41683
20
44846
12
20
2153
12
20
1604
12
6946
20
964
3269
2443
596
3805
29
443
20542
12
20
12323
12874
4
596
421
3
29
20
2599
28
29
20
20542
12
289
402
6194
12
1520
20
486
377
289
10
13
348
20
2303
12
20
7215
289
486
20
964
302
27794
6
25
4799
596
3805
29
4511
16
25
29
1023
6744
1996
12
596
3805
2
20
1838
12
289
20
964
331
462
55829
331
2443
596
3805
322
25
29
6
424
433
596
1735
29
1909
1457
596
714
4583
3
289
4137
3
3214
26
6
302
7
363
40359
289
1950
29
331
1968
596
6
1486
290
1950
28
289
6333
25
29
1033
486
20
1950
13
20
2303
12
20
7215
3841
16
25
2
20
5568
20
1834
12
29
20
14021
20
744
12
29
1023
18129
2
10
331
462
27637
322
53096
10
290
20
14021
20
6373
12
29
20
41683
20
44846
12
13
6946
25
578
20
7764
28
29
419
20
7764
20
491
377
419
1037
289
20
632
13
369
20
41504
7764
20
3536
2
387
20
2811
29
1198
6946
20
17499
322
20
3926
209
578
20
7764
28
29
419
20
7764
20
491
377
419
1037
289
20
632
13
6946
25
578
20
7764
28
29
419
20
7764
20
491
29
3841
16
10
2
20
7565
4
20
7764
20
632
13
405
3770
4
20
3536
29
6
402
3770
2620
12
29
1023
8893
20
459
20
2620
12
20
1682
12
915
302
34942
20
2620
12
20
40051
12
13
363
2139
336
20542
12
20
964
322
20
852
4
20
30820
12
29
3841
16
25
2
20
1834
12
331
462
21997
290
20542
12
20
1950
322
20
3045
20
30820
29
3841
16
25
2
20
3045
20
1834
29
1023
2139
336
424
290
462
21997
322
20542
12
20
17499
322
20
3926
209
29
3841
16
10
2
20
7565
4
29
4366
1735
20
2122
29
2738
2160
14829
25
29
2992
718
25
29
3927
16
1842
4
25
13
363
17762
302
387
20
681
5121
29
8893
2
20
2545
659
3047
290
11132
16
12876
16
25
322
10148
405
20
2620
4
462
6976
290
12006
20
20542
12
915
20
1326
12
20
873
12
335
443
30
20
12910
12
20
873
12
20
2560
12
2
20
837
12
336
20
5501
20
2122
13
2250
31621
289
10
29
33541
2210
289
11686
10
29
12170
630
4601
25
289
20
2629
5595
29
8307
20
10172
29
6618
20
2560
29
891
20
1369
20
2100
12
20
730
12
5828
0
290
25
2
970
20
49800
12
29
10336
20
2983
302
20
20542
12
20
2122
12
20
1731
12
443
405
1116
29
23674
12
2
1815
12
20
491
28
29
27335
3
630
20
3
29
20
1538
289
6946
20
1950
29
14875
3
289
681
20
2560
583
348
972
6903
596
322
25
315
11269
2308
25
59009
290
2883
289
878
12
27049
12
29
583
348
3
331
369
24
22009
26
20
745
290
20
8904
321
4
29
20
8333
12
406
369
24
24074
26
7746
3
2
38611
8367
3
3601
24
20
532
2397
290
20
12722
20
9668
12
29
1674
369
24
2139
26
306
20
1155
289
20
4679
29
32705
37294
12
289
20
1748
4
29
290
369
363
2651
407
25
29
407
20
1155
6034
0
289
33566
25
369
290
21907
3
29
369
24
7194
26
306
20
6096
12
289
20
2629
5595
29
433
883
21519
12
29
539
25
290
2057
20
852
12
15
8
22716
20
26796
13
3487
20
3177
12
13
12256
7746
8
289
20
18072
714
13124
217
10
2
20
6592
29
41034
1126
15
8
22716
20
26796
13
3487
20
3177
12
13
12256
7746
8
289
20
17391
307
20
1126
6702
25
290
1126
459
596
413
20
14106
1487
1712
29
462
34940
290
1126
1983
21519
12
29
433
972
6903
596
322
25
331
15
8
4768
20
532
2397
289
2471
3875
596
4269
596
421
25
29
1656
29
2150
369
16
25123
8
18644
15464
8
1126
972
331
15
8
4768
20
532
2397
306
1800
3875
596
4269
596
421
25
29
1656
29
2150
369
16
25123
8
5762
15464
8
20
1126
462
6491
25
290
1126
972
29
6
1487
6185
25
974
25
11895
0
290
1126
3587
15
8
985
5648
8
20
10171
5274
8
2
10
29
5191
491
331
1624
290
20
12722
414
3875
596
4269
596
421
25
29
1656
952
20
3465
196
29
20
532
2397
29
20
16236
29
20
20397
13
369
16
4089
16
3
402
10
2
4892
12
20
5762
583
433
545
3
20
3177
12
289
20
23058
28
1243
6
302
3875
596
4269
596
421
25
29
1656
6
331
4973
23058
5
25
289
3177
16
25
2
16571
13253
421
25
20
998
6
25
302
2
7
41703
12
29
9236
20
1255
36482
3
433
4269
596
421
25
29
1656
462
9236
345
36482
14
1126
9236
23058
5
25
289
20
3177
12
1111
7274
25
13253
421
25
20
3177
12
29
20
998
302
421
25
41703
12
6702
25
147
161
29
24652
25
290
1126
1983
1725
20
56180
29
433
20
3719
480
289
801
26408
26
36482
3
31910
16
1252
302
6690
0
1075
840
10
13
2104
10
9248
0
6
9236
20
36482
13
3297
369
14875
3
289
405
20
1687
406
369
24
32705
289
9885
20
2717
37294
12
29
8261
26
421
10
43904
19318
397
20
4679
306
20
1155
29
10350
26
290
1640
20
448
29
20
10751
29
419
37767
220
2
20
27081
29
18785
421
25
29
363
40734
5239
290
6600
20
4808
29
20
7977
315
3927
12
4132
253
10
289
20
41703
4
29
462
6460
551
322
578
290
3
2006
289
3918
20
41703
4
13
3297
369
14875
3
289
10
29
416
1224
16
20
7078
12
1100
336
2984
12
2227
26
20
20467
12
4892
12
34510
443
2650
20
986
13
611
4601
3
289
14685
3
20
8122
30
1330
20
25887
245
12
2
6439
10
29
20
5762
9430
15048
2
54625
222
258
20
8249
29
20
10255
29
20
6908
29
20
28104
29
20
13123
29
363
17577
26
424
29
363
34119
313
290
25
29
1252
10741
15454
306
20
2629
5595
2
20
4297
347
18796
306
20
1155
20299
0
347
4269
306
20
1155
347
306
2
36284
20
2574
290
539
220
12003
251
11569
12
347
18796
306
20
12380
290
539
8909
6
20
822
290
11443
347
59009
290
11718
12
7822
347
1486
539
43794
3625
24
421
25
20
1420
12
29
3291
24
421
25
20
5422
297
29
5827
218
25
2
20
14987
29
6702
1302
290
12307
16
3
29
2629
8041
24
322
431
1936
16
25
29
22560
16
25
13
676
24
20
8242
876
12
335
443
290
20
3536
29303
12
29
20
20467
12
4892
12
13
10775
1562
2250
20
9248
2082
0
29
20
2082
9248
0
29
1562
37160
290
20
986
2660
25
506
37160
1838
16
25
29
957
25
13
348
1457
16
19620
4859
348
405
20
1483
4
335
3532
10
20
7509
12
289
869
4
3
29
4892
16
3
290
20
7698
4
347
20
9248
4
13
3871
58362
200
6
596
302
2268
20
1406
289
25
290
539
7071
29
523
5
3871
348
387
20
6618
29
20
3009
29
2398
20
17609
29
20
1000
4
29
4382
8909
20
822
29
20
57763
20
8706
2
25
6
1382
20
7695
29
539
424
290
405
20
1801
348
1814
20
1008
336
1069
10
306
2333
20
16141
13
443
290
20
17338
4
29
416
24063
2
10
3723
29
857
4
12205
10
7144
12
2
20
2082
4
29
7144
12
2
20
9248
4
13
1033
1348
10
17338
12
289
686
10
13
363
13344
302
1242
10
28778
2
10
289
1281
25
29
13802
25
29
10172
25
13
4670
2
10
331
2205
985
462
1972
289
25
16239
12
29
19331
29
1033
3650
10
9248
0
13
2
302
2651
424
2335
20
986
29
8996
2
25
1406
25
4269
596
421
25
29
1656
2042
20
986
306
20
4892
12
583
11380
2
25
306
290
39736
289
25
20
491
28
347
658
20
5078
2
25
14685
20
2560
6
20
3045
29
2555
1099
1008
3
13
348
424
419
20
28104
20
7698
13
13515
9248
0
2
7421
20
1546
28
1033
1348
25
2082
0
13
2
302
658
20
5078
290
25
20
1866
743
20
14939
29
302
363
11380
306
290
780
424
29
363
17681
2
804
25
20
3177
12
322
4773
20
4601
29
363
16254
2
25
322
486
419
1243
290
25
347
322
957
347
539
25
13
985
462
24063
2
25
1557
290
424
13
419
17338
790
302
2651
2163
12
2
20
857
12
29
523
363
37738
424
915
6
20
4574
28
801
1252
462
16254
24
2
2147
20
4601
289
25
6
14979
24
2
4154
347
1126
956
363
6275
13
13515
4092
3
2
25
1012
6
302
20
17429
2
20
20542
4
11633
935
596
3805
29
935
20
5058
4
13
363
9761
2
25
985
462
4235
336
9248
347
19331
29
1033
2057
20
957
29
20
486
13
363
3933
302
11196
24
290
4601
3
840
25
915
971
20
1265
12
13
20
1154
12
421
25
9248
289
584
3
29
19041
20
972
377
419
2777
20
12732
29
14792
10
289
584
290
971
306
20
14329
2
25
29
363
34119
290
424
13
348
1195
4
20
18257
4012
4
20
4891
28
29
363
3933
6
20
4574
302
5022
20
4892
12
29
11380
306
20
26680
12
29
11355
302
25
9199
3074
2
20
11679
12
1111
20
7732
2
3
289
302
363
19486
915
6
331
419
1565
290
25
506
5781
6
7415
20
9889
462
363
31620
6
418
16
1
433
348
5
3966
6
7656
13
6
387
363
5476
6
20
687
29
363
6
20
10612
29
363
6
20
1230
302
11692
739
25
289
8307
20
10172
28603
0
290
302
14921
20
10172
20
11551
12
29
381
7
2
20
12730
7953
0
289
20
8307
1093
369
24
289
20
2471
20
491
2139
26
289
20
29309
20
16734
3422
12
29
462
4086
290
3
290
1529
407
20
11551
12
29
20
16734
3422
12
289
20
20542
12
29
20
41703
12
406
369
24
643
53407
313
20
41703
12
985
51594
29
363
28038
26
1008
3
289
19585
20
3342
4
20
1640
12
406
369
24
59873
289
3918
20
28104
29
20
4298
583
433
13060
20
5303
6
3710
6
25
369
15219
315
25
13
1008
336
1675
1881
10031
16210
363
6286
424
13
348
20
1255
1252
462
4934
24
840
25
6
369
1242
25
363
18592
387
20
19331
13
20
10517
840
25
2619
6
25
306
20
19331
13
369
24
1785
26
55956
20
8965
6
19585
713
405
20
3918
363
289
3342
4
20
41703
12
13
1252
2211
20
687
11889
6149
6260
3016
6
25
8307
20
10172
3531
380
0
13
419
1243
13
348
25
2
20
837
12
336
20
14875
1866
29
424
20
11889
27157
2
5628
25
1111
6253
686
25
20
20209
12
2
20
3467
2
486
20
17338
289
686
25
16203
7192
421
25
20
23323
289
847
20
637
29
20
686
348
462
9047
2
1557
4092
16
1242
10
29
985
5078
2
25
20
11978
336
20
687
2250
424
606
25
290
1243
20
2163
4
13
739
20
687
4536
290
302
11196
25
336
713
25
32247
6954
0
421
25
29
4536
739
20
11889
302
16254
2
713
25
11017
515
20
1866
421
25
290
20
3866
402
10
1720
709
1582
2
387
20
713
6
21479
25
290
20
811
29
2744
15959
10
29
1112
1147
20
545
290
10
306
545
13
7207
20
1861
289
2444
2478
4
20
972
2
2147
10
336
20
1243
1565
290
20
7207
289
1687
20
4118
2
23778
10
29
985
2219
16
405
20
1754
12
29
9421
219
16
302
20
20542
12
6
10
952
12006
13
12545
1412
289
387
20
1058
4334
8
15076
915
289
20
2153
12
20
1604
12
29
443
4892
12
20
2560
6
1412
289
20
7764
20
491
290
20
1058
363
20723
5078
0
915
6
20
8122
13
4667
20542
12
20
2560
662
12
4590
20542
12
322
20
19723
29
20542
12
322
20
1662
29
20542
12
322
1621
4
20
13802
29
443
335
4712
2
20
5489
29
20
4117
1203
29
4382
20
2066
12
29
20
15028
29
539
25
20
1636
20
491
289
20542
12
20
19723
29
20
1008
289
25
2347
2
20
56484
29
20
56484
2
25
29
20
3415
12
20
1900
20
491
289
20
56484
29
443
20
41703
12
29
20
12653
662
12
31450
4
29
3885
4
29
4780
3885
4
1033
20
31450
4
13
5690
12
402
10
915
20
12110
29
402
593
56516
20649
29
20
3885
4
5690
12
402
10
915
20
8654
29
20
17923
29
331
11473
290
7
347
290
578
7
13
985
5099
16
13
402
10
40386
12
915
1240
12
20
14046
29
20
6773
29
20
12246
21386
20
10393
29
289
8305
25
402
331
14953
290
20
8333
12
29
402
331
682
6
25
686
6066
12
30
20
16315
29
20
47457
29
539
7
13
363
13895
220
20
2883
2
3392
1557
290
10
289
25
29
1033
4780
20
3885
4
39979
1082
578
7
331
9130
290
25
29
970
25
970
20
5351
29
20
2024
363
13895
220
2
20
764
29
20
2793
29
20
4511
13895
220
20
632
20
11014
4
20
1220
12
290
5762
25
13
402
331
682
6050
0
29
363
6
25
1105
13
419
5690
30
20
11303
29
20
6600
29
20
21225
29
20
35375
29
331
6
25
1105
29
419
6050
13
40386
915
331
419
1644
12
20
3885
30
20
8139
29
20
5000
29
20
52284
29
20
958
29
20
18485
29
20
2603
40386
290
20
3885
4
402
10
29
363
28696
322
1557
290
405
20
41703
4
1890
10
29
730
10
915
322
1240
12
20
491
2886
20
26079
414
20
18809
293
2
20
11761
28696
322
25
331
462
1785
20
2611
29
20
632
9885
20
2717
29
7695
20
18485
289
20
718
28696
322
25
315
21638
20
41703
12
2
971
331
17454
20
28603
322
25
29
419
377
363
14633
20
5177
27505
2
25
336
11120
347
3793
12
20
1091
331
306
6550
20
6643
290
41703
12
363
11980
20
718
322
10
16058
3195
322
25
414
20
39630
6
20
1265
12
20
1604
958
20
54013
331
1457
290
25
347
3927
915
985
25817
599
20
1483
12
1846
369
289
9332
1
347
289
9332
539
1
13
9732
16
25
20
1931
958
20
3517
211
4
29
331
21034
290
10
290
52284
29
38525
29
39630
1487
972
6903
596
322
25
2
8230
12
306
1112
25
13
2568
290
10
20
958
29
4269
29
462
48486
29
289
8305
25
331
15822
290
31379
4
20
3250
362
335
17121
3215
0
29
1198
2886
20
4205
228
915
331
3718
3995
0
290
18406
347
539
25
13
9677
2
958
20
4117
494
12
29
363
658
289
2811
20
3517
211
4
335
363
11980
20
1310
322
10
289
3723
25
29
27974
12
20
4731
289
405
20
41703
4
20
1240
2275
1
302
681
20
20542
12
306
20
14875
29
331
23180
289
10
29
7984
12
363
2335
6
10
20
1900
20
632
289
20
56484
2
25
29
419
4475
15490
29
4475
33971
1033
20
15490
13
4297
20
2629
5595
29
419
15548
6946
4230
2
1037
302
658
4861
0
5690
0
38113
0
539
8028
29
1033
20
33971
4
13
363
3391
20
41703
4
2
1557
290
10
915
20
2883
29
363
402
2883
406
20
5690
377
462
5723
334
8902
1304
223
2
22560
12
331
38753
322
25
29
4235
20
2883
322
20
20542
12
2
302
7723
2
12985
12
20
41703
12
7251
25
347
3507
25
347
7654
25
13
348
462
7723
29
369
1908
0
290
1569
16
28
29
1240
28
290
0
29
419
12951
12
21870
2
21870
20
773
462
13895
220
6
1406
25
4269
596
421
25
29
1656
985
1130
20
2883
1457
16
28
462
2526
19723
0
1126
985
1130
20
2883
1457
16
28
462
2526
19723
0
6702
25
1859
20
16835
29
1487
37273
29
20
2590
29
24652
25
290
1126
1487
972
29
348
369
743
25
2250
40386
0
606
20
14223
6903
596
322
25
387
289
20
2883
20
17785
29
1033
20
2883
20
2100
985
2631
2
20
41703
12
13
20
5110
12
20
5831
12
40386
12
743
331
2246
10
29
331
999
10
6
302
5110
4
20
2883
3540
904
4
29
6354
20
41703
12
20
2100
12
985
878
16
2
8666
20
2883
13
20
40386
1099
10
290
20
2883
29
331
322
4548
10
29
1489
10
985
59558
211
322
1457
16
28
29
348
369
2873
20
2883
4435
290
2873
20
41703
12
13
331
2246
20
41703
12
5690
29
331
41301
322
10
13
40386
29
348
16086
29
3927
915
985
5836
289
6209
971
1457
16
28
29
985
5836
43078
294
290
2883
40386
18881
29
363
2245
40386
0
2
20
8601
387
419
7964
20
14223
6903
596
322
25
29
15
16
5502
302
658
7964
25
30
7964
4000
6903
596
322
25
289
302
20
2883
29
348
1457
363
13895
220
915
2
20
2631
1111
20
1265
12
4390
12
840
25
29
13297
20
29285
10717
20
1457
16
28
29
6
1003
25
3274
306
20
1255
424
29
419
6
4555
804
20
13650
12
29
2102
25
290
20502
25
29
20124
25
29
988
363
18126
289
25
302
424
1252
369
11565
0
6
369
1012
20
17236
2
44913
20
20542
12
508
12
29
20
689
12
1111
363
13268
289
7
20
1369
20
2100
12
29
363
20
17785
12
20
730
12
29
290
491
2471
3875
596
4269
596
421
25
29
1656
336
641
2471
1859
25
462
4042
1169
12
289
20
20542
12
29
363
2006
322
2798
12
2444
20
2883
322
20
41703
4
29
369
16
17609
1369
3
55138
20
19718
29
20
4475
276
801
363
40734
5239
322
20
41703
4
29
416
59009
972
6903
596
322
25
2
2883
289
878
12
27049
12
29
387
30
20
5868
289
302
25
462
10754
915
306
770
2631
20
2883
29
915
13
41703
12
20
27049
12
29
52683
222
10
3215
12
3305
2
5828
1908
13
985
16293
20
1420
2
387
20
7964
29
770
3392
20
2006
289
847
20
432
1729
2909
491
29
1330
972
6903
596
322
25
2909
632
29
20
2909
20
1091
23193
3875
596
4269
596
421
25
29
1656
20
23232
6
20
3076
12
1126
23193
20
23232
6
20
3076
12
6702
25
20
51549
289
20
1990
29
20
1881
21482
290
1126
8022
29
11853
1859
20
16835
424
290
1330
1983
25692
12
29
770
3059
12
20
17609
290
10
414
302
2627
302
10
13446
20
14688
12
29
462
1972
289
918
3
37740
32122
20
55314
211
289
10
29
369
16
363
14960
20
8648
29
20
1604
302
20
14223
6903
596
322
25
1170
306
302
22467
12
20
41703
12
5690
12
985
462
7794
29
40386
12
348
2631
16
29
446
1529
407
302
14024
20
2883
20
41703
12
2
20
7884
421
10
347
2
7884
10
421
25
29
446
2811
6
1406
20
1856
348
565
12
20
7884
4884
20
41703
12
315
302
20
7884
462
4531
22560
12
20
41703
12
29
348
9767
424
306
20
1265
12
13
20
1265
12
3800
0
4390
12
336
387
13
363
1529
407
2015
20
2883
289
684
294
12
289
10
9332
40386
347
2015
20
9332
20
40386
289
20
684
294
12
29
289
10
2883
29
402
424
6757
289
8307
20
10172
29
20
17609
29
20
1931
302
3
369
24
11261
8049
306
2465
20
1369
20
2100
12
20
1890
12
29
363
1901
289
7964
20
14223
6903
596
322
25
302
25
985
1814
2603
289
2883
2687
29
462
7723
302
25
4680
20
381
269
252
2
25
29
348
369
1890
0
29
446
1529
407
20
2100
29
20
17785
29
9119
4144
1081
20
17516
12
306
770
20
2631
1012
347
306
565
12
20
2883
2
804
20
18803
714
331
599
847
20
565
12
2363
11434
289
20
1369
20
2100
12
289
7229
20
5355
4
319
363
13
348
462
11558
13
331
20
1529
29
348
878
16
13
331
20
1529
407
331
3718
289
10
29
407
331
3718
289
8666
20
2883
290
20
17609
306
20
26950
29
443
3800
0
2100
12
714
20
2603
5492
11205
0
2
20
2883
20
2100
290
41703
12
15490
12
3490
12
985
6846
2
302
331
2931
421
10
29
348
462
7723
40386
302
7375
289
11694
43078
294
13
446
1529
407
20
15490
29
20
33971
29
20
2883
826
29
20
11205
5492
290
20
3845
12
29
20
2436
302
25
985
1814
21870
290
20
2603
289
1457
16
28
714
55389
13
402
12580
2237
1832
290
25
5690
29
1190
302
20
2603
5678
289
25
29
419
1890
29
9119
4144
1081
24662
20542
16
25
2
770
20
2631
1012
347
2
565
12
20
2883
414
5643
20
3927
12
29
10098
10
2183
1659
198
3266
4780
20
41703
12
289
10
29
20
1953
302
20
5355
4
462
11469
289
20
432
1729
20
6035
12
58326
289
10
20
43794
26
29
2237
948
26
20
3855
29
20
17609
289
847
20
37740
315
1457
12
20
2883
29
315
20
957
2
302
20
3855
20
40386
12
29
20
5690
12
369
16
4414
1437
421
10
13
405
20
1687
315
20
1265
12
20
2168
12
11465
289
20
686
302
3
369
24
4934
26
336
770
20
2631
19063
28
306
1406
25
4269
596
421
25
29
1656
3045
20
2883
41504
0
363
13895
220
25
1557
915
331
539
7251
25
347
3507
25
347
7654
25
1126
3045
596
20
2883
41504
0
363
13895
220
25
1557
915
331
539
3507
25
347
7251
25
347
7654
25
6702
25
1487
6185
25
290
1126
1983
870
12
2
9968
4504
29
416
11403
25
2
743
20
3987
883
7415
29
20
3786
29
20
28982
290
1126
1983
1725
29
24652
25
883
7415
29
539
25
29
387
289
25
787
29
419
302
2869
402
33971
302
16213
336
852
12
686
25
402
331
3718
289
25
29
369
14563
0
290
558
16
25
13
30
331
3489
20
8654
3718
289
20
31726
12
12706
3749
2662
0
18054
14
2
20542
16
25
2
25402
16
25
2662
0
29
10098
852
12
20
31482
12
322
25
13
30
424
20
943
3718
289
20
2883
29
6354
20
553
3718
289
25
29
419
1890
13
31499
852
16
25
29
11619
2
852
12
20
2883
29
27184
1124
2
2869
25
915
985
3927
29
9524
29
2275
9524
16
25
2
9524
12
7251
25
347
3507
25
347
7654
25
13
387
20
8059
29
416
1010
20
4731
840
25
289
20
2883
20
1691
306
3415
12
20
41703
12
29
419
4237
2
302
10754
421
25
34832
595
2
25
20
5520
29
3499
2
25
2811
1348
25
41504
0
1111
12990
421
25
289
245
450
223
506
2250
1198
956
414
20
1457
16
28
29
289
20
42034
29
289
20
2883
20
2100
29
289
23193
20
23232
6
20
3076
12
29
363
17762
424
5667
0
1111
1252
369
1198
6
369
30
2886
20
2629
5595
29
958
20
54013
583
13515
20
2883
20
55355
247
6
25
40386
0
29
363
13895
220
2
20
22467
12
29
363
2
40408
20
54688
289
20
2883
20
1890
29
1033
1406
25
4269
596
421
25
29
1656
363
2526
19723
0
13
419
289
686
25
17653
13
348
25
2526
985
2631
13
348
5781
3974
2
25
985
462
7723
13
790
302
5191
348
25
3974
2
25
302
25
289
20
3215
363
7723
2
20
41703
4
20
6757
12
714
419
4495
2
20
3287
956
985
462
2640
1457
16
28
29
780
20
3287
2
1455
290
20
4508
12
335
935
8
10
2447
29
1406
25
363
2526
19723
0
2560
25
7116
20
1079
446
16213
25
336
852
12
686
25
506
5191
6
20
31726
12
363
2196
8654
0
29
363
539
25
446
19744
29
424
6
302
20
1255
416
11261
8049
289
20
1369
20
1890
12
29
289
20
43697
29
2237
948
26
20
17609
20
40386
12
289
10
714
7548
26
289
302
10
2631
16
2631
0
4702
319
363
13
3212
302
25
985
369
1457
16
28
363
7723
2
405
20
41703
12
20
6757
12
13
348
1457
16
1093
433
20
3675
4269
596
421
25
29
1656
363
2526
19723
0
29
2885
3927
16
1079
10
13
387
19744
421
1
13
348
10
2885
3927
16
1079
10
970
0
506
1079
10
28596
13
363
538
290
20
3941
2
20
41703
4
20
6757
12
306
20
7964
28
630
0
29
306
20
3248
12
13
2109
5
289
1687
20
41703
4
20
6757
12
336
20
14875
2628
0
290
1815
12
20
491
28
29
4079
0
6
1644
12
20
29285
29
2
424
19620
209
16
2
20
20542
12
956
1814
20
1901
289
25
289
713
405
20
5399
20
1900
20
1091
289
2798
12
20
3415
12
29
20
41703
12
348
369
16
22188
12
29
443
335
682
6
10
7755
20917
13
4976
1061
20
2883
306
630
2979
10
29
348
369
16
9261
12
13
363
538
290
3415
12
20
1357
29
3266
20
7251
5553
306
3266
20
1357
29
6354
3266
20
3507
915
956
37261
2
25
13
419
315
6937
322
25
414
20
8056
29
20
9062
1033
20
7010
12
13
31276
10
5553
306
3266
20
1357
29
363
28696
322
10
915
985
369
20
1557
6
25
7010
12
4924
227
12
460
1025
3415
16
10
13
20
39630
29
20
2471
333
4
15085
4
1585
3770
20
8056
29
20
9062
289
20
3507
29
20
29747
6
20
29285
302
4086
302
20
4221
3045
16
5690
12
2
7437
13
331
363
8075
421
25
41703
12
29
363
4086
10
7437
0
23178
315
25
29
363
3933
302
14105
2
20
19585
336
2120
20
41703
4
20
1636
20
632
20542
12
20
1777
29
290
10
20
24958
29
20
8307
29
20
59710
29
5183
10
20
2629
5595
18227
2937
2798
16
10
306
20
2744
315
5535
10
29
16835
10
14355
28
2
804
20
24958
29
5535
1646
20
1265
12
348
5523
596
3805
1675
5535
1646
20
1265
12
3933
302
8949
322
7978
20
10517
28
289
20
4875
29
302
746
378
2
1557
348
29
762
25
29
302
363
5532
15496
16
25
554
20
2208
29668
6568
20
6669
29
302
363
6128
20
3160
29
20
4690
29
302
363
6128
20
554
12
29
363
746
5562
211
10
915
985
369
289
1084
29
20
14578
3800
0
322
10
289
20
1084
4454
29
348
342
378
289
20
4875
2
4105
16
25
4810
29
1198
2
13214
25
29
302
36535
20
6669
289
2267
20
1255
29
302
363
27689
289
20
2883
20
17785
29
363
999
20
5740
12
20
8606
12
29
363
289
20
27491
29
302
36535
20
6568
20
4861
29
19924
20
5306
289
20
2603
2629
3390
2331
290
9267
25
29
302
6378
7370
289
6669
25
306
20
1486
20
6595
29
348
369
289
12850
2062
20
1486
20
6595
289
20
1571
29
20
6989
289
20
2037
29
363
27689
1268
0
433
16
8022
6903
596
322
10
290
1662
14
302
20
3675
4269
596
421
25
29
1656
369
27689
1268
0
13
363
12400
1302
1126
8022
290
1126
14
302
20
3675
4269
596
421
25
29
1656
369
27689
1268
0
13
363
12400
1302
6702
25
20
28982
29
20
3786
29
1487
6185
25
433
20
28982
419
5505
1557
289
387
20
1675
29
18609
29
433
972
6903
596
322
25
49298
3875
596
4269
596
421
25
29
1656
29
1412
31293
1268
0
13
433
1827
972
363
23875
1268
0
1126
972
49298
20
3675
4269
596
421
25
29
1656
29
1412
31293
1268
0
13
433
1827
972
363
23875
1268
0
6702
25
1487
6185
25
2
9968
4504
11403
25
1487
37273
290
1126
1487
972
682
289
25
935
6
972
433
972
13
331
406
16
1268
0
414
29
289
25
5172
12
1111
11853
34278
6903
596
322
25
302
25
421
25
20
3177
12
29
20
998
4350
1268
0
13
12970
16
25
2
24958
13
59009
29
5274
306
8447
25
1126
302
25
421
25
20
3177
12
29
20
998
4350
1268
0
20
1126
7388
421
25
29
363
27689
289
20
932
25956
433
4269
596
421
25
29
1656
359
12
20
29285
290
25
1126
433
289
20
2603
289
20
932
25956
359
12
20
29285
290
25
6702
25
1859
20
16835
290
1126
459
596
413
25187
433
20
28982
3025
1457
16
29
9968
25
2223
29
433
1487
20
1482
416
6125
289
20
2603
289
20
932
25956
985
2873
20
2883
421
25
935
25
20
28982
29
433
421
25
20
3177
12
29
20
998
363
27689
219
578
14
289
9007
199
25
714
58326
289
25
13
348
359
12
20
29285
290
25
29
433
1487
20
1482
348
369
20
2883
2100
0
13
363
9761
2
25
29
363
746
50445
3125
0
421
25
1392
596
3805
347
3875
25
4269
596
421
25
29
1656
29
363
3618
1555
20
2883
57272
20
1469
29
302
1260
606
20
1571
9291
596
36792
2
596
290
20
20319
20
40386
20
10343
20
13914
258
20
8926
20
27118
29
606
20
2037
20
1719
6
596
377
11942
322
5
331
22036
338
29
12785
421
331
11033
338
29
658
424
1220
0
322
1555
20
2883
29
302
1785
20
12438
554
20
6669
29
302
363
11261
464
2
20
2883
289
6568
20
1265
12
29
302
746
1905
276
290
20
2603
2
20
10079
4818
29
20
10315
662
0
29
58301
20
745
306
6550
20
20926
29
363
13268
20
8970
289
20
9421
526
11017
18671
29
18492
421
25
20
681
29
331
16774
2
25
290
27808
7726
4451
302
25
2084
12
20
2883
13
348
369
22036
25
424
35717
200
421
25
20
2883
583
20405
289
686
25
424
29
363
58672
421
25
20
8926
2
20
29285
29
289
20
1210
302
25
4269
596
421
25
29
1656
1330
25
14892
2083
20
2883
1126
2083
20
2883
414
20
24958
29
419
20
442
9187
6702
25
883
7415
29
20
3786
29
1487
6185
25
290
1126
13060
413
20
970
20
18877
347
20
970
413
13060
29
419
10591
506
433
25
20
28982
29
1487
459
20
448
29
416
369
18101
3
9421
526
6638
223
3
13
7643
20
49800
12
289
25
306
1457
12
20
8037
29
289
1126
3284
6903
596
322
25
957
8
3875
596
4269
596
421
25
29
1656
402
1557
583
20
1077
307
12
13
681
8
302
363
35224
464
2
4511
29
24899
1484
29
31646
8
302
20748
20
554
12
2
39659
222
245
347
2603
1126
3284
957
8
3875
596
4269
596
421
25
29
1656
402
1557
583
20
1077
307
12
20
1126
6702
25
1305
29
416
1074
289
3069
20
14021
29
433
1486
6
545
20
11679
12
290
20
28934
29
416
47583
25
363
20220
217
4473
20
1077
307
433
25324
29
27765
348
5
6
5505
10
29
348
5
2
10
6
31352
5617
20
2886
29
3036
20
1134
29
45975
34160
29
1591
5562
211
20
7654
29
40661
247
860
1987
20
9529
29
500
828
684
10753
20
19805
34160
10651
2591
20
7010
12
2
20
8897
12
29
20
860
1987
51160
302
57323
224
306
3538
822
5
25
29
20
684
10753
302
4930
3321
25
29
290
20
5172
12
302
27689
20
1310
1908
0
290
1242
25
22471
195
322
25
1126
20
2603
1908
0
290
1242
25
7388
421
25
290
1126
34278
1330
424
3875
596
4269
596
421
25
29
1656
315
3291
12
913
222
25
6
11851
6
20
1255
424
16430
12605
20
2629
5595
714
11261
464
6
3844
16
25
2
662
12
11761
13
348
36018
29
915
10984
1604
0
13
348
36018
29
915
10984
1931
0
6
302
20
16635
307
2781
29
20
26719
24019
433
4269
596
421
25
29
1656
290
18809
211
7726
4145
1126
290
18809
211
7726
4145
7388
421
25
290
1126
1983
21519
12
29
4518
20
4297
2
5572
25
29
3633
25
306
1754
20
3844
12
554
6568
20
41703
12
29
4401
25
2
20
5274
29
20
618
12
336
20
2348
29
4518
20
632
29
3633
25
306
20
2348
1198
29
4401
25
336
20
1754
12
29
4518
20
1091
13
6430
25
724
20
20568
12
618
12
13
348
16293
16
20
618
12
29
5274
290
20
1754
12
336
20
2348
251
225
11537
223
714
4518
4297
0
594
0
2
4548
25
29
20
20926
2
5572
25
29
24074
20
4297
2
20926
25
29
11199
20
5572
13
24074
662
0
289
662
12
17236
28320
662
12
11761
347
289
662
12
17236
290
4213
336
302
363
2627
20
11014
12
289
1759
20
5274
13
348
1677
424
2
333
16
28
8008
2
20
1091
12
29
5625
424
348
3974
20
15259
306
20
4297
29
348
1677
2
20
1604
12
4117
221
20
1931
12
6
20
26719
714
7051
290
424
20
6568
336
6568
641
29
11261
464
2
20
2883
2
302
23769
25
2
20
6989
306
1759
20
26079
29
53298
2
20
6595
583
363
3040
2886
5121
25
20
1723
2
601
20
5531
29
5121
20
17079
289
25
2
20
1568
6
20
5762
13
348
424
14647
20
29285
29
6
4086
302
402
331
363
2139
840
25
20
2883
13
419
5762
29
363
6196
970
20
41703
12
6
20
1621
4
20
5762
12
331
462
3463
29
402
331
419
2560
29
6688
6
25
970
20
41703
12
13
599
3013
25
302
2139
20
2883
840
25
10646
196
25
29
363
2811
6
20
29285
29
1260
606
20
4925
290
20
2629
5595
10366
18881
1950
5
290
20
13123
29
9278
5336
5
290
20
48082
29
53298
745
25
2
8219
347
2
20
1155
3415
12
6
20
7010
12
348
2084
16
29
20
1127
407
20
2883
29
20
4297
24019
1093
11853
302
25
6
331
5085
1406
25
3805
289
25
1259
5329
26
302
54877
24
29
596
5329
20
15548
28
433
3875
596
4269
596
421
25
29
1656
6
2057
37837
331
405
20
20542
12
335
8640
596
2
10
421
14
433
24
15
8
25393
407
20
2883
29
20
4297
1126
6
331
5085
1406
25
3805
289
25
1259
5329
26
302
54877
24
20
1126
289
2057
37837
29
1127
3
407
20
4297
29
20
2883
6702
25
20
10271
293
290
1126
1487
2809
2
3912
4504
29
11403
25
1487
6185
25
29
20
2590
29
24652
25
290
1126
1983
8971
29
3587
29
6238
289
20
2629
5595
2
20
2883
682
289
25
935
20
4297
29
1406
20
2094
4697
0
6
1487
20
3295
348
20
1127
407
20
2883
29
20
4297
289
2057
37837
363
2102
7998
2
331
1074
2798
12
20
24958
985
14210
290
20
2629
5595
14979
2
20
24958
13
462
802
3875
596
4269
596
421
25
29
1656
551
1220
0
290
20
39659
222
245
915
59009
10811
54565
276
2
20
37929
1093
433
3875
596
4269
596
421
25
29
1656
348
14846
14
1748
20
3424
17601
691
4959
2
20
37929
1126
348
14846
14
1748
20
3424
6702
25
883
6665
289
20
10587
12
290
1126
421
29
11403
25
1487
6185
25
6839
0
306
421
29
3395
7
4504
27173
302
9918
606
20
37929
6946
6759
25
6
2224
12
20
3424
29
935
596
3805
289
20
3177
12
29
433
4269
596
421
25
29
1656
3177
12
306
2886
6408
1
1243
290
1240
29
2131
28
3177
12
2
539
6408
1
1126
3177
12
306
2886
6408
1
1243
290
1240
29
2131
28
3177
12
2
539
6408
1
11403
25
883
6665
289
1058
20
37929
290
1126
1487
972
2
9968
4504
29
11403
25
883
7415
29
20
2590
29
24652
25
29
20
49399
29
2861
25
290
1126
8022
29
2861
25
2
7590
290
2131
28
3177
12
29
433
4269
596
421
25
29
1656
5641
302
25656
306
319
16
5
6
681
16
3
2
20
37929
606
402
3177
12
1126
5641
302
25656
306
319
16
5
6
681
16
3
2
20
37929
606
402
3177
12
7388
421
25
290
1126
1983
21519
12
29
433
4269
596
421
25
29
1656
331
848
18372
199
1786
26
421
1457
227
0
342
389
24
1126
331
848
18372
199
1786
26
421
1457
227
0
342
389
24
6702
25
20
10271
293
29
20
49399
290
1126
20
2809
413
459
20
5506
29
883
7415
29
20
2383
329
290
1126
2309
413
20
2809
29
20
49399
290
1126
459
596
413
2809
29
419
10591
446
2667
20
5255
29
369
4269
596
421
25
29
1656
746
389
289
20
1824
12
5936
0
1126
369
746
389
290
20
1824
5936
0
6702
25
1305
290
1126
1487
2809
29
322
1487
2809
6903
596
322
25
302
25
433
462
16396
4269
596
421
25
29
1656
12527
8
2
20
37929
583
5828
8
302
25
22
11086
421
25
289
25
1557
1126
1487
2809
462
16396
12527
8
3875
596
4269
596
421
25
29
1656
2
20
37929
583
5828
8
302
25
22
11086
421
25
289
25
1557
11403
25
795
29
433
421
25
20
998
421
14
2
20
37929
21960
469
245
42499
6
20
6759
29
17679
12
6
20
919
1126
421
14
2
20
37929
13
348
25
15548
12
6
20
6759
17679
12
6
20
919
6702
25
20
9811
2579
0
21759
321
0
290
1126
8022
29
20
3786
29
1487
47276
16823
0
1457
16
1463
20
6148
387
20
1126
2
1126
1487
2809
377
554
25
29
416
11403
25
290
1126
1487
2809
20
51549
289
20
1990
29
20
49399
289
839
20
3536
29
433
421
413
1983
961
4031
596
1112
25
20
37929
2893
289
20
2444
29
5361
20
37153
1126
369
1859
3875
596
4269
596
421
25
29
1656
21265
26
29
20
37929
306
12695
3
6702
25
20
5186
289
1058
2469
290
11853
322
4000
29
606
1983
7415
29
20
28982
29
24652
25
302
4045
413
1416
369
3797
20
12874
4
29
37929
25
306
7622
25
6568
20
5489
290
7622
20
2283
29
369
1859
20
3675
4269
596
421
25
29
1656
21265
26
29
20
37929
306
12695
3
29
2798
16
25
302
746
389
2
6782
20
18372
347
539
25
290
12365
20
5605
988
13289
219
29
16356
20
1457
227
29
746
389
1046
0
29
2950
0
29
348
10741
13
1046
0
29
40961
20
37929
606
402
3177
12
29
606
402
29
2691
29
348
462
2139
41407
25
29
606
2631
20
11275
12
2
20
4154
347
2950
20
1160
347
402
331
20133
7010
16
25
714
606
20
4925
290
20
37929
8261
6
20
24958
1393
20
554
12
29
1260
9291
596
20
3520
20
6700
433
4269
596
421
25
29
1656
363
29
2691
6
290
462
2227
596
3805
1126
363
29
2691
6
290
462
2227
596
6702
25
20
28982
29
1487
6185
25
290
1126
1725
413
4045
578
20
761
12
29
906
20
28982
290
20
9811
302
25
5505
1557
289
387
20
1675
446
363
29
2691
1270
29
1260
606
424
36792
4361
290
19205
4
20
12615
29
36792
4361
919
302
5126
26
714
22009
745
5
25
662
0
554
302
3618
7
20
23232
29
1260
10366
348
5
9555
1
20
1699
29
20
3829
12
29
36792
4361
290
20
31751
29
20
25042
12
714
9918
1299
20
1662
347
17255
12
20
3177
12
29
746
871
20
857
12
336
8307
20
1112
13
348
3939
10
606
20
1112
462
44096
25
714
4518
1716
12
6
289
25
2
4548
25
25831
1590
269
2
10
662
0
29
14155
1411
2
302
5575
20
2883
336
20
3700
3979
12
915
302
658
11172
0
13
29505
29
1260
10366
14892
306
10185
12
1058
1
29
3927
12
20
935
6
1
714
4518
1716
12
6
5866
25
29
36997
662
0
29
11766
20
2883
2
20
686
336
53739
25
29
11261
481
331
289
10
29
1260
289
20
17994
10366
12693
848
7010
12
20
546
12
29
2838
322
5
11437
29
289
20
2629
1449
10366
348
5
36792
4361
290
11626
20
2158
29
290
3467
20
1881
6
302
20
17994
6206
29
20
2629
1449
3415
12
714
48449
1716
12
6
1112
25
26838
1550
223
290
3628
4751
20
2676
12
336
11032
331
5192
290
20
22280
289
20
2950
29
290
20
7622
336
20
7622
289
20
1046
29
363
3618
289
599
20
1112
20
4973
2377
15701
306
1900
5
20
13812
28
2628
0
290
20
1469
29
13692
20
2883
336
6568
20
4757
498
29
419
331
24385
20
1911
10167
12
20
2024
322
25
29
419
20
971
377
3718
289
831
20
1112
2885
782
1900
20
12262
306
1469
20
7622
29
20
1900
20
632
306
4988
12
20
13812
29
13692
20
2883
336
48410
20
3755
20
952
12
20
17939
23
29
20
17396
23
29
20
31137
23
29
20
31673
6
302
10
5219
12
289
20
3215
29
20
31137
23
721
331
12327
294
20
7622
28
290
3628
20
13013
12
29
1166
6206
20
2883
336
48410
20
13013
12
20
5219
12
14892
331
5192
290
20
1112
29
1033
20
6522
12
13
363
29
970
20
2092
198
12
970
20
13013
12
289
20
4688
12
29
20
6643
12
714
4670
424
662
0
29
23769
20
2883
306
2560
331
35580
290
20
13013
12
29
3618
20
7746
289
19613
20
1357
28
29
6568
20
1312
241
29
922
20
20112
29
57319
7
1093
2492
302
25
4269
596
421
25
29
1656
1330
424
1126
4391
25
20
24041
289
19613
20
1357
28
29
6568
20
1312
241
29
922
20
20112
6702
25
795
290
1126
1983
870
12
369
1945
1161
20
16695
28
29
11403
25
50626
779
338
290
1126
1983
21519
12
2
9968
4504
31151
24
20
2883
7978
14
29
6226
606
424
2037
20
16942
290
1357
5
25
29
1198
606
402
1381
29
1260
606
25
10366
5000
1112
5
25314
1
437
34775
5038
46505
217
29
363
10340
1112
5
140
9002
14434
437
10340
5038
15727
217
29
5398
196
20
13013
12
20
6522
12
606
8307
20
1112
13
348
25
24019
714
22009
745
5
25
336
7475
5
25
662
0
29
11199
20
9020
29
22796
20
1073
12
29
4930
20
2883
336
1623
20
22971
13
348
3
35110
26
437
20
1420
12
58967
26788
196
28
290
2506
20
24958
1198
2855
20
1210
433
4269
596
421
25
29
1656
290
3107
34425
362
1073
16
25
49942
398
1126
290
3107
290
14
302
22796
1073
16
25
49942
398
6702
0
25
290
1126
1983
21519
12
29
11853
302
20
10587
12
2970
17236
20
24958
1126
2970
20
10587
12
290
20
4940
331
2640
2883
20
24958
6702
0
25
290
1126
25
29
3039
2
20
6989
29
1260
10366
42551
11350
2
9210
5460
888
338
1861
0
5735
0
29
1260
606
8307
20
1489
10366
348
5
36792
4361
302
41539
11350
2
2154
347
290
2456
26052
714
12170
1469
25
2
20
5274
2
302
23786
745
5
25
29
34014
34623
7746
745
5
25
20
6989
2
20
6595
29
3633
7
306
1754
12
20
1469
29
10114
7
336
20
29021
714
5575
7
336
20
1754
12
29
405
5274
12
826
12
4670
424
662
0
29
1260
10366
1979
1742
209
2
2658
16
1
29
12166
421
290
3829
4
1
29
22115
338
999
1442
8233
1
437
363
1442
915
1442
1
714
24074
25564
25
2560
7
29
5762
7
2
2883
567
2
302
3618
14963
10007
289
2731
27375
25564
25
29
6430
24815
5
25
306
2560
25564
25
714
3633
20
1723
306
20
7622
28
39788
0
29
12391
25
662
0
29
1260
10366
18297
338
290
801
10758
26
20
1406
9820
1124
313
5505
25
10366
10154
338
19475
20
546
12
315
20
18257
714
24074
8908
16
25
2
2883
567
6
1406
25
4269
596
421
25
29
1656
5274
20
8908
12
2014
290
20
3700
437
20
1420
12
1126
5274
20
8908
12
2014
290
20
3700
6702
25
883
2688
50515
289
13155
20
14305
290
1126
972
29
419
4504
29
1260
10366
5275
8908
16
5
290
20
2158
29
36792
4361
290
20
12638
29
20
31856
714
22009
1486
25
20
6989
662
0
29
5398
196
2
20
745
20
6595
290
6550
7746
20
1486
20
6989
29
3039
2
20
4386
609
290
20
1486
20
6989
29
17463
2
20
4386
609
290
20
1486
20
6595
29
1260
10366
6688
822
5
306
20
27960
20
12111
437
11469
20
8367
289
20
2158
29
1260
606
8307
20
6595
36792
4361
302
11469
822
5
322
20
27960
437
11469
289
25
8367
20
16695
28
29
4930
20
2883
336
17247
20
6564
28
13
985
14210
1299
1469
25
336
20
5233
29
433
20500
302
363
4267
915
596
1029
25
363
4024
6
25
29
20500
302
534
0
6714
29
3875
25
6793
1
10366
29
626
412
217
363
4267
915
2838
486
16
3467
0
29
4298
16
686
5
1591
31761
217
10366
29
24175
221
840
1
26908
515
848
29
791
421
348
1
2838
20
24486
20
6700
10366
18297
338
290
20
24486
28
31236
59786
290
20
2462
450
28
31236
59786
290
5058
1
20
1191
28
31236
59786
459
0
18315
0
26144
0
31236
59786
8002
1
730
0
29
825
26792
4142
12
29
6085
0
5191
348
290
433
387
414
20
24958
6165
306
29
18692
25
2
9020
29
1299
6
25
999
20
8233
13
462
16396
22297
596
3805
29
33306
25
29
4655
6
25
13140
424
336
437
20
1420
12
29
13039
289
20
24958
1687
290
10
302
2893
306
20
662
13
290
3139
1093
4298
29
302
48001
289
20
2883
59009
421
25
20
998
662
0
29
433
290
3139
1093
4298
29
12828
1126
59009
662
0
662
0
29
433
290
3139
1093
12828
29
4298
6702
25
883
7415
29
20
3786
29
20
7590
6
25
29
1487
6185
25
290
2540
12
3606
413
10687
322
13521
322
762
25
29
433
22
658
4008
290
405
20
319
12
15139
26
289
20
8060
29
20
41504
1126
22
658
4008
290
405
20
319
12
15139
26
289
20
8060
29
20
41504
6702
25
883
7415
29
1487
6185
25
29
1487
37273
29
20
2590
290
1126
459
596
413
25187
29
5191
290
29
27
957
20
1486
29
33026
25
2
20
2883
289
20
41504
1126
290
29
27
957
20
1486
29
33026
25
289
20
2883
289
20
6946
462
6491
6
25
2335
0
29
433
1536
413
17569
5191
348
491
331
7538
821
276
20
29285
290
554
20
41504
29
433
20
1195
348
8926
0
12923
2
20
1255
289
20
24958
5191
6
25
20
28684
294
29
13039
302
28464
20
745
2720
200
20
2883
29
302
8943
289
1517
20
24958
29
302
1249
3404
1112
25
2
20
2883
6895
323
29
617
25
4008
20
20679
246
29
433
24
20
24958
29204
219
433
25
1725
413
20
29458
29
20
16235
523
11853
11076
6903
596
322
25
302
25
421
25
20
998
5274
1112
25
2
1900
9332
25
1126
11076
302
20
3675
4269
596
421
25
29
1656
5274
1112
25
2
1900
9332
25
6702
25
20
28982
29
433
3025
29
9968
25
4504
29
757
16
8022
6903
596
322
10
302
25
4269
596
421
25
29
1656
369
16
6
25
38113
12
1126
8022
302
20
3675
4269
596
421
25
29
1656
369
6
25
38113
12
6702
25
20
28982
29
433
682
2
20
1268
433
29
363
9973
322
20
3675
4269
596
421
25
29
1656
289
387
20
1675
1557
29
523
4611
289
405
20
2540
12
322
8022
29
13039
302
58326
290
23232
2667
29
302
58326
2
20
2883
20
26991
29
424
290
558
12
20
1388
29
416
2492
322
1487
972
29
1983
21519
12
6903
596
322
7
7506
12
23232
20
2667
29
433
545
3
6702
16
6
839
12
2883
289
23232
2667
13
12632
302
58326
290
25
29
906
7506
251
38369
322
1487
972
29
1983
21519
12
6903
596
322
7
29
2885
14210
290
29
18692
25
29
11964
306
20
3177
12
27173
302
15191
2
4350
25
302
25
18881
2560
25
29
419
6568
1008
20
3045
302
41592
290
33680
12
596
3805
290
539
6946
1950
25
29
419
6568
1008
20
919
6793
25
29
25599
1292
20542
12
20
1950
2
20
8001
12
29
20
8256
322
20
5568
20
30820
12
29
20
11343
2
20
5568
20
3521
12
1012
29
302
290
7194
306
20542
12
20
2560
30
290
4096
880
0
336
1555
25
13
780
25
15048
0
2
20
31859
4
29
14979
2
441
2210
241
2560
20
1675
20
30709
290
20
1881
29
331
15365
713
387
20
1486
2
20
1568
6
20
4329
29
20
15116
29
596
6793
25
29
3805
7588
5810
12
20
24958
433
3875
596
4269
596
421
25
29
1656
290
59009
13
5505
20
24958
29
4269
22246
16
28
462
2474
686
25
289
7
2
1557
290
20
4118
2568
290
17031
25
30
437
3079
16
25
319
25
1126
290
59009
29
41170
20
24958
29
4269
22246
16
28
462
2474
289
7
686
25
2
1557
290
20
4118
2568
290
17031
25
30
437
3079
16
25
319
25
29
289
7590
641
462
818
25
289
7
22680
6
25
331
1074
290
8630
25
6702
25
1487
20
1482
289
1058
20
20513
29
20
18798
2
20
7590
28
315
0
29
419
7388
421
25
290
1126
4173
413
23567
743
1406
25
2
1557
290
20
4118
29
743
1406
25
462
818
25
289
7
29
6702
25
883
7415
290
1126
4045
413
1416
714
4269
22246
16
28
363
818
4106
289
7
20
1126
29
289
7590
641
29
462
818
25
289
7
22680
6
25
331
1074
290
8630
25
29
433
4269
596
421
25
29
1656
3800
0
3068
25074
5434
199
2
331
22641
596
2
25
20
16942
29
4930
2
25
20
1326
4
54676
20
24958
306
20
22713
223
29
906
20
8367
336
20
4679
29
3041
20
3177
12
414
20
3177
12
13
35826
20
7647
662
333
4
1126
3068
25074
5434
199
2
331
22641
596
2
25
20
16942
29
4930
2
25
20
1326
4
20
1126
6702
25
1305
322
1983
21519
12
29
59009
4269
596
421
25
29
1656
333
12
333
12
29
433
387
29
2691
363
5192
596
20
3177
12
915
2
25
29
59009
333
16
28
333
16
28
29
433
290
59009
333
16
28
333
16
28
23034
25
596
2782
25
333
16
28
29
59009
662
0
662
0
29
433
387
29
8371
29
24958
20
12323
290
6822
29
24958
3228
20
3520
1536
421
25
20
998
1126
59009
333
12
333
12
29
433
387
29
2691
363
5192
596
20
3177
12
915
2
25
20
1126
6702
25
1487
6185
25
290
1126
1487
972
2
9968
4504
29
433
4269
596
421
25
29
1656
290
935
596
606
29
18692
25
18881
596
4122
25
402
25
29
290
462
2086
596
462
33484
290
25
915
331
4793
20
2883
1126
290
935
596
606
29
18692
25
18881
596
4122
25
402
25
20
1126
11403
25
20
1881
21482
290
1126
1983
21519
12
2
9968
4504
29
433
4269
596
421
25
29
1656
290
59009
306
18881
1528
596
6
25
2
25
761
1195
4
1126
290
59009
306
18881
1528
596
6
25
761
1195
4
6702
25
883
7415
29
20
28982
29
1487
6185
25
290
1126
1487
972
2
9968
4504
29
433
4269
596
421
25
29
1656
20
24958
306
20
24958
2066
306
2066
1126
20
24958
306
20
24958
2066
306
2066
462
6491
6
25
2335
0
29
387
402
25
4622
306
3279
20
24958
29
433
421
25
20
998
985
59009
20
459
20
1305
13
23613
17149
2568
16
20
16942
290
289
25
13
985
2629
481
2568
16
20
16942
290
5866
25
13
985
8307
1112
25
2568
16
20
16942
290
1112
25
583
3716
290
999
532
7005
1357
5
25
13
985
8307
745
5
25
2568
16
20
16942
290
745
5
25
583
3716
290
999
29196
25
13
985
5274
2
1469
25
2568
16
20
16942
290
1469
25
583
3716
290
999
25564
25
29
985
8307
1486
5
25
2568
16
20
16942
290
1486
5
25
583
3716
290
999
29196
1486
5
25
714
369
6028
25
336
20
2574
1463
4
25
22577
12
6
25
1126
985
59009
20
459
20
1305
347
20
4940
13
23613
17149
2568
16
20
16942
290
289
25
20
1126
6702
25
883
7415
29
1487
6185
25
290
1126
20
806
9582
209
9968
25
2223
29
523
7335
289
479
16
25
29
606
1305
290
1126
1983
21519
12
29
3606
413
13522
220
12
974
25
11895
0
29
18625
348
20
5690
30
20
11172
1126
20
5690
20
11206
30
20
11172
6702
25
883
2688
50515
290
1126
3606
413
1362
258
20
5690
20
11206
30
20
11172
20
1268
29
3912
25
4504
433
4269
596
421
25
29
1656
290
59009
13
5505
20
24958
714
1299
1900
25
336
20
5233
13
433
20500
302
363
4267
915
596
1029
25
363
4024
6
25
29
20500
302
534
0
6714
29
3875
25
1363
16
6
25
3725
20
546
12
20
2904
12
3618
290
7008
5523
1126
290
59009
13
5505
20
24958
714
1299
1900
25
336
20
5233
13
433
20500
302
363
4267
915
596
20
1126
6702
25
883
7415
290
1126
1842
12
413
5036
29
419
606
1305
743
1406
25
714
1299
3297
13555
25
20
7696
289
20
2465
29
416
11403
25
20
3786
289
20
437
29
20
1824
12
290
2540
12
1842
12
413
5036
29
6354
11403
25
20
54859
289
13155
25
29
433
972
6903
596
322
223
31249
20
24958
20
1191
17860
322
1
20
8926
29
433
6348
290
3107
302
363
29539
915
5690
0
4032
0
396
31761
0
49942
398
13
348
20
5590
13793
306
331
2470
16
421
25
2798
12
20
8307
29
419
302
3633
20
23232
322
4548
25
714
10492
596
3805
29
22009
745
5
25
662
0
714
11261
464
506
1790
16
6
1
29
16356
331
306
13802
25
290
41703
12
348
369
16
714
58326
29
2691
25
6
20
3177
12
506
29
36381
0
915
8307
20
822
28
13
348
25
17681
7
13
348
8307
7
714
782
7
306
20
1155
369
16239
12
6
20
2883
714
7639
20
2883
306
1469
25
662
0
714
306
3274
25
20
4280
662
0
714
306
3274
25
20
7878
662
0
714
53298
331
11964
290
13802
25
29
5398
196
2024
20
1469
29
20
13013
12
29
13692
20
2883
336
48410
331
11189
290
25
347
6643
29
682
306
20
1637
12
7797
20
44923
915
985
957
16
302
20
2883
363
2139
336
455
20
2024
29
15980
35815
20
13802
29
9119
198
302
10530
935
25
289
1517
424
13
348
1330
424
7726
351
20
24958
29
348
59009
554
20
8307
13
363
5198
25
414
20
8307
13
405
16835
20
24958
29
20
8307
935
8
290
10
331
363
538
6
19570
718
20
641
12
290
957
25
29
486
25
29
331
5961
25
290
20
5399
335
2795
840
10
289
18767
20
3723
35717
1813
289
10
336
1528
20
8037
29
20
2781
290
3248
12
331
935
8
25
289
20
8307
681
23
20
857
12
29
5982
20
13802
2
20
8307
29
24183
20
24958
20
857
12
29
8307
20
1112
29
8307
20
745
28
336
20
7475
28
29
5274
331
6862
421
25
20
1392
290
20
1469
29
8307
20
1486
28
336
20
10005
28
29
20
2744
29
1033
20
13049
12
13
682
16
2
2781
12
29
20
8307
20
2781
2
952
12
2
2037
20
8139
29
9301
20
15028
28
29
20
25861
29
20
43425
29
331
5961
25
290
20
991
2815
501
12
30
8307
20
1988
28
29
20
1127
12
29
20
7532
29
20
37047
29
20
3204
2
2219
12
29
26806
29
6
1571
508
12
29
662
12
991
2815
1114
20
35008
29
6
12953
20
9053
306
1406
29
20
14845
985
13182
539
5790
29
20
10749
985
22761
29
6
290
8307
5351
0
13
402
424
24019
2798
12
20
59710
290
11249
421
25
4382
20
2883
6
1093
25
414
20
891
347
2
6834
6
25
322
20
1361
840
25
290
2131
347
44483
347
369
20
2883
20
3142
2795
840
25
6
14396
25
347
6
14396
3710
25
347
369
880
0
6
539
25
29
462
30974
25
915
2
611
290
3308
20
713
347
369
2
25
3568
12
347
1570
29
17644
290
4382
25
2645
20
1381
347
3291
12
20
55662
27173
302
24882
583
3618
421
25
739
20
11767
12
714
7661
2487
0
2591
0
421
25
6592
5690
7045
5490
2
527
21137
290
25
7695
29
8021
421
25
30
289
25
23725
0
407
7746
25
29
24074
2
7
630
1112
25
333
12
826
12
29
9918
606
424
17255
12
20
3177
12
29
363
8885
6206
20
7695
336
331
999
20
3755
19777
347
11189
16
29
20118
302
12170
3027
12
1112
25
2
20
7695
29
2915
424
2
20
1934
12
20
826
12
13
348
1046
20
1112
363
2893
306
1046
20
1723
28
29
4976
289
20
5982
3215
20
5828
714
19910
9020
25
29
8021
1934
12
632
12
19028
289
10
407
7746
25
714
34014
3013
745
25
20
6989
2
18644
7746
745
25
20
6595
2
527
363
34942
2465
20
22146
290
1794
20
558
16
28
1046
20
14963
12
290
20
660
714
4401
745
25
20
6595
290
527
782
10
306
2560
4742
25
20
4280
336
20
7475
714
16213
7710
1723
25
20
6595
306
5762
4742
25
20
4280
29
4401
10
336
20
28290
29
4401
7710
24815
25
20
6595
306
2560
24815
25
20
6989
714
4670
2
20
6595
1198
714
24074
30
289
25
29
5398
196
407
7746
25
29
4347
387
20
4939
6057
20
1591
3130
305
336
20
7475
28
2
1934
12
826
12
13
348
16293
421
25
424
13
363
9761
2
302
12170
2
1934
16
28
29
1154
12
29
985
4269
2
25
20
2389
13
6
25
302
2836
828
1562
5523
13
348
1127
407
11767
16
28
27173
302
5198
20
59710
6
20
632
12
29
3297
32510
402
11767
12
2
59710
29
596
7588
13627
492
20
1091
290
20
4892
12
20
6618
322
20
1621
4
20
2560
12
29
443
1293
23
21773
29
4780
20
1293
20
491
20
21773
29
20
11014
4
20
12888
12
29
443
2904
12
20
491
331
7375
289
2024
20
1469
290
20
16597
29
20
30272
13
20
6618
322
25
24019
2
20
8307
29
20
5381
196
29
20
530
15132
3415
12
6
20
19005
322
25
29
369
4269
596
421
25
29
1656
745
27
20
2024
29
51855
196
25
12869
0
29
12527
2
25
1126
369
745
27
20
2024
29
51855
196
25
6702
25
20
28982
289
20
36724
2
9968
4504
290
1126
6238
369
13268
14288
1469
25
29
10855
13013
16
25
29
289
20
36724
3800
0
2
9968
1195
290
1126
22436
462
2227
302
25
369
4269
596
421
25
29
1656
41293
12869
0
29
1260
4269
596
421
25
29
1656
17363
219
24
12869
0
1126
17363
219
24
12869
0
433
1487
20
3295
462
6491
6
25
2335
0
29
433
20
2094
539
2082
29
606
1983
7415
29
20
28982
29
20
3786
290
1126
459
596
413
25187
20
10470
322
20
22380
915
12869
0
2
9968
2223
29
433
4269
596
421
25
29
1656
290
369
6
25
2024
12
7726
16483
2331
1126
290
369
16
6
25
2024
12
7726
16483
2331
290
1126
1983
21519
12
29
433
2
25
2024
7726
16483
223
29
682
9968
25
2
20
1691
446
6
1184
219
10
322
20
21773
29
1858
421
25
1486
11711
20
1469
44791
20
13013
12
13
433
1033
369
6
387
14288
7379
2
25
2024
25
714
433
3618
578
14
30
302
25
8926
1126
1858
421
25
1486
11711
20
1469
44791
20
13013
12
13
433
1033
369
6
387
14288
7379
2
25
2024
25
20
1126
6702
25
883
7415
29
20
28982
29
1487
37273
290
1126
3587
2
9968
1573
20
632
331
7375
290
20
34375
289
35815
20
7622
29
20
5274
16356
331
3499
290
25
29
331
7375
289
25790
20
2731
1628
27173
302
27637
2
5761
606
20
2037
290
20
5355
13
348
3927
12
424
1963
10521
2
20
2934
20
1091
331
7375
289
1004
20
5866
290
20
11014
4
20
9397
12
20
22714
12
2
3866
25
29
16356
10
2
20
17994
29
20
2629
1449
20
1604
331
7375
306
20
5255
29
1900
20
4950
290
20
1457
227
10646
196
25
20
37929
29
20
1328
17149
12
29
416
935
58060
20
1931
331
7375
289
20
13013
12
290
20
34375
29
20
30272
985
462
15980
29
40961
3415
12
424
2
20
8307
29
20
10855
2
20
23105
29
289
20
1210
20
6716
302
25
4269
596
421
25
29
1656
369
363
21853
25
20
23105
29
20
1134
247
29
20
9472
12
289
2192
29
363
2234
1126
369
363
21853
25
20
23105
29
20
1134
247
289
2192
29
363
2234
6702
25
1487
5690
289
1058
852
12
20
19519
290
1126
1983
1725
369
14895
1438
7161
195
25
37929
25
29
23105
25
29
11403
25
20
51549
289
20
1990
290
1126
8022
29
9968
7
4504
29
22
2281
289
5535
20
2192
10064
0
29
443
501
12
20
1223
29
289
1210
3025
302
25
4269
596
421
25
29
1656
369
28941
13013
16
25
289
20
437
333
16
28
1126
369
28941
13013
16
25
402
437
333
16
28
1074
1126
6238
369
13268
10855
13013
16
25
29
6
20
5186
289
20
785
290
1126
20
970
9772
0
369
28941
13013
16
25
2
20
23105
29
369
4269
596
421
25
29
1656
3043
20
13013
12
1126
369
3043
20
13013
12
6702
25
20
28982
289
20
36724
290
1126
2005
1487
1983
6812
12
29
883
6665
289
11218
20
18802
12
290
1126
421
29
2335
25
606
20
28982
29
1198
369
883
4142
29
369
4173
1558
20
13013
12
10590
10
29
369
421
5176
20
13013
12
416
10663
16
331
407
32466
5
25
29
289
1126
16956
290
25
433
16
8022
6903
596
322
10
5836
4008
2
1675
3875
596
4269
596
421
25
29
1656
13
2568
840
3
13
1548
16
25
9234
289
20
1490
40291
290
1469
25
29
13013
16
25
1126
8022
5836
4008
2
1675
3875
596
4269
596
421
25
29
1656
13
2568
840
3
13
1548
16
25
9234
289
20
1490
40291
290
1469
25
29
13013
16
25
6702
25
1487
12366
29
433
1126
9248
13
1457
16
8794
595
196
424
1827
3875
596
13
433
3047
348
596
5329
290
6714
302
7125
447
6
2096
25
985
2568
840
3
29
20
14420
1963
10006
302
424
290
1490
20
14939
6
20
1255
4182
0
306
5568
539
25
29
16787
0
6
20
13030
12
2
20
5319
28
29
25896
1093
369
3875
596
4269
596
421
25
29
1656
10304
0
2
20
1617
12
29
369
290
3417
25
302
3373
289
13434
681
686
25
289
4318
3
2418
0
15462
299
25
5232
3
29
10274
947
16
25
289
7978
3
2418
0
912
44237
25
7978
3
5818
515
469
424
29
2347
20
16695
26
2
424
289
38810
3
29
387
20
5078
2781
306
402
687
7890
6
1617
12
20
3045
336
596
1735
29
1909
29
419
302
18558
290
2560
25
331
363
18868
13124
12
20
1255
322
25
29
20
2185
289
713
405
20
1687
306
20
857
12
13
348
10
811
289
2777
10
13936
20
14718
290
20
6325
13
20
14939
17582
387
20
5078
10194
29
780
20
19005
289
20
13013
12
6589
0
6
20
20513
29
1457
12
20
19401
12
2
20
686
48084
29
780
25
4092
0
2
331
419
1565
290
25
10194
29
405
3723
5762
12
407
20
459
29
407
596
1735
29
1909
29
20
7108
12876
29
20
26427
539
17533
421
25
2
637
29
14
290
14420
18592
405
20
1687
12544
0
336
20
3045
29
419
14921
306
686
25
29
306
539
25
29
11355
302
5078
25
20
1866
13
3489
1581
12
290
20
2746
14921
26
20
10172
20
8084
12
29
11355
26
302
5078
3
17416
20
38319
12
29
20
24310
28
29
20
11978
336
596
3805
2
25
29
387
681
27794
437
23875
247
20
48148
29
437
55371
331
289
20
13099
29
2915
331
289
20
3538
13
606
424
5939
20
26870
12
20
7045
12
290
20
36015
12
47762
2882
2
596
290
20
23767
437
20
1046
20
1157
20
2436
34375
20
18067
199
29
443
35815
3013
20
22146
369
16
20
1223
363
12774
8307
424
6
780
10
8307
20
745
41407
20
3735
19170
886
289
847
20
5281
34375
13
681
3
3875
596
4269
596
421
25
29
1656
2
8307
20
18067
199
1126
20
681
2
8307
20
18067
199
6702
25
20
28982
20
4765
289
20
25456
290
1126
459
596
1487
2
964
577
24
2
21306
14
29
6
1487
12366
289
1126
6
6238
29
302
1945
1161
20
18067
199
985
59009
29
6
1305
290
1126
8022
761
290
20
6007
12
29
289
25
29
8307
20
18067
199
20
1953
6618
20
12601
221
20
681
2
6618
20
12601
221
6702
25
795
290
1126
1487
2809
302
25
5781
6
25
1827
3875
596
1674
23186
322
1
13253
13
5781
29
462
363
27151
7370
29
6420
363
12993
313
29
363
3923
3379
15734
14
29
363
29549
26
30569
14
29
363
32120
313
12601
5187
199
29
289
25
3488
413
16101
681
3875
596
4269
596
421
25
29
1656
20
1223
2
6618
10
29
443
34623
20
22146
29
331
999
20
29196
290
20
34375
6
302
10
369
16
363
5126
10
20
1105
494
289
402
739
44386
886
289
10
21773
13
739
6
3
3875
596
4269
596
421
25
29
1656
5489
20
29196
29
9861
20
17249
29
2601
20
8444
12
952
28
437
0
1126
20
4181
289
5489
20
15734
29
9861
20
17249
29
2601
20
8444
12
952
28
437
0
6702
25
1305
290
1126
6238
523
25
681
3875
596
4269
596
421
25
29
1656
2
6618
331
999
20
29196
1126
20
681
2
6618
331
999
20
15734
6702
25
20
51549
290
1126
24904
241
12
413
1725
4738
16
20
3675
4269
596
421
25
29
1656
322
402
1557
583
4738
16
25
322
20
34375
377
658
407
20
15734
13
433
571
331
14645
5187
336
331
363
14645
5187
29
1075
289
20
2886
302
20
3675
4269
596
421
25
29
1656
9421
8391
20
9695
13
2026
7689
421
25
13253
421
25
20
998
433
6
25
1562
29836
421
14
29
6420
363
26303
26
2
21306
14
29
363
31887
26
12601
5187
199
1126
9421
1642
20
9695
13
2026
7689
421
25
13253
433
6
25
1562
29836
421
14
29
6420
363
26303
26
2
21306
14
29
363
31887
26
12601
5187
199
1074
554
387
2
1126
28
29
1457
227
0
363
912
34322
333
319
16
1
2
424
29
915
246
34375
20
8527
29
20
559
34375
20
7622
29
1406
25
1735
29
1909
13
363
3923
6
7
1933
4456
7
446
2
331
999
20
8527
290
20
34375
29
5781
363
5097
226
2
7
506
5097
8772
2
331
999
20
8527
20
2586
20
16597
377
7375
306
630
20
13802
2
8959
20
6600
29
7695
20
718
29
424
16356
25
20
5355
29
363
9761
2
1571
20
5355
1858
1859
3875
596
4269
596
421
25
29
1656
5355
4
20
4530
29
433
545
3
3047
20
1555
1555
20
5355
33484
20
13802
29
2086
20
2158
11853
424
322
1983
20
52685
29
1983
8971
20
9835
6903
596
322
7
29
433
545
3
31577
20
1555
1555
20
5355
11858
20
15496
12
29
5361
20
13309
13
387
1568
6
8858
16
25
29
5367
1568
6
3436
16
25
29
363
9761
2
891
3436
16
25
606
20
28603
290
8858
16
25
29
523
306
1004
20
5355
3417
290
20
16835
29
20
2781
4
13
421
25
2781
23
289
15496
16
25
29
2781
23
289
15496
12
539
25
1033
20
2781
23
289
15496
16
25
13
419
302
23893
10
322
1008
20
539
29
23893
10
322
344
20
539
13
363
18592
681
10
29
3415
12
34375
10
915
2
745
25
29
4531
20
41083
217
290
344
20
12029
29
331
407
20
964
12
336
20
8444
12
29
289
26741
12
344
331
682
2
3467
12
6
3415
12
20
34375
3342
29
523
20
56511
220
20
13794
1111
1521
1659
344
20
2091
225
16
28
289
20
13794
2
20
1008
13
30
424
3933
302
846
2084
12
20
15496
12
14892
20
12029
28
29
20
2781
23
289
15496
12
20
539
302
27870
5706
686
25
322
10
29
302
17752
322
1386
10
6
302
20
10470
322
20
9248
2781
29
421
25
935
424
29
682
421
25
20
2647
29
363
6890
322
25
7612
20
935
915
6
2936
1934
347
13924
347
331
2931
421
25
988
419
5680
289
686
25
13
682
421
25
302
11380
5680
0
26810
20
9248
421
25
336
1476
12
5680
641
13
1033
1406
25
7588
302
424
363
5713
29
363
1912
2
25
8396
22956
195
658
10019
0
406
363
538
290
20
935
13
363
11980
1950
322
20
4985
290
5647
20
11475
29
12319
20
28603
606
20
2496
2
20
23323
29
424
4687
289
385
8163
20
681
289
1357
25
29
38810
686
25
13
363
4680
780
25
29
6
713
387
2250
20
4683
780
1571
20
5355
289
405
20
4601
1111
363
10964
322
15496
4
8797
12
363
3201
331
999
20
964
12
336
331
2246
20
8444
12
1111
20
1255
363
43427
10
15496
12
29
416
11146
10
20
4731
2
20
15496
12
29
1968
10
30
20
19755
6
10
29
6
387
40961
4801
12
20
5355
29
433
3027
413
20
22913
331
17035
1486
0
363
3233
915
541
7
1382
25
6
38052
6
25
20
5355
29
2140
1487
972
6903
596
322
7
289
20
5355
29
1112
25
336
20
8219
29
416
9507
1357
5
25
2
5146
12
29
433
545
3
363
9761
2
1571
20
5355
29
523
2
57763
28
57763
6
20
15496
12
29
57763
6
20
1469
16099
242
2
25
29
6280
1357
5
25
29
1033
20
16835
13
761
12
13
20
491
20
857
12
29
419
302
363
3618
6
4367
4118
29
363
17053
0
6
1003
9721
406
7661
2
25
20
31887
20
10194
14939
0
6
20
3177
12
714
10012
20
38372
20
2782
12
554
20
1571
13
348
331
36240
25
3919
29
6354
331
3615
25
20
38372
13
2803
20
2782
12
554
20
1571
1382
6
20
23674
12
290
578
20
4340
28
29
53011
6
686
25
714
2062
1486
25
20
6595
606
20
1571
29
1260
9291
596
20
3520
20
6700
36792
2
596
290
20
20319
20
40386
20
10343
20
13914
258
20
8926
20
27118
714
3618
739
20
8256
12
347
22498
4801
12
20
5355
13
348
25
348
462
1972
289
20
5355
915
2057
20
986
29
20
3531
380
28
6
20
15496
4
13
20
1008
336
20
26950
8797
12
289
25
26630
12
290
1457
12
20
13309
29
419
3227
6
20
1008
289
20
15496
4
714
363
11980
20
1310
289
20
942
4
322
16851
20
15496
4
2
22024
289
2465
20
57763
31657
20
5706
306
20
15496
12
290
527
363
32775
29
6
1003
25
9507
1487
972
6903
596
322
7
1357
5
25
29
22009
20
4459
28
606
20
1571
29
363
26510
2
1571
20
1555
20
4174
583
28700
198
289
20
491
29
302
363
13268
1254
20
2883
406
7194
306
971
20
1265
12
13
348
25
20
20688
289
25
2
10283
12
20
637
29
20
1154
12
421
25
1252
957
25
20
38372
6
11435
25
363
3201
20
2883
20
4174
13
6
25
1365
313
12
29
289
25
4456
29
302
9467
566
20
2158
2
3558
12
20
5355
29
5122
686
25
13865
0
289
20
1555
20
4174
1053
12
29
18074
25
336
19164
13
348
25
7849
1555
2
19164
20
2158
290
999
29
20
8314
290
2246
1450
2882
2
596
290
424
406
20
11257
363
17620
322
935
20
641
12
289
2478
12
13
348
10
3650
25
29
5770
25
13
658
6
25
289
402
331
6604
25
290
2883
347
2158
347
539
7
982
12
29
21826
12
13
348
20
6951
4934
2
1068
3
16
25
13
985
1858
36461
29
6838
29
1084
29
58362
5434
24113
16210
12
11569
12
13
985
5649
16
3
1548
16
20
36461
4934
336
20
12380
20124
1040
16
10
29
20
58362
5434
4934
336
20
10172
20124
14438
10
29
20
6838
4934
336
20
5503
20124
2798
12
3728
10
29
20
1084
4934
336
20
28070
20124
2798
12
13212
10
29
15355
16
10
13
30
424
19570
718
20
641
12
363
2627
290
20
4221
3125
0
915
29
658
6
25
21826
12
29
3065
6
20
641
12
406
363
4934
336
1557
915
29
5872
596
1735
29
1909
6
25
718
982
12
13
348
1008
336
11731
4162
4298
12
20
10213
29
348
1008
336
418
12
4162
25528
19164
29
348
1008
336
947
12
15859
12
18524
12
4162
9248
0
29
5422
297
0
29
20
35786
12
29
348
2934
1965
0
4183
0
4162
17427
12
20
947
29
348
2699
3125
0
1195
0
4162
6665
20
546
12
29
348
2934
1179
12
1340
347
2647
289
1071
347
1881
4162
331
27794
290
641
681
25
414
20
1861
290
20
1340
29
20
2647
29
331
15365
302
658
387
419
20
3215
306
1950
20
11257
915
363
11196
25
322
25
915
1185
4
20
4118
13
985
665
354
12
20
3770
289
20
4118
336
354
12
20
3770
289
20
641
12
4165
211
10
348
462
1972
3673
22826
1950
25
29
21303
209
16
12876
16
25
29
290
20
16835
302
363
8375
606
20
1571
29
348
1656
421
25
462
1166
2
7590
20
998
406
20334
348
4210
539
25
29
348
4454
433
52857
1
596
29
363
9761
2
302
27791
20
1004
29
1260
52857
1
596
6
5855
20
2288
714
363
13268
20
2288
289
20
5355
29
363
7405
20
3424
915
964
0
29
363
9761
2
6589
20
58724
12
290
20
8926
29
13039
1571
20
5355
407
20
6464
28
29
1908
0
290
20
10442
13
348
424
739
2730
20
12615
29
363
9761
302
53298
25
539
25
1093
906
424
322
1982
413
43909
9200
2
302
22009
25
1310
462
1972
290
1859
25
29
433
348
25
39630
338
289
20
5355
333
12
13
1510
16
302
399
8806
25
2
331
15579
2
25
14919
9920
58619
227
2
424
29
5553
306
4681
25
331
2492
545
20
11679
12
302
3875
596
4269
596
421
25
29
1656
5085
1770
0
289
545
19190
25
13
11461
306
7710
25
29
459
4136
48243
1624
25
13
1457
16
331
387
1827
3875
596
13
433
348
20
10424
12
47194
16
484
1126
5085
1770
0
289
545
19190
25
13
11461
306
7710
25
29
459
4136
48243
1624
25
20
1126
6702
25
20
51549
289
20
1990
290
1126
972
2
3912
4504
714
2885
14210
290
20
5355
2271
596
1735
29
1909
306
405
20
3047
12
1093
5781
20
2883
20
4174
289
20
6187
290
20
6665
377
6642
322
25
29
433
1487
972
6903
596
322
7
20
5355
290
20
6665
377
3532
1302
387
290
558
12
20
4731
1033
290
558
12
20
1388
1093
5781
20
5355
414
20
2066
12
2014
290
20
38631
29
5781
20
2066
12
289
402
930
333
12
38861
7370
20
333
12
20
8243
29
9076
20
3507
29
3968
289
20
1581
29
5781
2603
12
289
20
5355
1268
0
289
20
6187
33783
290
4323
12
5347
29
5781
4154
12
289
20
3165
414
20
5355
17442
4323
12
5347
29
8307
20
822
28
2
2883
5258
414
20
2037
290
20
5355
2014
290
20
35119
29
13039
1254
20
2883
20
5258
306
20
1469
606
20
2037
29
6354
4323
25
387
970
20
1259
29
1033
20
1911
1093
433
4269
596
421
25
29
1656
363
5145
6
20
1486
302
3618
25182
16
25
20
5355
1126
363
5145
6
1486
302
3618
25182
16
25
20
5355
20
1126
2281
289
377
4135
25
315
3429
29
289
20
1555
9007
199
29
20
6716
302
25
5680
306
20
1259
1571
20
5355
915
2
1365
3775
1126
5680
306
20
1259
1571
20
5355
915
2
1365
3775
20
1126
6702
25
20
3786
29
20
2590
29
24652
25
290
1126
3587
290
369
6094
2
596
29
20
437
20
641
13
363
3618
20
5355
915
2
1365
3775
29
290
369
6094
2
596
29
20
437
20
641
13
363
3618
25182
16
25
20
5355
29
6
20
2590
290
1126
8022
20
5355
5680
306
1911
319
16
5
433
2223
20
9968
29
6
1983
7415
29
1487
6185
25
290
1126
459
596
413
972
13
363
3618
10
20
1259
4404
2
20
57763
12074
1924
4959
20
1911
915
290
3288
12
347
686
307
29
5680
306
20
1637
12
1571
20
5355
915
686
307
347
3288
12
29
1858
16
8022
6903
596
322
10
5355
0
290
38471
2
10
13
348
1858
16
6
1368
12
13
363
1786
915
2
1365
3775
5720
253
29
13039
6
20
1486
302
4617
10
2782
12
20
5355
13
658
2619
0
6
10
306
20
19299
20
1293
20
632
956
2474
289
20
13802
290
20
4780
29
443
2904
12
20
491
2024
20
1469
29
363
9761
2
2601
25
6
290
3974
20
6618
29
363
9761
2
780
25
6
290
745
3023
25
29
51855
196
25
915
985
780
25
40037
0
446
1891
0
29
419
10312
2057
20
24577
12
347
3835
20
5452
774
306
869
12
2057
20
2738
527
2250
424
2617
0
6
3
13
348
25
985
462
1972
1731
0
369
424
26427
0
20
632
2024
20
17396
29
416
433
4269
596
421
25
29
1656
939
1526
20
17396
29
289
7590
641
764
24
20
30569
29
289
7590
641
1373
24
20
30569
29
40168
24
20
22075
1126
939
1526
29
289
7590
764
24
29
289
7590
531
6937
49647
8088
1141
29
46966
24
20
22075
7388
421
25
290
1126
1487
972
2
7590
531
246
24
29
6
1305
290
1126
1983
21519
12
764
24
29
6
795
290
1126
25
939
1526
446
18297
4959
37294
246
20
2543
12
446
724
10
29
37294
246
20
1557
724
25
29
290
25
29
3489
20
13030
12
9782
28
290
724
20
8233
29
289
7590
641
531
246
24
29
387
4035
2
20
10122
29
1406
25
1373
24
5553
306
331
743
424
29
433
596
1735
29
1909
348
41760
32129
4959
16678
22528
199
25952
24
446
33541
2210
421
14
29
1033
20
2601
13
462
5575
29
20
1329
3278
20
1908
290
20
2601
906
322
20
11679
12
1008
545
20
1187
28
336
1486
475
3195
17396
25
13
433
41564
1859
3875
596
4269
596
421
25
29
1656
29
433
20
18866
12
413
839
12
1008
840
3875
596
4269
596
421
25
29
1656
29
416
2992
17396
5
13
433
11726
50868
25
848
306
6408
1
1126
20
18866
12
413
839
12
1008
840
3875
596
4269
596
421
25
29
1656
29
416
2992
17396
5
13
433
11726
50868
25
848
306
6408
1
6702
25
883
7415
29
20
3786
29
20
28982
289
20
36724
29
363
9761
2
780
51747
5
25
29
7
1900
0
20
17396
1330
424
972
29
539
25
6
302
424
363
13145
20
6759
29
363
3040
289
25
10171
20
3735
1111
363
2139
840
25
29
1406
25
4269
596
421
25
29
1656
46966
24
20
22075
446
30
3456
10
29
289
20
1210
348
20
3847
40320
26
30569
469
9660
38494
38362
3
3908
1253
10402
1126
348
20
3847
40320
26
30569
3
29
26329
26
38362
3
3908
1253
10402
6702
25
795
290
1126
1983
870
12
1457
8
1827
3875
596
348
2057
20
1058
26329
26
2401
2195
3
29
5001
26
51747
3
13
433
939
1526
51747
14
29
5346
24
2401
2195
14
29
11977
24
2057
20
1058
1457
16
29
20
6716
302
387
1330
20
42330
13
289
2223
1487
972
289
20
42330
302
3
5001
26
51747
3
29
18863
26
38362
3
3908
1253
10402
29
617
25
545
20
2746
20
2601
29
13854
25
12722
12
20
1091
2024
20
17249
29
40961
9861
25
289
402
952
28
437
0
333
12
29
424
3516
306
290
2898
9861
25
289
20
5855
13
1033
290
2898
20
2601
52661
7952
20
2601
1111
289
20
9861
5112
29
25160
29
20
6325
20
4892
12
29
302
363
7375
20
34375
289
5323
10
29
2915
424
2
20
2601
20
1604
2024
20
8444
12
29
40961
3415
12
424
4475
2
20
2601
347
2
20
2066
12
29
363
3933
302
17749
322
952
28
437
0
20
1931
20
29196
29
26033
10
24019
6
43618
12
947
16
10
985
2992
16
29
2026
7375
289
10
290
20
34375
433
3875
596
4269
596
421
25
29
1656
1827
8618
21519
12
57826
29196
1
13
348
20
8926
27934
306
331
2992
290
10
1126
1827
8618
21519
12
5489
8527
1
13
348
20
8926
27934
306
331
2992
290
10
6702
25
20
5186
289
20
785
2
9968
4504
290
1126
3587
939
1526
35933
10228
14
13
348
20
8926
2931
331
407
20
5733
29
20
8527
29
1252
369
999
20
8527
34375
13
363
4531
424
479
12
20
24958
6
302
25
363
4531
1361
20
2883
304
57291
39736
289
25
6
20
1265
12
363
3201
289
29196
20
1486
29
289
20
21773
335
10132
306
20
18067
199
29
3013
20
15464
29
20
3855
290
20
1223
29
2057
20
11731
29
369
3875
596
4269
596
421
25
29
1656
12527
3
2
20
5489
29
11380
421
3
331
2627
999
29196
3
290
20
21773
29
462
12527
3
2
1250
12
20
3177
12
29
1252
681
2
25
6
369
289
25
3436
12
660
29
419
20
26214
29
20
32327
322
424
29
462
493
289
20
1528
1210
0
17054
0
289
2744
5489
20
29196
29
523
2934
16
302
25
4269
596
421
25
29
1656
1122
2
14963
16
25
20
6989
29
6165
2
24815
25
20
6989
29
18412
289
20
6595
2
20
4386
609
336
20
24815
1126
20
4812
276
12
289
5489
20
15734
2
14963
12
20
6989
29
20
6165
2
24815
10
29
289
20
6595
2
20
4386
609
336
20
24815
462
6491
6
25
2335
0
29
416
10570
25
883
459
596
20
8694
299
289
20
1340
306
20
14689
29
37081
421
25
2
25
29
2026
6183
16
289
387
2130
848
290
20
2811
331
5553
306
302
20
2540
12
289
25
2223
12
1111
713
387
20
2811
363
27794
5855
915
25314
20
18802
12
29
1033
20
687
5452
20
12876
12
13
2303
16
25
302
48186
25
290
20
2983
414
906
20
1330
840
25
13
377
2201
848
289
25
29
20
957
606
596
6793
25
302
25
363
538
290
5489
29196
20
745
29
20
1486
29
20
745
4536
290
20
1486
13
3039
2
10
714
20
6989
4536
290
20
6595
13
3039
2
10
714
306
20
6989
1240
12
7746
29
20
14963
12
4536
10
1111
443
20
1164
12
289
28349
20
2232
12
290
3248
12
20
7746
714
414
10
3933
302
7538
821
276
2
331
306
4548
10
1111
20
4731
40961
618
12
20
41504
29
539
25
306
20
4548
29
348
782
16
1624
20
1723
306
20
1155
13
20
24815
419
20
4548
29
348
782
16
7710
20
1723
13
20
5244
443
20
6989
29
20
745
985
780
16
2
2869
10
369
20
1723
17509
0
336
558
12
20
1155
1111
558
12
942
12
20
4548
336
20
5572
29
342
1470
20
942
12
336
20
5572
2651
1624
20
1723
1682
0
13
331
11914
25
20
2869
1012
714
985
782
16
20
1723
306
20
1723
2250
16
20
7746
289
970
2601
12
1925
12
13
11914
2744
20
573
20
3260
322
4548
20
14963
12
336
302
2245
336
20
14963
12
13
3381
20
4812
276
12
2
4386
609
20
6595
29
20
6165
2
24815
10
29
3040
24815
20
6989
25630
345
2
25
20
26033
29
2150
971
16
20
1723
1212
12
306
20
1723
583
18284
20
7746
30
1829
289
2601
12
6
3499
2744
10
29
2120
424
1012
290
2120
782
20
1723
306
1624
20
1723
347
782
1624
20
1723
306
1624
20
1723
13
348
424
363
11914
25
20
2869
29
1033
7746
20
1486
13
20
1012
606
5
348
462
6196
289
10
906
302
3039
2
4386
609
20
6989
29
17463
2
4386
609
20
6595
506
289
20
4801
196
13
348
20
6849
335
935
10
289
20
745
363
7089
51160
1111
363
14963
12
289
20
1486
29
405
20
7746
289
970
852
826
3490
306
20
1155
13
3039
290
831
20
6989
13
348
2120
10
2601
12
2
782
20
38611
306
20
38611
1379
5755
25
20
2869
2
1901
20
745
28
29
405
20
3918
289
20
2744
27363
25314
20
18802
12
289
2478
12
826
12
29
2150
13666
20
4456
421
8
714
1252
8032
8
5855
322
20
2744
289
424
1963
462
15191
6
8
29
985
935
8
1330
25
4269
596
421
25
741
386
4145
2302
223
1963
20099
6
8
988
19619
25
4269
596
421
25
29
1656
2
2232
12
20
970
29
10111
25
306
20
2811
19585
20
2811
29
363
17762
219
302
5814
25
4269
596
421
25
29
1656
289
630
942
4
25
369
16
1220
12
322
3790
29
938
29
2744
406
630
20
1687
20
9857
12
335
935
8
10
7548
289
10
20
3817
407
1636
28
347
4590
369
363
2062
306
826
2619
2
20
980
406
2
2811
11914
20
8837
29
20
1147
13
348
20
33804
11988
0
506
7316
30501
12
20
36819
29
2159
20
942
4
2
7060
28
20
6849
30501
12
6526
596
3805
29
4366
369
16
942
4
20
1310
29
2130
4
25
336
20
2159
3823
29
322
20
5920
29
780
25
24446
5617
369
16
2153
16
25
336
6194
12
20
12323
29
20
6526
611
29
369
2163
25
290
596
1735
29
1909
3217
1111
20
1908
290
20
3675
4269
596
421
25
29
1656
419
20
1908
290
596
1735
29
1909
29
20
1908
290
596
363
538
302
658
1908
0
13
20
1908
290
20
1908
1908
2
20
837
12
336
539
25
47762
2882
2
596
302
658
9751
942
4
8
29
3796
4
8
289
745
20
8926
2
3551
12
20
9721
29
1841
289
2159
20
942
4
2
1639
16137
25
4269
596
421
25
29
1656
13
348
25
369
5019
827
289
1357
25
20
6989
662
0
29
289
20
6595
1753
1126
369
5019
827
289
1357
25
20
6989
662
0
29
289
20
6595
1753
6702
25
20
51549
290
1126
1487
972
2
9968
4504
13
3039
2
20
6989
6
2738
10
29
10148
25
407
20
1357
28
6
846
20
3248
12
10558
0
13
348
6
20
10558
1621
0
322
20
1514
13
348
596
6793
25
10558
5329
20
10558
13
363
3933
302
11980
1330
20
459
290
1208
12
6
1790
290
14718
596
3805
29
6
424
4117
221
20
26719
289
20
18809
293
29
2150
462
7194
306
20
662
29
419
10558
6
302
20
6595
363
4879
10
915
826
12
29
20
3215
302
20
826
12
363
11732
3229
20
45270
2
20
20112
29
2150
5498
20
4548
2
20
662
6
302
20
12422
363
538
290
25
6
20
26719
29
20
4548
1243
13
443
2
20
1154
12
17734
13
348
1457
16
13
462
10741
306
1753
6
20
6595
29
443
1514
13
20
6520
302
424
1368
12
1111
1252
1968
6
402
826
12
10558
6
369
20
800
1514
0
1111
20
10558
315
20
10558
1514
29
1610
16
25
20
26719
289
800
20
1330
29
419
289
970
20
23009
12
20
826
12
4454
290
1610
16
25
289
20
33253
29
6
424
3800
0
1112
29
419
302
5019
827
289
402
826
12
662
0
306
4182
20
24958
1126
20
1639
16137
289
402
1357
662
0
433
20
14689
29
906
424
289
20
2223
1457
16
419
606
20
28982
29
1487
6185
25
290
1126
1487
2809
433
20
28982
1126
1195
29
416
906
424
289
20
2223
29
419
20
1012
29
1252
2489
16
1591
5777
209
3918
331
13126
195
25
4269
596
421
25
29
1656
289
942
4
25
6
2992
20
681
39979
2
331
2934
16
25
331
462
9419
25
29
29990
302
20
687
363
658
24900
0
6
20
3675
4269
596
421
25
29
1656
915
985
5960
306
630
6849
20
4317
12
583
363
658
407
25
29
407
20
3675
4269
596
421
25
29
1656
915
1326
12
826
12
29
443
1326
12
20
18802
12
29
443
20
1326
12
20
2910
12
407
20
24900
29
20
9052
1111
20
9052
419
377
1677
20
1281
6
25
29
14979
2
6057
25
29
654
507
421
25
29
20
24900
419
377
462
2915
29
462
5122
421
25
29
523
3557
840
25
29
10013
25
290
25
414
1424
25
6
25
13
5913
405
20
6849
315
4220
12
681
10
2
20
837
12
336
20
21791
29
20
6891
363
10777
2
10623
10
5855
915
20
12323
29
363
10777
2
19585
10
3730
0
414
10111
20
12323
421
10
915
20
2746
801
332
8696
12
20
12323
421
3
20
998
20
2436
29
20
1953
1154
12
20
964
12
29
51022
12
20
5265
246
12
1033
20
964
12
13
10136
289
491
20
4313
12
29
1033
20
6946
2
20
15028
13
33901
20
3847
289
20
437
20
1953
290
20
4313
12
29
2054
16
3
2
20
5292
336
302
4938
1411
20
3079
4454
29
5617
322
20
2130
433
4269
596
421
25
29
1656
20
15028
501
12
6
20
1259
29
3313
12
6
20
1911
1126
20
15028
501
12
6
20
1259
3313
12
6
20
1911
6702
25
795
29
20
49399
290
2540
12
1983
20
15502
413
4083
12
322
13521
2
9968
4504
29
3933
302
363
23210
289
3707
20
1637
12
433
4269
596
421
25
29
1656
20268
5897
12
29
369
16
13592
1827
319
5897
12
23171
5
29
363
50681
209
13
348
25
4947
6
20
1112
29
42121
606
20
1514
1126
319
5897
12
23171
5
29
363
50681
209
20
1126
6702
25
20
2590
29
20
49399
290
1126
20
47662
413
10917
29
6
1983
7415
974
25
290
1126
319
5897
12
29
3395
7
4504
446
611
6
2883
20
1112
29
958
25
29
5505
289
1581
10
13
10775
336
36340
12
7590
25
4269
596
421
25
29
1656
289
20
23579
12
29
336
16003
2066
20
18802
12
290
1888
20
641
12
335
443
1565
9971
20
18802
12
336
20681
866
20
4118
583
19160
6
25
29
419
319
5
290
387
20
681
20
18470
971
25
331
1252
1814
16
20
13149
12
322
25
34798
5441
25
13
6793
290
3835
25
2658
12
6
20
687
28
6
4956
6
3
2
1699
2449
16
25
1888
20
4118
29
20
986
4269
596
421
25
29
1656
20
2586
12
331
2992
290
20
13013
12
29
2150
646
8
10
6
38046
2
10
331
289
20
13013
12
290
20
16835
29
20
12722
1111
387
3823
6568
10036
2
25
935
10
29
416
7335
24
956
2992
290
10
13
5781
348
2470
20
1486
306
13013
16
25
29
2104
331
1621
322
20
2470
12
13
363
9761
1093
1330
25
1487
972
29
1581
12
290
20
1187
28
29
36344
25
20
1593
29
1487
1815
28
29
11435
25
20
1195
29
25692
12
29
433
0
780
10
8462
12
4454
6
1406
25
4269
596
421
25
29
1656
46966
24
20
22075
29
20
681
289
387
1908
348
462
16763
336
11876
241
20
13013
12
29
9386
10
290
20
3866
13
348
20
2950
20
8825
416
18647
20
3045
12
29
4281
10765
12
20
932
4926
28
2
20
8199
840
25
13
363
9761
2
20
28603
322
25
306
405
20
857
12
29
433
20
3719
480
10255
16
6
1486
11257
1558
20
13013
12
1562
363
4518
290
13013
16
25
29
2651
10
407
13013
16
28
13
348
20
13604
289
402
1557
1195
29
6
424
5781
4366
2992
16
20
13013
12
34416
211
20
2983
2290
29
289
20
13013
12
761
18998
19299
12
29
545
10
5492
46557
12
290
545
47291
10
2
20
11731
29
15474
10
2
20
14136
29
9861
10
29
9861
20
12959
290
10
29
20
17943
290
10
29
20
1154
12
29
10855
10
8531
0
6
1003
20
28104
29
780
10
19005
12
6589
0
6
20
20513
29
20
1008
336
11731
10
10255
0
2
20
960
29
336
12012
10
13295
0
2
11269
20
501
29
47291
10
2
20
4029
12
29
20
2667
12
290
539
857
12
7732
0
2
20
1191
28
1033
20
491
29
419
20
47291
2
20
11731
13
419
21749
322
25
6
1406
25
4269
596
421
25
29
1656
1866
960
14
290
7732
2
4752
14
31928
4752
14
290
7732
2
960
14
1126
1866
960
14
290
7732
2
26976
14
20
1126
6702
25
20
51549
290
1126
6802
12
2
9968
4504
29
20
5149
2
20
7732
2
20
4752
289
20
25061
363
289
15474
20
2024
166
13567
322
20
47291
2
20
11731
1126
13567
322
20
47291
2
20
11731
6702
25
1487
1689
289
20
2620
4
290
1126
3606
413
20
1360
2
9968
13561
29
6
1305
290
1126
3587
29
539
24
387
2
1557
29
53761
24
20
11731
433
25
997
2699
12012
2024
1983
4123
317
12
29
433
419
47291
2057
20
2158
1126
20
47291
2
20
11731
47291
2057
20
2158
29
289
7590
47291
20
15292
6702
25
20
51549
29
20
2590
290
1126
1487
972
2
7590
20
14845
433
1487
1983
7688
9248
29
289
7590
641
20
47291
2
20
11731
47291
20
15292
29
7153
1486
306
1800
972
6903
596
322
25
29
369
31637
221
2
20
11731
13
8111
47291
25
29
1624
16
12959
16
25
13
1299
25
2057
20
1637
12
336
972
6903
596
322
25
2949
24189
25
29
42867
25
1934
0
29
433
27983
16
20
4008
2
20
960
29
9732
16
421
3
12959
16
1
29
5191
491
290
3300
221
2
20
11731
11702
6
322
25
596
29
322
1487
2809
6903
596
322
7
322
20
3675
4269
596
421
25
29
1656
302
25
433
658
289
641
20
4770
4008
31637
221
26
2
20
11731
30
25920
451
20
5355
363
17722
26
7010
12
20
546
12
1126
658
289
641
20
4770
4008
31637
221
26
2
20
11731
20
1126
6702
25
883
7415
29
20
3786
290
1126
1487
2809
2
9968
1573
20
632
20
47291
2
20
2667
12
29
20
4029
12
29
419
1812
26427
0
6
20
12959
306
20
15292
289
20
5012
29
20
4461
13
348
462
1972
306
405
20
857
12
406
6
20
7732
2
2057
20
986
13
419
30820
29
416
433
3875
596
4269
596
421
25
29
1656
20
2667
12
47291
20
1305
28
29
20
4029
12
47291
20
4940
28
1126
20
2667
12
47291
20
1305
28
29
20
4029
12
47291
20
4940
28
6702
25
20
51549
29
20
2590
2
7590
20
30274
290
1126
1487
972
433
1487
1983
7688
9248
29
369
24
31637
221
26
2
20
21521
6
20
4029
12
29
2
20
25785
29
20
22871
6
20
2667
12
29
3300
221
545
20
2746
2
20
11731
6
1003
20
5012
29
424
363
9761
2
25
985
479
16
20
857
12
29
462
1972
289
25
9721
29
13737
12
20
1091
15474
10
2
20
14136
12719
0
6
6589
11269
20
501
2519
0
336
20
38091
29
2647
20
2232
12
29
20
7945
2
20
2540
12
322
20
4752
29
5905
0
322
20
960
29
6589
0
6
3927
12
20
957
5828
0
2
302
3927
12
20
1114
5672
25
1621
0
29
25896
13
363
2893
8249
20
501
6
20
14420
915
6908
0
13
20
957
8583
12
20
2983
29
443
16447
12
29
363
4687
20
12959
289
10
29
290
369
16
16447
16
25
20
36815
13
2950
20
354
12
2476
16572
16
25
29
416
369
20
4752
2062
26
20
960
3506
29603
369
972
413
20
2264
6903
596
322
25
2062
1487
2809
29
419
1126
20
501
306
21907
20
11679
12
29
6642
25
743
3
29
433
1487
2809
6903
596
322
7
331
22202
596
1735
29
1909
459
0
957
0
915
2001
0
29
20
1866
402
25
289
20
960
714
4392
1406
25
1735
29
1909
433
24
2934
8
10322
2086
3
5191
6
25
1536
29
1406
25
3805
348
3
4065
12
3949
24
2
919
3
29
16054
2238
3
7344
29
1406
25
3805
29
5103
8
25
20
970
5280
0
29
369
6238
6903
596
322
25
1260
2470
3875
596
4269
596
421
25
29
1656
29
682
289
1469
25
29
13013
16
25
761
26
2024
12
4405
13
5781
6
25
1827
8618
6141
12
1093
36918
13
433
462
12129
25
596
2
20
12959
13
5781
19507
8338
13
433
30
11138
13039
25
1126
2470
3875
596
4269
596
421
25
29
1656
29
682
289
1469
25
29
13013
16
25
761
26
2024
12
4405
13
5781
6
25
1827
8618
6141
12
29
416
36918
13
433
462
6219
596
2
20
12959
7388
421
25
290
1126
6238
743
1406
25
13
5781
20
146
29
6
1305
290
1126
25
29
8032
322
12959
3875
596
4269
596
421
25
29
1656
433
331
1104
25
596
2
4405
29
5191
348
4301
413
49483
1720
20
1646
29
419
1487
1794
29
761
28
501
12
13
433
6
25
1486
289
513
25
2205
302
21576
25
2
6012
501
25
990
501
20
2989
4928
25
596
13
433
713
501
18174
413
34185
997
29
363
25
3875
596
4269
596
421
25
29
1656
1188
12
508
12
29
1646
10
13
582
4449
25
1126
4301
413
49483
1720
20
1646
29
419
1487
1794
29
761
28
501
12
13
5781
6
25
990
501
20
2989
13
433
713
501
18174
413
34185
997
29
363
25
3875
596
4269
596
421
25
29
1656
1188
12
508
12
29
1646
10
437
20
1363
29
1412
1157
290
11076
413
2999
997
1112
2
25
3875
596
4269
596
421
25
29
1656
2989
0
306
2057
20
1699
6702
25
20
5186
289
20
899
2
9968
289
25
1008
29
331
935
25
1487
49483
2223
2
20
665
12
336
18174
413
34185
13
348
25
369
997
20
925
12
1487
761
28
29
1033
2
20
665
12
336
11076
13
2150
697
6
25
424
306
1406
4301
413
1725
20
9835
29
4000
29
1487
1983
7688
348
25
369
997
5099
1487
6101
29
761
28
501
12
29
20
7648
302
25
5099
1487
662
29
662
28
501
12
289
20
20309
501
12
2904
12
761
29
596
7588
29
2492
322
4000
2658
25
596
302
25
433
6025
16
289
545
20
1528
363
39529
12102
199
20
22075
13
348
20
6455
6
25
6
418
12
29
433
883
3606
413
20
5238
985
1548
16
20
1486
1558
20
968
12
1693
20
2085
12
5176
20
13013
12
13
1387
269
421
25
2
20
36815
29
1252
369
16408
413
459
3160
29
433
8971
20
4394
16218
209
6555
16
20
989
1487
6101
28
501
12
6174
20
14545
9352
290
25
29
433
421
413
20
1534
290
2376
289
25
20
957
554
1
13
419
3784
1
289
25
29
348
369
6115
11454
290
1
29
5781
6
576
5
3606
413
20
5238
446
39179
290
20
989
302
9352
290
20
1693
13
433
348
369
20
6908
533
717
2
25
13
20
3305
10274
2
25
29
433
4301
413
2619
6
795
413
27697
29
416
13854
25
15219
2123
2
3700
12
20
14223
1827
8618
459
596
780
16
1126
13060
2
11269
25
29
13488
2123
2
3700
12
387
20
10322
29
9419
290
25
13
433
6
25
795
1252
2219
16
6
17100
13488
290
20
831
20
641
348
957
13060
348
13166
5
2
11269
6555
16
25
2
5687
29
348
2983
387
20
2001
348
13166
5
462
6555
25
2
11269
29
363
5687
20
1604
9861
12012
10
52477
0
290
20
12959
29
416
13567
421
25
20
998
322
9861
20
12959
29
433
419
2066
20
4940
1126
13567
322
9861
20
12959
29
433
419
2066
20
4940
6702
25
883
7415
29
20
28982
29
1195
25
20
3786
29
1487
6185
25
290
2540
12
3606
413
10687
322
13521
322
762
25
29
419
289
2811
20
47291
2
20
11731
17021
12
20
7506
12
331
2376
29
20
12959
2066
596
3805
29
20
2110
12
322
25
2110
12
322
20
2066
20
1931
9861
10
347
9861
545
10
2
970
20
7269
29
20
10604
29
424
16010
25
29
33572
25
6
20
3045
12
29
9861
20
1150
217
28
12722
12
29
7
831
0
20
2092
198
12
1331
606
972
413
459
20
2138
1486
369
1594
246
13
14967
25
2949
2232
16
25
2855
972
413
20
2264
6903
596
322
25
29
1487
1983
6765
2989
20
689
12
2232
12
290
369
1594
246
13013
16
25
29
1033
9861
10
289
491
20
5724
7732
0
2
20
9174
13
290
20
9248
4
20
2247
13
348
20
13013
12
2981
12
20
1259
13
348
6
596
6793
25
13030
12
14188
26
29
377
2981
2042
8590
2
20
22075
29
419
290
2309
20
3045
29
13103
6537
20
1259
322
20
1911
29
5781
289
3025
20
10965
20
13013
12
443
20
5149
2
1406
25
3805
2893
289
20
3045
331
12690
433
1859
20
53441
413
10917
31910
8
302
24261
6
20
53441
6
418
12
29
1252
2
761
28
936
0
29
433
5780
20
2989
31910
16
302
848
6
418
12
29
1252
2
761
12
1879
29
1562
20133
20
13013
12
29
289
10
13434
20
1486
29
20
1008
840
25
2
1357
20
957
29
20
25061
29
20
1299
289
20
4124
29
4273
20
5038
840
25
29
20
1147
306
20
1581
12
29
5419
12
20
1046
13
348
290
22908
3915
2
20
13013
12
348
369
6
20
1333
321
6
418
12
29
416
5781
348
2057
20
546
12
9174
915
12032
561
0
2911
4269
596
421
7
29
1656
13
348
6
25
6
418
12
336
964
16
25
3941
0
6
25
29
12422
0
20
2436
11876
241
10
30
20
4456
209
12
1370
12
306
1370
45986
17503
3237
6
20
1911
29
20
8531
433
10005
658
289
641
20
4770
28195
26329
26
38362
3
30
8630
20
5355
12
37605
832
9036
36482
3
30
20
57692
5497
363
11817
6
3
20
1953
20
1154
12
289
10
29
419
302
2893
289
2024
20
5214
28
290
20
54901
28
29
419
290
2024
20
1469
583
34942
4511
20
22075
29
5654
336
1520
20
4426
29
424
1631
2913
869
12
2057
20
3295
20
2586
10855
10
6
1003
20
1255
433
3027
289
20
13013
12
521
23
10855
10
6
1003
20
1255
29
780
10
3540
622
251
6
6589
20
20513
20
3070
29
20
3542
20
1008
289
11731
10
347
289
12012
10
2
1357
20
10255
29
424
30820
289
630
4780
20
13802
406
289
630
20
5568
29
20
5814
306
331
22
2281
994
25
13
387
331
1510
8
302
9913
25
290
2665
20
14939
29
20
4892
12
29
416
1677
290
662
12
7423
290
16835
20
4122
48261
761
12
23009
12
1240
290
10
289
20
1469
29
443
1529
2024
20
1469
1126
1529
2024
20
1469
20
146
290
1126
1487
2809
302
3875
596
4269
596
421
25
29
1656
369
26129
2024
25
336
302
433
714
1529
3875
596
4269
596
421
25
29
1656
1469
25
29
20
1328
17149
12
29
20
17994
1126
761
290
20
6007
12
20
1126
6702
25
1305
290
1126
8022
29
7590
25
939
20
17396
29
7875
20
13013
12
29
20
37929
29
17994
25
20
2883
29523
20
29196
29
8307
20
18067
199
29
9861
20
17249
29
2601
20
8444
12
29
17808
20
2883
433
25296
242
2253
20
2629
5595
433
15107
29
3939
16
20
3542
12
915
302
846
20
1328
17149
12
2861
25
20
3786
29
6
1983
7415
29
1487
6185
25
290
527
3841
413
4343
974
25
13
935
289
25
20
1328
17149
12
29
20
1481
2377
29
20
442
9187
29
462
2086
7875
20
13013
12
29
17808
20
2883
433
883
7415
11853
974
25
322
1487
2809
433
1240
402
10
289
20
1469
29
935
290
10
20
1529
29
462
2086
7875
20
13013
12
29
289
20
2223
28
290
1126
1983
21519
12
20
6007
12
1240
20
15028
20
1126
29523
20
17396
29
20
37929
29
662
12
289
20
745
29
20
1486
29
443
20
5489
29
8307
20
18067
199
29
6618
20
12601
221
1126
6618
20
12601
221
1074
29
952
12
289
20
4122
29
443
9861
20
17249
29
20
4117
1203
29
20
15028
29
20
2629
5595
2
20
2883
1093
2855
16
20
3243
2
800
424
29
985
369
4347
387
20
1058
20
1568
6
20
20542
12
20
2560
12
743
20
5762
12
31004
5777
211
306
387
29
9119
1659
198
302
1621
4
20
5762
29
21773
25
335
1166
20
6618
290
10
611
290
302
17268
29
22
2281
7071
10
289
2413
20
29422
4
315
3549
20
1748
289
3415
16
10
29
6946
20
1950
290
10
348
5523
596
1735
29
1909
408
1058
6891
20
20542
12
2
1719
596
3805
29
3706
25
29
24703
25
348
5523
596
3805
1058
6891
20
3177
12
29
20
1719
6
596
1029
25
29
4269
596
306
1096
8
534
29
306
402
459
2535
48