1058
47
8492
2358
20
986
47
1584
246
227
194
12
20
23538
23554
5201
534
413
534
413
534
20
14689
20
40669
210
6719
228
25
596
2
2658
16
45
419
45
2
4418
25
8690
20
4224
20
1317
292
45
6814
322
1079
20
39532
289
20
39532
289
8690
331
289
20
8492
290
20
10921
4134
199
596
20
2658
164
20
6700
59256
25
596
6329
0
1719
0
730
0
15085
0
130
29
312
369
36412
743
584
4799
25
1719
20
5201
28
48
29
20407
247
29
25944
306
13190
25
632
0
3177
12
509
6036
315
1096
20
3027
44207
211
20
9772
28
48
29
1128
297
25
3805
1091
0
956
36768
16581
290
1657
1058
289
8492
2358
20
986
48
29
24256
9001
11466
1
1604
0
909
2331
20
36682
2458
20
19702
368
289
20
24763
290
407
12307
12
20
33319
28
130
20
36251
289
20
44580
29
20
29291
290
407
2620
4
20
9248
28
20
17673
28
13
1674
862
322
4950
5
1044
12
20
4616
29
8857
338
1800
12
20
2288
29
21693
12
20
9051
331
442
12812
421
25
290
20
13830
322
5766
12
20
584
315
20
53781
194
289
1761
12
20
7339
29
2555
20
6908
29
20
476
15554
306
290
3316
20
22357
1890
0
322
7197
20
3045
29
1281
2109
0
5735
0
322
8598
12
20
2660
388
20
486
2
14163
20
957
13131
0
289
3187
331
23389
25
596
3805
2
25
290
11066
12
20
686
29
15203
20
1950
29
11280
0
6
545
331
10592
290
21280
12
20
972
24133
220
0
322
2309
1265
16
1
289
20
8571
12
29
8818
0
322
13736
290
433
289
3
1242
20
4731
12874
4
596
421
25
29
998
25
59
42
28353
20
1255
9433
0
437
20
1420
12
687
462
11033
25
596
6793
25
2
957
25
43
29
6
4555
312
25
363
804
6
18096
1
306
20
13295
1793
20
9089
377
360
20
457
20
12162
406
3357
20
2461
290
20
5663
322
3500
12
6877
12
387
20
3401
29
20
6908
2
312
20
3401
2366
29
20
6359
762
29
20
10614
12
931
12
29
20
4118
12873
12
29
20
13532
1908
29
20
2192
1758
29
20
3139
7232
29
20
2130
3459
29
20
718
3409
29
331
2443
20
7045
6
1112
596
290
20
957
29
20
486
606
20
7108
20
12876
1340
29
3649
718
20
10614
12
315
3927
12
20
23348
196
290
539
2909
29
363
3710
6281
29
39644
13
20367
12
20
718
332
20
2746
801
332
8696
12
20
50213
29
416
28401
290
3
20
4770
29
462
8615
1793
20
1634
30667
219
29
416
10463
306
31061
3
20
8926
29
2384
1526
3
20
12735
29
22597
402
826
2
4367
3168
25
357
45696
0
13
2250
2627
20
2082
9248
0
29
20
9248
2082
0
583
1442
957
20
986
39469
1822
29
7767
20
7344
289
30208
20
24109
5390
948
195
29
1674
7977
24
388
20
3045
312
363
957
1793
7079
556
12
17966
2
25
20
3634
12
306
2290
20
24805
606
34919
200
20
17523
199
7124
4101
5903
4050
2
25
961
20
38578
12
388
20
9524
12
29
20
1933
3717
7124
37278
23829
30284
2
25
20
23126
388
13983
20
17711
1652
462
802
24
331
2443
405
20
662
12
18694
12
6
20
5680
29
1776
12
6
20
13767
48
13
2473
957
718
20
10614
12
29
331
1326
421
25
20
5210
20
1191
988
2530
25
596
6793
25
289
1058
25
8037
0
29
970
12
29
957
0
29
10051
29
2066
0
29
15432
12
29
12361
0
1093
22597
290
407
20
3045
16464
0
29
2250
3939
0
13866
0
48
29
2026
369
387
48274
0
289
20
986
4866
0
29
6359
0
22217
7
4355
16
20
17429
2
1657
387
20
1058
2885
8492
6
2358
20
986
29
1386
0
322
5539
20
10117
12
20
2833
28
29
19357
0
6
35299
209
20
2358
20
8456
12
606
20
36209
29
20
5210
20
1191
28
48
29
416
17685
16
25
306
15483
12
35851
29
443
59
2413
20
5058
4
29
2413
20
1483
4
29
2413
20
29422
4
29
2413
20
22252
4
48
29
2065
16
20
3248
12
2
1058
20
957
6
312
25
2303
12
20
1185
6
47667
6329
0
322
20
957
377
23389
596
306
4950
3875
25
4269
596
421
25
29
1656
20
20927
2
891
25
1652
433
3875
596
4269
596
421
25
29
1656
59
42
891
20
957
11767
12
306
402
1305
43
29
49117
289
25
20
957
20
8456
290
20
8637
1652
433
4269
596
421
25
29
1656
59
42
1450
2882
2
596
290
957
363
11033
43
29
42369
198
2109
12623
20
2471
322
16450
12
20
8946
29
53169
3
2
12604
20
15333
29
10577
3
290
20
2358
2
20
12910
322
20
5501
305
48
29
10202
2413
20
5058
4
306
761
12
1528
59
1058
20
957
130
29
1058
3069
20
655
1583
130
29
1058
27332
20
20542
12
130
29
1058
27332
20
3177
12
130
29
1058
27332
20
7789
12
130
29
1058
27332
20
7943
130
29
1058
27332
20
894
130
29
1058
33510
10185
12
20
12938
130
29
1058
20
1652
1667
29
20
1617
4
130
29
1058
2744
20
34913
228
289
20
57306
48
29
2473
2413
20
1483
4
12537
2298
306
761
12
1528
59
1058
33510
20
16974
130
29
1058
33510
20
24189
130
29
1058
9667
20
4465
130
29
1058
20
9984
29
20
5680
130
29
1058
33510
20
7600
12
29
20
23213
12
315
36848
20
3045
130
29
1058
20
4227
12
130
29
1058
33510
20
2192
130
29
1058
20
5647
29
20
2211
130
29
1058
20
3401
2
20
2082
29
20
10470
322
20
9248
130
29
1058
33510
20
4460
12
29
14732
20
18802
12
48
29
2473
2413
20
29422
4
12537
2298
306
761
12
1528
59
1058
4240
52877
20
1950
130
29
1058
902
12
20
686
130
29
1058
1933
4
20
13737
16
28
13737
12
20
7710
29
13737
12
20
5336
130
29
1058
1933
4
20
4950
130
29
1058
1933
4
20
3474
29
20
10002
29
20
14733
130
29
1058
5711
20
4118
130
29
1058
5711
20
1281
29
20
21851
130
29
1058
5711
20
3221
29
20
28104
130
29
1058
5711
20
8249
29
20
10255
130
29
1058
5711
20
13745
48
29
2473
2413
20
22252
4
12537
2298
306
761
12
1528
59
1058
20
8001
12
130
29
1058
20
4730
29
20
2271
130
29
1058
20
2936
29
20
7706
130
29
1058
20
2719
29
20
20513
130
29
1058
20
4481
29
20
15501
130
29
1058
20
2967
12
29
20
7784
29
20
2341
29
20
3934
130
29
1058
20
857
12
29
20
4375
29
20
19593
130
29
1058
20
1964
12
29
20
3726
12
130
29
1058
20
8970
130
29
1058
935
20
2793
48
13
2473
2413
20
5058
4
13
28067
289
25
18704
33510
10
29
2355
7949
16835
10
29
27332
6849
10
331
8487
20
687
20
1230
4308
25
406
363
658
290
2746
20
10614
12
290
363
9234
421
25
29
31061
424
988
35601
289
969
20
11758
4
48
29
2473
2413
20
1483
4
13
28067
289
25
27332
20
2982
4
20
2100
12
407
20
3045
29
42527
10
29
2355
7949
16835
10
29
18704
20
21792
289
11686
10
29
443
988
363
26204
322
10
12971
48
29
2473
2413
20
29422
4
13
28067
289
25
402
3045
30820
2855
20
12938
2
2473
245
16
25
29
11066
12
20
686
322
25
29
6946
20
1950
290
25
29
28067
290
402
826
290
847
20
14732
599
25
29
1838
16
25
714
28067
804
25
377
290
25
29199
714
20
1933
4
335
421
10
17603
714
20
3117
4
335
2
10
18660
714
1748
20
2225
12
335
2
10
290
10
17123
402
424
33110
8
2
12141
20
909
4
29
20
10921
29
20
7158
48
29
2473
2413
20
22252
4
13
28067
289
25
402
3045
1834
29
23009
12
10267
289
10
290
18998
20
4891
28
29
20
2599
28
335
2
10
34364
20
459
290
919
20
687
28
29
28067
289
402
23009
12
599
10
29
1838
16
10
29
804
10
377
2
25
441
622
221
29
8583
16
10
335
290
10
28902
301
29
3117
16
10
335
2
10
18660
29
5810
16
10
335
6
13532
10
289
10
4721
315
331
2855
289
10
290
12141
20
4731
29
20
2983
48
29
1674
7617
20
1255
289
545
405
20
6849
1528
0
29
523
6537
387
20
1058
322
10
2
1240
12
13801
59
20
6329
862
331
41171
25
29
1386
331
26384
1302
48
20
632
2744
331
2
147
1752
25
29
2495
331
1529
1302
48
20
1091
29554
331
2950
218
25
29
2159
331
1851
1302
48
20
1604
9569
331
8518
1302
29
18949
331
9711
1302
48
20
1931
787
13801
7712
12
748
379
16
306
20
45602
462
4270
6
10
289
20
1528
20407
0
1652
20
402
29
312
32802
24
306
5365
826
13
363
14945
312
38332
402
826
290
20
19570
28
2
20
10111
6
3401
4879
25
29
17620
322
25
5761
2655
25
7124
363
17620
322
20
10111
29
523
818
4106
322
22458
25
289
20
1528
7124
363
818
4106
29
523
11196
25
322
1386
20
7210
322
25
2250
246
13
405
15014
387
20
1058
315
1348
25
7374
0
6
24688
405
20
2358
48
29
52337
195
48651
306
32842
387
20
1058
306
15483
12
35851
3401
23
59
3275
7
59
29
419
20
18199
20
31769
47
312
387
20
2744
289
20
787
29
20
559
25470
30
20
1368
12
6
312
20
957
377
6932
2
25
388
20
10614
12
14927
388
957
20
2982
12
29
957
20
23062
12
29
27853
2
957
20
23062
12
331
4272
290
25
1386
20
1190
1116
29
27853
2
957
20
2982
12
331
4272
290
25
315
20
1386
20
486
2
25
29
20
6325
290
387
20
1058
957
20
2982
12
1116
743
957
20
23062
12
335
363
5172
12
289
21522
10
20
1528
29
312
369
16
443
2303
12
12912
20
961
28
29
35856
1008
20
2599
28
29
957
20
2982
12
718
4308
25
29
523
462
8943
20
50213
12874
4
596
421
3
315
20
3045
1793
289
957
20
718
29
20
15642
4308
25
48
29
2473
957
20
23062
12
13
462
8943
24
289
25
1793
2
20
4807
29
20
40107
306
2333
20
3665
29
20
20955
957
0
290
3
2
5663
45602
20
3045
322
20
3342
29
20
2746
8696
12
20
50213
13
331
6
3
2333
388
20
14578
322
4633
20
46695
29
20
18837
714
312
957
20
2982
12
14927
388
957
2560
27853
20
957
2
16461
20
17499
29
388
957
5762
50579
247
20
957
2
16461
20
4318
29
20
2100
306
20
17499
2473
1483
12
29
2473
5058
12
29
20
3552
306
20
4318
335
443
2
970
20
32706
322
20
10588
290
687
20
31575
2473
1834
29
2473
30820
13
2
20
2781
14424
387
20
957
388
7764
28
2560
29
5762
48
29
20
7764
20
2560
20
2395
2
20
17499
14424
388
1483
12
29
5058
12
29
20
7764
20
5762
20
2395
2
21266
20
1950
29
14732
20
686
14424
388
30820
29
1834
13
369
20
800
15483
12
20871
29
363
39863
1008
289
957
20
2982
12
322
405
20
20871
48
20
18199
20
632
59
312
5
4355
16
20
2110
12
290
891
12
20
957
3816
12
289
20
8037
377
7753
606
290
363
10971
596
6793
25
29
3805
20
3337
4050
2
25
388
20
38578
12
29
20
39788
2
3221
25
29
1770
16
25
289
20
1572
4
29
419
2153
306
15483
12
35851
29
20
3602
29698
15762
20
10194
10194
13
462
20740
312
658
2689
20
1058
2
947
12
20
8037
41480
0
289
13983
20
4318
29
6
387
41480
545
290
4261
21750
12
4318
20
46247
388
20
1388
13
782
25
306
443
209
12
6364
20
3052
1212
0
289
20
9791
29
20
1070
321
29
2530
25
6364
20
479
12
6
658
2341
3
2
424
20
4629
11874
0
6
3
388
20
12769
12
29
20
41480
289
15791
20
4318
388
20
957
377
5713
913
12
20
8121
33875
290
20
41480
289
15791
10
388
20
1388
377
363
5713
1793
479
12
20
4122
13
8583
12
387
20
957
1388
20
4318
29
20
24082
20
2215
451
2
25
388
913
12
17121
8121
20
14135
13
11778
290
25
20
1388
377
8770
2
25
20
25864
29
443
1688
12
2
20
1368
12
6
20
2645
289
22120
20
2473
228
30674
292
596
6793
25
20
3667
6
20
12218
29
20
5052
312
25
1913
6331
48