1058
6891
20
7789
45
141
218
45
419
20
1058
20
1931
290
2413
20
5058
4
48
9291
596
20
3520
20
6700
292
45
1719
6
596
377
7800
29
25656
247
29
1033
16
29
13138
29
28331
29
38702
29
12693
29
39789
29
19424
29
14324
29
3917
29
799
659
377
3045
20
3885
290
35787
12
6475
714
11808
322
20
3045
2
1790
20
7257
714
5498
545
5058
25
2
20
6010
13
38703
421
3
290
3047
12
331
7878
2
25
290
5523
29
29805
29
19086
840
25
290
11763
289
5548
25
29
670
247
6589
0
6
20
3924
29
20
42875
714
1968
20
7789
12
6
20
986
2118
0
29
2650
29
407
302
2
1621
25
1244
2438
290
5058
25
290
1244
2438
29
290
18214
25
8342
1281
25
290
8342
29
20
3177
12
306
534
20
2535
1096
20
17287
29
3160
20
7344
29
306
10376
29
1859
25
20
30349
28
2
20
957
29
4023
1033
414
13
348
596
3805
1968
20
7789
12
1794
4647
20
1741
29
12826
2
935
10
20
3177
12
335
443
1623
20
7658
13
433
3805
29
3096
24
20
3177
12
29
12838
24
20
7789
12
29
433
4269
596
421
25
29
1656
2042
20
1741
306
1240
2232
12
302
363
4267
915
596
29
302
534
0
6714
29
3875
25
29
1567
20
3177
12
29
20978
276
20
7789
12
1126
2042
20
1741
306
1240
6702
0
25
290
1126
1487
972
29
2605
20
18744
306
20
13845
28
289
10
13
433
29
801
1972
5239
20
2489
29
20
2076
12
29
363
13167
6517
289
2333
596
13
3027
3
2
9433
12215
29
2811
20
5320
289
2333
596
3225
584
20
7789
12
433
20
53441
413
10917
15
16
289
13124
290
15522
13
333
883
4583
13
433
3027
20
369
224
28
20184
289
3013
3
4235
290
1258
3
29
20184
289
8899
310
3
4235
290
37156
3
29
289
2540
12
302
25
10902
306
3609
12
8144
578
3
34342
290
49466
22352
25
29
10902
306
49466
22352
25
583
4235
290
3609
12
18328
25
6323
26160
196
29
433
883
4583
17671
16
336
3875
596
4269
596
421
25
29
1656
29
419
10927
289
1442
20
10005
12
13
2026
49298
433
332
20
37189
26
23098
20
10005
12
13
1457
16
29
290
332
433
20
611
26
2128
0
915
290
433
3297
29
3297
290
407
745
5
25
29
290
2123
25
29
322
4548
25
29
322
1489
25
29
1890
331
332
331
290
1242
4808
29
363
8740
29
363
14901
363
2783
7789
16
10
915
1075
16
437
20
1420
12
6664
331
369
16
29
50631
25
22185
227
25
2
8015
10
29
563
252
25
2
22115
317
10
4366
19274
16
646
195
10
1483
16
421
25
17003
10
583
5602
407
20
1255
1126
1983
4583
17671
16
336
20
3675
4269
596
421
25
29
1656
29
419
10927
289
1442
20
10005
12
13
2026
49298
433
332
20
37189
26
23098
20
10005
12
20
1126
6702
0
25
1305
29
20
9811
29
985
369
387
20
7018
2611
0
289
20
2223
28
1093
2250
290
1185
4
20
986
20
1386
322
6891
20
7789
12
29
2500
10
20
5766
12
29
20
8447
12
29
6849
10
20
2560
12
29
20
5762
12
315
20
15259
306
331
363
38753
322
1996
16
25
22769
20
7789
12
29
5495
10
29
27794
424
289
952
12
6193
20
2290
20
491
289
2665
20
7789
12
29
1801
29
15664
10
20
632
5535
10
29
2500
10
20
5762
12
29
20
2560
12
20
1091
289
20
5495
29
2500
4542
25
29
5535
2470
25
20
1604
289
4375
12
20
9949
29
1621
10
20
2290
20
491
289
2665
20
7789
12
29
1801
29
15664
10
29
20
37409
4
2
1546
2395
4
10
1148
12
2665
7789
12
20
3047
29
20
2864
28
29
20
1537
12
29
7789
12
20
39753
29
20
6732
29
7789
12
20
20573
4
29
7789
12
20
6007
20
1293
20
491
7789
12
20
3047
29
363
19698
405
20
7789
12
29
539
10
915
306
566
1305
29
363
10354
20
5705
406
19698
289
1281
20
5280
29
20
10749
387
1037
290
421
25
29
1033
20
1281
13
2500
25
1240
12
302
658
3047
195
15233
199
12
3701
12
724
0
8286
0
1270
0
7462
0
306
20
4208
20
1037
20
491
1348
25
3047
195
13
363
7789
12
915
289
20
4808
29
20
8740
29
20
14901
1033
20
7977
29
20
35875
29
20
16744
29
20
30580
290
407
20
42403
29
20
14901
13
363
7789
12
289
10
20
632
20
9475
13
363
7789
12
289
15866
12
29
985
4991
199
16
289
739
29
19015
16
289
739
3463
2
424
22027
16
10
13
363
7789
12
289
10
20
1091
20
724
433
3875
596
4269
596
421
25
29
1656
363
7789
12
289
1281
583
7256
421
25
20
724
1126
363
7789
12
289
1281
583
7256
421
25
20
724
6702
25
883
7415
290
1126
421
2
9968
1573
29
1487
6185
25
290
1126
8022
2
9968
4504
29
22592
290
387
7724
20
724
20
1604
4208
20
880
29
20
3000
44386
221
20
7789
12
289
20
9311
12
20
11708
12
6
302
25
377
4297
306
686
25
289
25
29
363
19698
289
20
9717
29
20
27347
434
915
985
1483
2
630
50865
25
13
1166
7789
12
331
5615
606
15371
29
1252
369
421
25
986
10720
1281
25
13
363
7789
12
421
25
13
348
25
682
4049
0
2
25
1111
20
7257
331
6030
322
20
1265
12
20
1931
4208
20
8286
1033
20
4808
13
363
1557
289
10
583
2970
1240
0
13
289
10
18208
12
290
20
30415
29
20
18208
12
443
335
846
289
20
501
12
20
632
12
347
9423
12
290
20
6815
29
443
335
846
289
20
501
12
20
1091
12
29
289
761
21472
23
29
289
1240
761
12
662
25480
223
29
289
761
28
952
25480
223
29
289
1240
29
761
28
3098
16877
29
443
335
289
20
501
12
20
632
12
13
348
462
1972
289
1281
25
3098
16877
13
1487
6
6677
935
29
419
377
289
20
501
12
20
1091
12
12196
348
369
2188
0
306
10796
10
29
289
1148
29
662
28
1487
12
6
6677
714
985
1130
16
1148
0
29
952
28
13
289
10
584
12
29
443
335
289
20
501
12
20
1604
12
13
985
2250
16
1794
29
1148
28
13
289
10
18208
12
29
443
335
289
20
501
12
20
1931
12
13
985
2250
16
1148
0
29
2131
28
13
289
10
3098
0
6
6677
13
985
2250
16
1794
29
8300
13
289
10
584
2377
13
985
2250
16
1794
29
761
28
29
1569
12
13
289
10
662
413
4
6
6677
13
985
2250
16
1569
12
29
662
28
1093
6305
20
1861
13
289
402
1240
28
584
12
29
289
402
952
28
3098
58379
14605
323
20
8740
13
363
1557
289
10
583
2970
662
28
13
289
10
10653
29
419
377
289
20
501
12
20
632
12
714
289
952
28
6810
12
29
443
335
289
20
501
12
20
1091
12
714
289
1148
28
10653
23
29
6305
20
1861
414
424
13
289
402
952
28
6810
12
29
289
402
662
28
10653
29
1033
20
14901
13
363
7789
12
289
10
583
2970
952
28
13
289
10
15997
12
18208
12
290
20
30415
347
9423
12
290
20
6815
714
363
1557
289
10
583
2970
1569
12
29
761
28
29
826
12
13
289
10
21472
23
336
15082
15997
12
29
826
12
289
10
662
25480
223
336
19572
12
13
289
10
952
25480
223
714
6305
20
1861
289
402
1569
12
15997
12
29
4375
12
20
11656
28
30
4375
12
20
4000
20
826
289
20
8286
13
985
369
407
1486
28
952
26
290
20
14901
13
289
10
15997
12
29
348
369
407
662
12
13124
1569
12
15997
12
29
761
26
13
289
10
15997
12
826
12
306
630
3
29
7816
12
20
3954
30
7816
12
20
10159
29
523
10354
302
17722
0
315
0
29
33334
0
315
0
29
5145
221
0
315
0
29
28941
0
315
0
29
658
20
19502
315
0
29
658
44548
307
20
21682
315
0
29
302
658
0
630
0
290
2057
20
7789
12
29
363
970
6
20
7816
12
315
20
48326
29
20
3657
29
2885
5085
289
2781
20
4808
322
501
336
501
13
419
1812
331
462
34942
3098
16877
289
20
5687
29
523
2784
840
25
8765
20
501
6
501
12
826
12
21472
28
347
761
28
541
7
29
11703
16
28
952
25480
223
347
952
28
541
7
29
6
25
302
11766
289
20
501
331
462
34942
20
18208
12
289
20
4187
29
4518
20
8765
290
20
1053
28
290
1555
20
1281
29
363
13911
289
20
7789
12
3288
12
985
369
545
20
1281
2223
0
29
1252
826
12
29
12196
290
20
13484
7650
1913
12
29
290
20
50285
31562
12
29
363
12196
290
20
1281
20
45077
12
29
363
20
29561
269
29
363
20
17746
29
363
20
21682
29
363
14033
20
1281
20
1293
20
632
7789
12
20
20573
4
13
1166
20
761
289
402
53857
4329
4
1130
24190
12
290
29
363
1557
956
743
10
29
363
289
20
9381
29
20
10119
29
523
289
20
6671
335
35585
29
289
20
4132
29
20
23940
29
1919
302
846
24190
12
290
4132
0
347
23940
0
363
12430
0
29
13522
0
29
4235
424
414
20
15686
29
8724
1281
578
20
11656
28
2
1281
20
641
289
7816
12
20
10159
30
20
15117
20
1509
407
8696
12
6
630
3
24190
12
290
290
23940
13
1166
306
630
3
6101
26
290
0
290
23940
2
971
7137
3
29
363
1919
7816
12
20
3954
289
25
29
363
8724
8286
20
32315
12
2
20
10751
29
8724
8286
20
10751
2
20
46168
13
348
25
1293
290
25
387
971
20
2781
348
369
818
995
2
19808
347
1852
12
13
348
369
818
995
2
34259
347
12762
12
13
1166
1520
20
761
13
348
5836
0
13
20
3619
1919
29
1033
852
12
20
2781
13
20
4132
29
20
23940
20
13229
29
20
1490
20
13229
414
20
9076
12
29
363
12196
13522
29
363
12430
915
985
862
16
2
20
5605
8858
12
29
369
16
20
1787
12
289
1891
10
554
2309
20
6450
13
12196
20
12430
20031
292
2759
12
6
20
4000
29
826
6
20
5808
29
363
4531
290
405
20
1636
12
1406
8
348
20
1636
12
1805
406
33394
289
713
387
6
20
1265
12
29
739
20
7612
302
2326
20
3295
289
20
7169
29
302
22633
20
1490
29
739
20
1673
414
20
8686
20
1293
20
1091
7789
12
20
2864
28
13
985
408
20
724
306
3790
15082
3105
2
3790
508
12
12611
12
7045
12
13
289
10
1240
12
17561
29
419
2413
20
761
29
331
3139
20231
49821
4085
29
1252
541
7
29
8286
20
2489
761
26
32778
0
7045
0
2
3790
508
12
13
289
10
2413
20
761
29
331
3139
20231
49821
4085
29
348
3386
290
20
8286
1490
12
13
363
7789
12
29
19698
306
290
315
25
17561
15950
12
985
369
289
10
387
20
4682
290
20
12611
12
20
7045
12
29
19698
20
7789
12
289
20
3005
29
289
20
10587
20
7698
30
17609
20
2489
29
20
2076
12
29
13072
20
2489
6
20
1259
29
363
19698
289
20
10587
20
17338
29
19698
289
20
986
377
419
306
13477
29
523
19698
606
20
13579
29
348
369
9801
0
13
363
19698
915
606
2170
20
1003
20
1293
20
1604
7789
12
20
1537
12
29
443
30
7789
12
20
2864
28
29
2150
13811
20
724
290
739
880
20
2864
377
2
25
11748
20
11037
12
348
369
20
2864
8286
0
13
348
369
10731
0
347
11748
2
1046
306
857
12
20
1537
12
13
20
724
290
739
20
2285
29
10029
20
7789
12
290
2864
20
850
29
2
25
1585
13
348
369
331
2
25
20
2285
2864
0
29
369
8286
0
1270
0
369
20
6364
2
25
1012
290
2864
20
850
29
290
16566
20
1537
12
290
1281
12654
12
13
363
13811
20
724
2
2536
857
16
25
583
11664
2
25
3125
0
29
2885
1891
857
12
20
1537
12
554
2309
20
724
3793
16
20
7789
12
29
20
1012
302
10029
7789
12
847
20
501
12
29
331
369
290
4141
289
20
3320
12
289
641
20
724
29
1627
16
20
7789
12
289
25
2
724
1469
20
1281
29
462
12944
6
25
724
0
506
289
20
7724
29
2128
20
59430
12
363
17212
724
10
2
20
10652
12
20
2100
12
407
3
30
6337
20
1537
4
29
7789
12
4141
1281
20
10759
269
306
20
1230
29
348
369
554
20
1636
12
387
419
20
56511
220
20
1293
20
1931
20
39753
29
20
11544
29
20
39753
1281
6133
289
20
12588
12
29
2211
289
1155
462
8543
421
10
289
20
1741
880
13
306
29587
25
289
20
2489
29
20
2076
12
290
25
20
1240
29
20
724
539
3653
29
20
1012
302
363
1919
20
8286
3800
0
6
302
8030
20
1240
2476
3185
25
2
20
7892
12
29
1546
25
3800
0
682
2
1758
6
302
3741
20
7789
12
29
6
424
10619
306
20
2223
2
20
2864
28
29
1033
20
6732
13
363
7789
12
956
22569
290
10
2443
20
2489
29
20
2076
12
13
289
10
414
20
21096
29
20
12499
2413
20
761
306
18609
20
1406
28
29
306
387
1919
20
8286
29
289
20
724
1406
23
29
289
1406
1166
20
1240
13
306
387
363
1919
29
289
20
8286
1406
23
29
20
7849
29
20
957
606
596
3805
302
9677
289
971
20
2781
2
7789
12
20
1537
12
13
348
25
1293
8945
29
289
20
724
2
20
20573
4
13
363
1919
6
302
25
1357
20
5761
29
1919
20
8286
30
20
20573
4
29
20
7012
302
4235
20
1240
290
20
1890
29
20
730
29
290
1357
20
2864
28
3800
0
2037
0
322
3185
12
405
20
3429
4
13
348
10
24118
1908
12
290
20
8450
29
15196
20
7079
289
10
2130
6
8450
20
9340
20
1293
20
2436
289
4375
12
20
6007
29
443
2781
12
306
4950
3875
596
4269
596
421
25
29
1656
306
402
1305
1621
322
565
16
25
29
10327
290
47800
16
25
437
20
6007
29
1824
16
25
26550
988
36835
1126
7612
4375
12
20
6007
306
402
1305
6702
0
25
290
1126
1487
972
433
2389
3875
596
4269
596
421
25
29
1656
7789
12
20
6007
290
2490
20
1126
2
26550
3875
596
4269
596
421
25
29
1656
29
419
27190
23
29
5297
0
290
4235
25
290
4629
565
16
25
347
290
1243
290
25
13
348
654
440
2
20
32315
12
462
44096
20
10751
29
348
654
440
6671
0
916
12
4271
1866
10
29
290
7008
6702
19036
225
25
29
1636
16
10
30
1636
12
7789
12
20
2128
13
1166
289
10
5982
20
8863
29
363
4680
3225
20
1640
29
20
22113
29
1166
306
20
1486
20
1305
6007
12
1514
16
25
29
18546
25
29
4098
25
29
402
1908
419
289
3940
16
25
14892
290
19698
421
25
3940
16
25
290
20
6549
29
20
6123
4
29
20
4098
433
4269
596
421
25
29
1656
3983
0
4375
12
20
6007
13187
56603
26
1126
3983
0
7789
12
20
6007
13187
56603
26
6702
25
20
1881
21482
29
20
49399
290
1126
1487
972
681
3875
596
4269
596
421
25
29
1656
2
4375
12
20
6007
322
20
1693
29
20
594
29
20
566
29
20
459
3673
56603
26
433
20
49399
9968
25
539
1691
29
19698
4375
12
20
459
20
1509
306
20
4024
28
29
363
19698
4375
12
20
459
20
14845
29
348
4332
16
20
1514
12
2
20
3225
322
686
10
19036
225
10
29
6
20
1514
20
3225
322
10
743
3966
10
29
348
1621
322
25
331
2783
322
545
3
2175
322
545
3
29
17003
3
2
20
1147
290
369
16
3940
16
25
53085
228
29
416
2025
3875
596
4269
596
421
25
29
1656
3940
12
20
3079
306
3940
12
20
1514
12
29
3940
16
10
306
3940
12
20
2304
1126
822
3875
596
4269
596
421
25
29
1656
3940
12
20
3079
306
3940
12
20
1514
12
29
3940
16
10
306
3940
12
20
2304
6702
25
883
7415
290
1126
1983
21519
12
2
3912
2223
29
1487
37273
29
20
2590
29
24652
25
29
11403
25
20
3786
29
1487
37273
2
1147
20
1514
12
306
20
3079
29
22
2281
13
405
3121
11758
12
363
538
6
20
4049
290
1996
16
10
29
416
1568
6
25
5334
3995
12
1220
12
322
387
13
6
25
302
54611
289
10
306
20
4044
606
5687
20
1169
12
414
11522
16
25
2
387
20
4682
20
2290
20
632
289
20
1673
29
2500
25
20
5762
12
29
20
2560
12
12545
302
25
1166
306
7608
20
7789
12
1240
12
1687
20
491
20
857
12
29
419
302
9918
2
1950
25
7789
12
20
2389
29
30696
421
25
2596
20
2128
13
348
369
6
25
1281
7512
13
433
387
322
861
20
7512
348
369
2380
0
29
915
13
419
22577
12
4810
6
302
25
348
462
15512
2
25
13
30
424
658
606
1728
25
29
857
12
20
1720
1663
3770
857
12
20
10749
29
20
5280
29
857
12
20
2162
1663
3770
857
12
20
4000
20
21412
322
20
7789
12
29
523
289
2560
970
20
4118
14892
289
1891
20
1402
12
322
25
1033
289
20
641
12
13
363
406
3051
5711
16
25
8727
12
336
302
12944
20
7789
12
29
985
29
402
2
1673
20
7789
12
29
16566
606
20
9956
347
29
402
20
2549
2
20
857
12
18449
25
6
302
9956
25
2
20
857
12
857
12
20
632
20
12805
41407
20
724
29
289
7789
12
20
6007
363
17681
10
322
437
20
6007
29
3618
739
29
15664
10
2
10442
20
3160
290
641
437
290
930
2490
29
739
15138
10
930
2490
402
25
29
290
646
7789
12
1281
25
315
20
2053
24129
29
462
6890
322
25
2
1877
1281
25
29
2053
25
2
8577
12
20
4078
29
348
646
6
770
20
4078
13
1877
1281
25
3793
16
20
7789
12
322
25
29
15138
20
7789
12
1812
2
1037
302
3718
414
4208
20
8286
29
4953
20
724
29
4680
15138
7789
12
724
28
29
2885
4735
6759
4
20
12406
554
20
724
347
9450
347
2250
4049
0
2
539
331
4735
840
25
347
1877
1281
20
4000
347
5099
13
20
7264
682
2
7789
12
29
9821
25
539
2447
915
985
4241
20
1382
2
20
9821
13
6
1972
20
14611
1964
0
641
20
1687
29
998
12
20
15078
12
20
1091
302
363
4235
2098
0
2
1546
20
1040
12
406
4235
20
9424
421
25
13
363
44096
7370
3281
322
2489
29
363
2489
322
3281
29
348
3139
421
25
289
20
1040
12
29
3631
545
290
363
5121
4347
20
14223
6903
596
322
25
39736
289
424
29
8522
20
6325
290
3409
20
943
12
29
331
5617
25
322
20
6057
13
348
3409
20
943
12
6325
29
682
419
402
20
6325
406
2781
4
20
4731
662
12
4590
1636
419
23389
11460
363
4705
6
20
9196
29
20
5874
289
25
29
424
38628
20
10505
4
713
0
1111
363
3168
6
20
10505
12
289
1361
20
18072
840
10
13
6325
20
4731
289
25
20
27916
2
20
486
6
3499
20
459
1070
25
29
8058
16
25
2
1330
331
363
11285
6
25
2811
6
302
331
11285
8305
25
1093
3888
25
20
2869
421
25
29
4096
25
840
25
13
363
3499
2
25
30679
20
1070
29
20
11609
12
1111
20
11609
12
3463
2
302
846
20
942
12
6
584
681
20
25127
1116
363
6
2811
641
29
611
811
20
894
1198
29
6
424
433
4269
596
421
25
29
1656
289
37047
25
6
8382
2
894
12
584
0
23389
0
3281
0
1126
6
8382
2
894
12
584
0
23389
0
3281
0
6702
25
20
10271
293
29
20
1881
21482
289
20
14937
290
1126
6238
10111
0
306
302
424
6589
6
20
11609
12
2
20
29706
6
2536
20
681
29
13559
25
506
681
290
539
28476
20
2983
290
25
2
331
9657
840
25
29
12699
421
25
20
1636
20
632
290
2781
4
20
4731
331
20
6325
290
25
3168
6495
29
682
7661
290
25
20
23389
30
1646
986
20
14046
28
2855
20
27347
434
13
363
7755
363
1919
289
25
1330
25
21556
16
25
29
2885
1463
20
584
336
4078
25
2
2104
20
4078
347
2
2098
322
25
606
3934
25
495
821
20
7612
29
3793
2264
20
4731
13
15213
1636
23
363
3728
289
7
12458
289
10623
7
630
20
1255
29
20
1636
20
1091
419
20
3093
377
7661
290
25
20
681
23
630
0
29
419
3168
20
5058
29
3924
20
4129
2
20
22042
19170
886
289
25
23389
5610
20
44684
29
3168
1340
20
1193
13
387
1636
289
686
25
6495
13
348
2855
20
4731
2
25
29
1627
20
1127
407
20
2385
28
29
363
3933
30626
1394
12844
20
2385
28
29
419
20
23389
29
20
45331
2
804
1003
195
7
29
3631
20
12844
419
20
1565
29
20
7789
12
290
387
20
3806
29
462
16442
6
25
539
20
14223
6903
596
322
25
13
3168
20
5808
6325
289
3409
20
943
12
29
419
5766
778
336
20
52043
29
584
20
23389
289
6040
20
2613
6325
6
20
4731
29
2
1546
25
2250
16
20
7789
12
10283
12
6
20
3177
12
29
20
894
289
1348
10
290
4647
20
1741
29
363
1910
289
302
306
20
4129
4456
0
289
4557
16903
1281
25
29
3225
1307
12
402
1281
290
1293
25
29
4629
25
1790
16
25
714
2079
25
306
20
8863
20
2904
12
506
22
2281
29
20
14875
289
25
539
951
227
289
3168
20
5808
523
25
951
227
289
20
23389
29
5553
306
302
20
23389
6325
2
2596
20
2665
1687
935
8
10
289
1528
20
1901
290
20
11758
4
29
290
1106
10
302
20
4731
23628
289
1240
290
20
4808
15997
12
13
2664
290
20
4808
336
20
15997
12
29
462
15670
336
20
2864
28
29
20
6364
29
348
971
302
424
6
1457
12
20
10062
289
3855
20
1223
2569
2
935
25
761
28
541
7
289
20
8765
315
20
21472
28
13
462
2086
289
20
8765
971
20
17943
290
20
1040
12
29
6
5768
2
761
28
541
7
29
21472
28
29
348
369
16
20
10172
29
20
14440
12
402
10
289
8305
10
13
387
29
5913
25
290
20
3941
4
5553
306
302
20
7789
12
462
7202
6035
12
322
20
23389
4
506
289
20
894
29
523
1127
407
20
2385
28
29
20
8741
20
4504
12
20403
322
10623
20
3093
4
13
387
1104
20
12872
289
25
20
1604
302
363
6460
20
4375
12
336
850
641
13
348
7978
20
17731
28
289
402
850
12
6214
336
2128
10
29
289
20
906
17525
691
6
20
24118
13
348
1330
424
19036
225
25
289
1406
29
523
20
2037
322
3185
12
20
1901
1012
7726
1508
7789
12
402
1281
289
847
20
850
12
714
363
9761
302
11196
336
20
15171
289
847
20
850
12
20
1931
302
14188
1281
25
2
581
20
8863
20
1869
28
289
850
25
13
348
5982
20
8863
2781
29
421
25
5553
2560
1406
25
3805
2150
20
4375
4
6
20
5710
29
20
21272
20
3494
12
13
348
25
6219
1406
20
3288
2150
5297
1281
6
20
5710
29
20
21272
29
424
11914
20
26075
289
20
16641
29
20
5058
4
3933
302
22605
247
322
20
1808
289
10
306
20
8122
29
416
770
290
20
2904
12
7617
23
289
611
20
918
29
3
20
3230
12
4318
3
29
20
1230
26
306
20
7789
12
29
2319
289
630
20
918
952
12
8863
20
5710
29
20
21272
29
20
41967
26
29
20
5304
26
14892
1915
20
2333
29
7617
23
2319
294
289
545
20
918
743
20
545
29
3
20
12410
12
29
20
3657
26
13
348
2211
1240
12
8863
713
0
1636
407
3
7789
12
1281
25
2
1240
12
4590
10289
12
347
12744
12
29
1357
6
402
7617
1636
714
1636
402
1636
662
12
1848
13
331
2246
25
4475
10289
12
347
9762
12
29
682
421
25
20
2126
12
407
33253
20
7617
13
348
6
25
302
14188
25
306
761
12
29
761
28
13
10070
5160
402
826
29
1033
20
8863
13
363
4955
20
1154
12
29
20
17943
35409
2939
1870
302
10070
289
402
7617
322
662
12
348
2211
714
1252
462
1166
915
26550
6
20
6007
12
29
2211
1240
12
8863
13
421
25
302
13692
25
336
1240
12
761
13124
0
29
1252
3386
290
3
826
315
20
2552
15896
5160
424
20
826
13
348
16293
421
25
424
6
1457
12
20
2781
38969
28172
1581
12
3673
421
3
20
7789
12
29
6
19227
1281
686
25
2
1281
3
29
6
4956
20
4078
28
29
6
8375
840
3
583
5313
1129
1526
289
25
13
348
424
363
538
290
25
994
3918
20
5535
20
5762
12
289
20
7789
12
12545
302
306
17130
718
20
641
12
2
7789
16
25
3417
20
3443
12
20
1012
2628
7612
20
7789
12
29
315
8
10
29
1112
20
3924
289
10
29
302
10
462
1968
16
290
4647
20
1741
315
302
10
3000
861
29
682
16
290
5058
12
20
26950
29
289
25
662
8871
20
491
302
20
18173
2
1179
16
5
20
2232
12
2089
6
20
4481
29
2232
12
2
30274
20
25127
29
1037
2309
20
4403
2
25
302
363
3040
6
20
3859
10194
2443
20
826
20
2949
13
348
20
2967
12
363
4955
20
521
12
29
20
4481
2
20
4950
1890
20
5564
29
2150
43405
2
25
1326
12
20
2967
2
7988
12
20
10194
29
20
2128
10194
12
606
20
46683
6
302
10
1000
12
7720
3
2
20
4118
29
2
804
10
49255
313
2
387
20
687
29
23452
26
322
20
2793
315
302
289
25
1019
20
10194
13
47683
24
2
7945
11458
3
289
20
10194
29
2629
1060
24
322
20
1281
377
419
9003
3
29
22376
3
29
6
424
433
5997
3805
348
596
11748
290
20
4940
28
2777
3
29
2128
3
2
302
6
3
20
546
12
29
424
2
20
4461
29
419
27974
12
2
20
30773
12
7784
0
336
1019
596
1735
29
1909
29
20
27974
12
2
20
1281
27831
29
2026
2628
387
20
2811
289
3777
20
2128
14424
20
1255
336
662
12
4590
1636
4375
24
20
4481
29
656
24
2
1800
3
29
5085
24
322
630
2128
3
13
462
22058
24
2696
0
29
363
541
7
13
56768
302
4270
24
6
7612
20
7789
12
421
3
583
5781
6
545
3
990
1166
290
20
7789
12
289
15082
3105
13
433
1033
306
20
17711
2
970
20
4731
13
1240
12
17561
29
1033
1267
13
1166
421
8
3777
20
630
29
6
387
12400
883
4142
6903
596
322
25
2
630
1281
25
29
972
6903
596
322
25
2
7764
1281
25
13
433
4269
596
421
25
29
1656
331
29493
16
6
2057
1
13
433
713
25
29
433
6
576
5
4142
6903
596
322
25
331
29493
16
6
2057
1
433
596
29
3875
25
13
433
4269
596
421
25
29
1656
407
11
331
407
28349
57355
1126
1075
883
4142
2
630
1281
25
29
972
2
7764
1281
25
20
1126
6702
25
883
7415
29
20
28982
29
20
2590
29
24652
25
290
1126
1487
972
29
682
289
25
1406
25
407
11
331
407
28349
57355
13
20
2599
2481
2
2309
20
4375
13
462
13025
2443
20
10194
606
25
29
419
596
29
3875
25
20
1636
20
632
1326
16
3
743
1326
12
387
29
3
20
19796
26
2128
3
20
1964
26
6
26383
20
1265
4
29
6499
20
1866
4
13
658
5078
3
289
20
12936
20
5320
306
971
20
1265
12
743
20
14958
29
2147
20
6080
322
20
1265
12
336
5038
20
448
2885
1624
5038
10
29
1807
363
7194
26
306
4682
20
7789
12
29
416
2489
1581
12
290
20
1187
28
336
302
289
20
1281
1193
0
2443
20
7789
12
30
20
3719
480
29
20
1593
29
4398
29
6348
433
20
1593
414
302
5781
6
25
1081
289
20
1281
584
2443
20
7789
12
433
3047
1033
2934
16
1406
25
1735
29
1909
29
22202
20
1281
306
1490
25
3325
20
20343
20
3494
12
29
27130
24
2
1406
25
1735
29
1909
29
988
5548
20511
13167
26
29
26996
25
3805
29
11701
24
988
5548
32675
29
4250
24
302
424
539
28897
2
3494
12
20
7789
12
406
419
1004
289
584
20
1305
306
20
1305
29
8305
25
302
25
1166
306
20
30982
2885
2211
6690
0
302
16356
1265
16
25
1621
0
322
1281
20
7789
12
29
377
9973
289
20
8037
290
387
20
1675
302
25
2885
22702
16
25
1265
16
25
369
16
3415
16
10
2389
7479
12
1111
363
4680
19041
1305
29
523
10339
302
5191
682
306
20
30982
915
2803
331
16356
20
1265
12
13
5984
0
29
363
7062
25
3777
25
414
302
8881
20
7789
12
322
686
25
29
10339
302
5191
7062
25
3777
25
289
20
637
29
363
4680
6
25
20
11115
446
363
4680
6
25
4939
20
5808
2647
20
5640
29
387
916
289
25
29
20
11115
5687
336
20
1326
12
20
873
12
290
1326
4
20
17711
29
443
1326
12
20
1636
20
1091
801
7194
26
306
1673
20
2781
13
363
2893
26
421
25
29
363
10070
26
322
25
29
443
1455
20
6194
29
416
10741
630
20
17711
421
25
6
21851
3
2
20
1281
29
2109
3
840
25
29
2861
1490
3
6
20
641
12
433
596
3805
348
44803
6473
2331
16678
22528
199
25952
24
38519
14
446
33541
241
421
14
15837
407
459
11748
290
25
1281
25
29
686
25
2
302
6
25
20
546
12
29
407
459
363
33541
2600
421
25
6
21851
25
13
387
578
6849
681
596
6793
25
5058
12
2
3777
20
2128
20
2811
20
632
20
6946
290
852
12
20
21851
13
348
25
290
20
29422
4
433
4269
596
421
25
29
1656
662
29422
4
2955
38896
29
9721
7279
29
6083
20
6951
2
686
25
1126
662
29422
7926
750
43635
1074
29
433
3805
29
290
21445
2955
686
25
13
5497
332
20
13306
26
29
22
2281
289
2413
20
29422
4
1112
1348
25
29422
0
29
2798
12
20
11876
290
25
29
2150
17262
852
12
20
21851
2
302
42753
3777
20
1281
13
1490
20
1557
363
17212
915
2
8678
20
686
306
7988
16
25
583
13515
424
25399
0
13
20
7789
12
2
387
20
2811
18881
12
446
26612
1242
10
322
19723
20
21851
20
29422
29
2150
20542
16
25
2
971
3777
25
29
2
971
2756
25
2
3225
25
29
43545
25
2
2147
25
336
596
3805
20
2811
20
1091
2271
20
3047
12
13
348
6
596
1735
29
1909
306
6714
3047
12
289
686
25
29
289
1281
25
13
20
5058
4
20
5526
12
2271
6
3047
12
20
13802
29
20
861
12
2271
6
3047
12
20
1281
29
331
561
220
290
4934
336
20
5808
29
416
4569
421
25
20
5548
29
19086
840
25
714
363
4600
686
25
2
302
2783
2271
596
3805
306
26573
310
25
322
20
2006
29
1329
1649
539
25
840
25
2
2413
20
761
347
20
761
290
1281
7889
3223
30772
20
632
12
289
739
20
1673
29
290
5535
3325
20
986
20
15138
322
739
20
7612
6589
0
6
20
2110
12
289
20
13559
2
6206
20
6163
336
4318
20
5710
29
1932
12
6
9021
20
4770
302
16790
25
322
20
1866
4
29
957
0
2
302
289
20
5292
8858
4
315
331
4270
20
459
6
25
290
20
10997
1252
646
322
739
20
7612
29
2885
1624
16
3362
12
20
1866
290
20
5762
27173
302
38284
13
348
424
462
12
20
880
29
1950
20
4940
407
24041
28
290
7746
20
3520
13
331
4915
8098
25
29
20
8926
1785
20
2719
29
12527
2
20
46470
29
20
9248
29
6
25
462
12
41407
462
12
20
880
7726
59005
13703
20
1192
12
289
25
29
6
8898
6
7789
16
10
348
369
2783
10
630
0
930
0
1190
0
45913
10479
302
658
290
1243
20
4601
6
658
424
804
0
6
13670
1977
16
25
29
9371
7789
16
25
29
424
30
930
20
6902
13
348
25
491
20
501
12
29
419
290
20
1717
20
1893
347
2490
1093
369
4269
596
421
25
29
1656
19496
20
3045
29
369
289
2490
30
20
7654
20
9772
12
363
13025
289
25
3125
0
1126
369
3875
596
4269
596
421
25
29
1656
19496
20
3045
29
19496
331
658
289
2490
20
1126
6702
0
25
290
1126
1487
2809
29
6
2490
5810
12
1824
12
20
971
29
302
25
12166
289
25
20
3424
29
369
6348
1260
363
2353
24
2490
13
348
25
1392
290
2469
596
3805
29
523
1406
24
930
2490
29
5452
20
894
12
3800
0
290
20
5027
20
730
12
20
1621
13
348
25
930
5680
29
289
25
20
894
20
1157
29
289
25
20
1114
20
1190
4
29
443
20
761
20
491
29
20
1114
20
11381
4
29
443
1114
20
35008
29
1243
1114
930
2490
20
761
20
5016
29
1243
1114
4466
20
894
12
20
761
20
491
20
3443
12
20
1091
12
20
648
293
13
348
424
5617
322
20
28104
29
20
2934
12
433
4269
596
421
25
29
1656
1243
20
4375
12
2862
20
16077
336
5808
289
964
1126
1243
20
4375
12
2862
20
16077
336
5808
289
964
6702
25
795
29
1487
37273
29
20
2590
290
1126
1983
4583
29
6
1983
7415
290
1126
1983
21519
12
446
20
4375
12
1243
433
2862
20
16077
29
433
545
20
2746
662
290
14120
20
448
290
10
8975
20
4375
12
1126
662
290
14120
20
448
13
935
290
10
8975
20
4375
12
6702
25
883
6665
289
1058
20
21078
29
16221
20
1179
290
1126
1487
2809
2
3912
4504
29
416
2492
3800
0
13155
0
29
433
4269
596
421
25
29
1656
348
20
459
6
1912
486
0
289
20
964
45283
223
596
6
25
964
0
13
348
3217
25
906
290
20
964
29
1528
289
20
16515
12
13
348
1774
2
25
906
290
20
964
29
20
16515
12
29
1528
28104
1126
348
20
459
6
1912
486
0
289
20
964
45283
223
596
6
25
964
0
13
348
3217
25
906
290
20
964
20
1126
6702
20
5186
289
20
899
290
1126
6238
974
25
2
9968
4504
29
289
20
1126
20
6716
2131
12
5487
3
596
437
363
1442
915
1442
25
578
3
1486
12400
2
4375
12
13
462
3305
1489
25
2
331
6973
16
4548
25
1126
2131
12
5487
3
596
289
1442
25
20
1126
6702
0
25
290
1126
1983
21519
12
29
289
20
1210
4375
12
20
964
38861
7370
3474
20
919
1126
4375
12
20
964
38861
7370
3474
20
919
6702
25
20
51549
290
1126
1983
870
12
29
11403
25
883
20
989
289
1058
20
13140
29
20
49399
289
20
839
290
1126
1983
1725
3395
7
4504
29
20
28982
29
1195
25
290
1126
1983
21519
12
348
20
4375
12
13095
56450
3474
20
919
29
6
1487
37273
974
25
290
1126
6238
29
419
4504
3800
0
29
433
3805
29
348
18534
218
10
29
49741
218
10
20
5710
13
419
1866
6
14
29
3436
12
20
8975
20
6204
290
8858
4
20
28104
29
20
2934
12
1093
433
4269
596
421
25
29
1656
363
5192
596
290
19711
29
363
42368
29
363
34067
29
20
2267
2
4375
16
25
4272
20
2934
12
29
20
15817
289
10663
290
20
1255
41069
20
28104
29
20
8975
29
20
8110
419
20
6516
290
25
1126
363
5192
596
290
19711
29
363
42368
29
363
34067
462
35933
515
2
25
3297
29
416
2324
289
1621
20
8975
1581
12
583
16584
24
302
363
2102
20
5495
20
15817
13
369
545
3
7039
25
289
745
13387
29
545
3
7039
25
289
718
20
5808
29
289
6568
6669
25
527
6604
25
29
363
2627
20
15817
29
545
3
369
6622
25
289
9332
20
5808
29
419
11206
29
545
3
369
13692
336
745
20
5808
306
745
539
25
2
527
363
2102
20
5348
29
369
746
587
199
20
1825
1104
25
29
17020
25
2
302
363
1167
975
25
402
424
2519
0
336
6273
3474
20
919
6793
25
29
28603
0
290
20
28104
29
20
2934
12
29
2885
462
4166
915
2
302
2102
25
736
826
13
2803
25
336
2549
6
8375
336
20
12406
29
20
11252
28
363
2102
1012
1111
289
1996
12
20
12406
20
28104
29
16323
12
630
0
29
682
289
1996
12
20
1825
915
20
28104
29
2885
369
16
20
930
12
6325
12
13265
2023
245
486
25
6
302
20
7789
12
3415
12
6
20
21851
29
4474
498
6
1490
20
1281
29
1490
20
3221
5492
6780
306
20
686
290
1490
20
1281
29
402
826
290
7
29422
289
20
641
12
29
523
852
12
20
21851
19310
289
20
5123
289
970
20
3191
17862
0
23608
253
0
29
852
12
20
28104
8098
289
20
5123
21874
290
20
25528
29
419
10304
2
4474
498
10
347
1309
7
6
1382
31104
7
347
4230
31104
7
13
2885
5078
20
28104
29
20
2934
12
13
11627
25
1968
545
2465
20
17862
33447
0
6
20
418
12
13
2
971
331
2861
290
20
17862
3139
289
565
12
20
418
12
29
1252
780
20
681
506
369
6
369
20
681
27831
421
25
29
565
12
405
20
852
4
335
2
10
565
16
10
20
486
2
18125
10
29
2861
16
405
20
852
4
2
6348
16
10
29
2054
16
10
29
20
486
2
1901
18125
10
13
446
3436
12
289
302
8966
16120
20
21851
29
8101
16120
20
28104
13
13615
20
3545
29
18314
20
4435
29
22
2728
6891
405
20
6849
289
2413
20
29422
4
20
3443
12
20
1604
12
302
3499
527
4086
302
289
6589
25
21071
0
6
20
1255
289
20
18837
29
22461
964
25
290
3362
12
20
28104
2
20
718
377
22
9913
25
289
2225
12
20
28104
289
1058
20
28104
1093
433
596
1735
29
1909
348
11441
24
20
4375
4
13
3047
0
443
29
424
527
11914
20
637
20
8268
4475
6
20
18837
29
4475
6
302
20
6066
2150
4738
306
10663
290
20
1255
13
363
3933
302
5022
20
12400
34798
12
290
20
28104
289
20
6589
406
3933
302
49531
29
6280
964
25
322
20
28104
2
971
20
2552
29
387
6
302
289
20
6589
48084
0
1091
0
2443
16323
29
20
28104
29
419
18039
7068
20
5808
13
348
25
1963
4148
8772
2
302
2627
289
947
12
20
6690
13
290
3217
20
2006
13
419
377
18039
7068
686
25
13
363
8701
387
20
2811
289
6589
25
29
419
30
6589
20
31309
306
290
11600
2
25
13
348
25
7698
29
20
7838
289
25
29
20
25399
2
935
25
21749
322
25
13
1033
290
3217
25
13
1567
12
20
599
421
25
8042
12
29
523
419
20
804
289
10
29
2
713
387
20
2811
433
4269
596
421
25
29
1656
290
3990
22741
20
13309
13
363
8106
12
6
25
1126
290
3990
22741
20
13309
13
363
8106
12
6
25
6702
25
1487
12366
29
1487
37273
289
20
15807
290
1126
6238
2
3912
4504
29
416
433
596
3805
29
11701
24
988
5548
20511
964
0
29
45408
12822
336
20
16515
12
3800
0
6
331
289
10
290
3436
12
20
21071
13
6
1972
20
459
1640
20
6183
289
3790
405
20
3436
12
2
20
48084
377
289
25
13
348
424
5484
2
20
3723
29
20
1829
1093
658
20
1461
289
545
20
3723
6
545
20
1829
1243
29
290
2219
20
5006
29
20
39030
2180
29
462
4934
2
1357
20
13737
12
8670
6
25
20
1012
29
20
6108
198
2
402
637
20
3443
12
20
1931
12
302
363
16080
4375
16
25
2
16323
29
20
9425
433
596
3805
363
31499
24
4375
4
14
2
16323
29
20
9425
29
7335
24
289
1838
12
16323
29
20
9425
13
5781
16323
302
2086
10
29
20
9425
302
3499
10
29
433
13060
290
290
35482
16
4375
16
25
13
5781
6
25
1562
16323
13
433
302
2086
25
29
3591
2
25
29
5781
16323
302
3359
25
2
20
4398
29
20
9425
302
22907
25
2
20
2719
29
5781
16323
302
6378
355
421
25
6
1003
13976
25
29
20
9425
302
16763
211
25
347
48376
25
2
20
2419
12
29
416
433
4269
596
421
25
29
1656
363
5192
596
4375
12
34067
1126
363
5192
596
4375
12
34067
419
30
377
554
25
2
1126
462
6491
25
29
606
5
302
16323
6
25
2335
29
3265
220
29
419
290
3723
20
1950
29
7737
16
25
714
27910
421
25
3723
2560
12
306
20
4950
29
20
17499
13
2335
25
302
2627
686
25
4108
0
840
25
29
7449
0
421
25
29
584
25
302
2627
20
5808
4108
0
840
25
2
2647
584
596
1735
29
1909
290
25
377
419
18881
16
25
29
6122
16
25
290
20
2158
29
302
25
1252
5192
25
6
2084
27609
0
2
25
13
584
25
302
33908
290
25
20
5808
1111
1968
1723
25
895
0
322
596
1735
29
1909
289
2470
584
596
1735
29
1909
433
3875
596
4269
596
421
25
29
1656
348
20
4375
12
3381
4036
596
1735
29
1909
554
302
3381
289
745
20
6066
1126
348
20
4375
12
3381
4036
596
554
302
3381
289
745
20
6066
6702
25
20
1881
21482
289
20
1839
290
1126
1487
2809
29
433
3025
290
1126
31359
12
322
25
29
11403
25
20
49399
289
20
839
2
3912
4504
38969
1659
198
302
25
1305
336
596
1735
29
1909
584
25
29
20
5808
10697
290
596
3805
5548
25
414
25402
16
25
336
596
1735
29
1909
29
1252
369
421
25
986
6
1310
13
8747
2
25
6714
347
2304
25
377
419
56570
6264
21408
19905
219
5138
22769
20
986
1348
20
5495
999
290
16
25
36877
0
29
6908
0
13
348
20
4108
840
25
419
20
56570
2
5548
25
1033
419
13
2150
5602
377
14516
25
2
2285
331
4454
25
13
419
1053
289
584
686
25
13
462
1699
2
25
306
539
25
29
2885
2219
20
6849
20
662
12
335
935
8
10
289
2628
7612
20
7789
12
347
578
10
462
802
686
25
4108
0
915
336
686
25
4475
2
3777
1281
25
6589
0
6
1490
596
3805
347
6946
0
6
686
25
322
18027
12
20
21851
347
2271
0
306
3047
12
20
1281
891
0
6
20
1809
29
17330
369
13
363
2982
12
407
25
29
407
20
5808
583
2627
686
25
4108
0
840
25
29
2885
1677
387
20
6908
2
302
2699
686
25
4108
0
840
25
22028
290
25
306
2560
25
331
935
289
2811
16323
29
419
20
1774
2
25
29
6589
25
29
891
20
6393
12
290
25
2
20
2271
29
20
8060
29
20
797
12
29
20
38091
29
20
13434
29
20
1420
2
20
1193
29
20
1147
289
20
4124
29
20
1672
12
289
20
1687
13
405
402
10
8583
4
16323
12
29
2811
16323
12
289
20
5762
331
935
8
25
29
1033
20
9425
13
2560
25
20
22083
29
20
56051
29
29562
28
20
2288
29
58198
20
1112
29
18039
20
7068
2
20
6589
29
3433
20
14844
29
5762
25
29
419
14647
25
681
23
578
7
7506
16
25
6
1299
20
745
322
20
1281
29
3291
12
424
306
686
25
13
348
424
17809
20
3045
363
5813
12
29
20
632
2140
16
25
302
25
1866
290
20
5808
29
302
20
5808
6
804
1265
16
25
561
220
290
25
29
3395
7
58685
25
20
6908
1033
7506
12
2803
20
1281
13
419
36815
6
302
290
11435
3777
3105
289
1163
12
331
12891
936
0
13
419
2168
20
36815
29
1190
302
25
7328
20
1281
6
891
3934
596
1735
29
1909
29
20
13140
289
20
1881
20
641
12
29
424
4536
988
3777
25
347
7328
25
6
6946
686
25
322
18027
12
20
21851
347
2271
0
6
891
20
1809
29
17330
2389
13
20
46557
12
363
1112
6
10
29
1033
20
632
13
419
3800
0
6908
6
302
25
1252
2219
1621
20
2719
306
20
7257
29
2219
2130
20
11860
6
331
4165
211
20
5808
406
40953
2
25
29
6475
1326
16
25
13
7753
307
20
11860
3618
26
20
546
12
414
20
5710
2
12951
12
359
29
6
424
433
4269
596
421
25
29
1656
332
20
37189
26
23098
20
10005
12
13
433
883
4583
290
332
433
332
20
611
26
2128
0
20
1126
714
1562
4896
211
20
5808
29
416
1968
25
596
3805
9921
12
6
25
1111
12740
20
1281
2
2862
1
29
51811
290
25
29
20118
289
2444
25
2
4682
20
1265
12
29
416
15678
302
8375
336
20
5808
971
1265
16
25
29
14533
322
25
20
6080
377
9466
25
1252
1656
840
25
13
20
4049
2817
6
20
3271
289
5548
20
5808
29
6537
421
25
2
6861
20
12666
29
2089
20
27826
29
4214
12
20
1621
4
336
302
7957
40125
499
223
31164
25
13
348
2885
3557
16
20
7506
12
29
11585
16
2
20
6163
29
20
2756
2
3667
596
3805
6
25
1673
20
2781
29
12422
25
20
5808
583
14980
25
322
1800
16
25
2
2647
25
290
25
50011
20
9425
29
20
22083
29
58198
20
1112
29
11585
2
20
43545
29
20
11665
29
2647
16323
12
13
387
5533
16323
29
20
9425
13
348
1457
16
13
2140
16
25
686
25
289
1326
12
20
4108
681
7712
13
1081
290
3117
12
43405
2
10
1950
25
13
2102
2
10
302
25
462
802
686
25
4108
0
13
12545
302
6
25
3117
12
1640
12
1726
12
29
419
302
5122
302
20
5808
1252
18955
421
25
5805
12
347
1281
0
3127
0
6
25
421
25
713
0
1081
369
2893
289
9465
25
29
5891
25
6
25
306
9465
25
554
20
12400
13
348
3139
462
3060
4375
16
25
322
26630
12
16323
12
6
302
25
2370
2
804
25
331
462
1972
3638
554
424
13
348
1457
16
13
387
681
7712
29
363
30510
1950
578
322
25
13
331
9797
252
25
13
12545
302
6
25
5347
5762
0
29
5347
2560
0
1033
20
5762
13
20
1996
12
2
20
4706
335
935
8
10
289
2628
20
7612
29
302
20
5808
419
20
4108
840
25
289
6946
25
2
20
2647
29
1033
20
2560
13
20
811
335
55138
4525
8062
16323
12
13
348
20
5814
335
3509
322
20
5568
28939
20
1950
2
20
5568
506
22
2281
6891
25
289
20
7764
20
873
290
20
1058
29
6
387
369
545
3
3633
20
4375
12
407
745
5
20
5808
29
6825
1268
0
407
745
5
25
583
6642
25
2647
10
583
658
419
289
947
12
20
6066
28
29
419
20567
315
424
7506
12
1252
1340
25
29
369
545
3
28919
1723
25
6
4518
20
5808
290
1723
25
29
846
745
20
5808
443
20
2087
29
369
16
8022
29
319
1656
12
6903
596
322
7
985
3835
1588
2082
0
336
5808
58117
0
6
20
3875
25612
331
4096
2
25
714
14384
6536
23
421
25
713
1406
25
29
2353
23
387
2
5367
583
4642
6
8
4375
3852
13
369
24
363
3638
26
20
8060
6
302
25
3185
20
6393
12
29
369
24
9369
26
20
8060
2
713
25
29
3297
1330
972
413
20
2264
29
1487
25
459
596
6903
596
322
7
29
3297
369
13244
20
4318
53844
26
4318
3
29
363
5347
290
527
20
2560
915
405
20
811
20
7558
12
306
20
36370
29
20
9606
29
2647
16323
12
29
290
527
20
5762
20
7011
335
935
8
10
387
290
527
20
486
29
424
290
527
20
957
29
363
8770
20
1950
915
2
20270
20
957
29
20
486
29
405
20
4604
12
290
20
37409
4
3527
8666
20
24033
290
20
3177
12
29
6688
424
2
1406
25
4269
596
421
25
29
1656
682
6
20
6951
290
3177
16
25
915
331
2983
290
10
1126
682
6
20
4940
290
3177
16
25
915
331
2983
290
10
1074
289
20
3177
12
29
387
30
1406
25
4269
596
421
25
29
1656
363
11316
596
4375
12
34067
29
30
1406
25
1735
29
1909
363
31499
24
4375
4
14
2
16323
29
20
9425
29
1033
7079
20
8272
2
3392
10
1099
10
29
5494
12
5711
16
25
322
10
743
387
20
1037
13
1126
641
29
416
6023
8
336
8305
25
289
1058
20
3177
12
20
3443
12
20
2436
12
302
746
44237
20
5897
12
13
348
25
348
1460
624
10
12208
2
10
29
20
10255
290
20
29422
4
29
419
13699
6
20
811
433
3805
29
437
8365
985
12208
16
14
3927
16
14
13
462
28708
322
14
3125
0
29
5191
348
20
7565
12
4366
12342
1411
16
4511
16
606
596
1735
29
1909
29
20
22182
12
4366
1460
624
16
6012
16
606
596
1735
29
1909
29
5781
363
697
20
2082
915
2
662
12
1687
21671
25
29
15138
25
29
7068
25
29
682
20
1460
7231
419
16323
29
20
9425
13
348
25
1252
2147
1281
25
336
3841
12
2574
347
7647
7976
289
25
20
1460
7231
29
363
790
289
25
16323
29
20
9425
406
20
10255
29
20
1460
7231
2931
289
630
20
5058
4
29
9797
252
25
957
29
486
1798
20
957
13
419
302
4086
302
20
761
347
2413
20
761
1890
290
730
29
302
25
416
54900
6
686
25
2
561
220
1326
4
20
3777
506
935
8
289
2628
20
7612
13
419
4237
2
302
41592
209
290
25
13
1562
6091
624
25
29
348
18364
336
20
1326
12
20
2087
13
3777
402
1281
25
347
611
25
38969
29997
302
25
290
3022
6
25
20
1281
29
336
2635
11196
25
13
20
1281
6
596
1735
29
1909
29
6
25
16323
12
421
25
1111
11270
25
29
1342
25
6
3777
25
13
462
6091
624
289
584
596
3805
331
419
1357
584
596
6793
25
29
348
369
3770
25
11914
302
4934
336
20
641
12
29
302
25
7328
25
6
20
13140
13
462
6091
624
3777
331
3615
421
25
9492
25
29
1033
20
486
13
419
302
4617
25
4398
20
11388
290
21851
2
11073
2084
12
1281
25
322
596
1735
29
1909
13
846
869
16
25
20
14084
29
20
13309
30
869
12
290
3560
6208
25064
13
13025
545
10
29
5575
20
545
6
302
20
1281
402
25
6
596
1735
29
1909
29
3777
630
25
419
20
4454
606
596
6793
25
29
2150
462
12527
2
25
6714
6
302
25
18492
421
25
2
804
21851
25
506
433
596
1735
29
1909
16678
22528
199
25952
24
20
3443
12
20
1953
12
302
37165
290
1281
25
19496
25
29
4454
25
840
25
29
1003
25
29
13795
25
13
348
596
3805
2591
363
5192
915
2591
0
29
985
369
20
2611
290
3185
12
13
1963
363
658
880
0
6
25
3306
0
13
363
3718
20
1099
29
289
1126
12987
322
6238
413
4000
34004
6
459
11701
290
1281
8625
25
290
539
22182
12
1126
6238
34004
6
459
11701
290
1281
8625
25
290
539
22182
12
6702
25
1487
12366
29
20
10271
293
29
985
462
1972
20
2611
290
1573
20
1281
13
419
290
3467
20
3883
1111
416
13025
20
1573
6
686
25
347
6
459
25
347
6
2057
25
13
658
416
14823
306
596
1735
29
1909
539
25
29
1252
1330
387
2
3101
25
29
822
840
25
1510
225
3735
289
1555
25
6
8403
211
2
424
2065
25
387
348
369
1008
25
336
596
1735
29
1909
29
348
369
1008
25
336
686
25
29
13140
25
289
20
641
12
13
682
2
11257
290
4687
539
25
306
686
25
29
682
6
25
290
1281
25
915
331
12400
2
25
13
12785
347
5648
13
39789
29
377
10350
25
1646
50158
289
20
637
13
682
290
20
2983
2537
20
1008
306
20
4367
12
29
780
20
12936
29
416
433
596
3805
1827
7008
801
3949
24
11701
24
290
2591
4
331
4465
345
29
988
6702
8
6
14
290
20
1155
29
363
59710
24
20
10343
290
25
13147
26
29
36449
2
10697
5
25
915
302
38192
24
289
25
446
363
4822
1302
915
315
7506
12
29
13309
29
419
2811
20
52567
13
363
5049
24
2
25
919
14
29
289
20
1210
2376
3105
1569
12
936
3105
1126
2376
3105
1569
12
936
6702
25
20
3786
29
1487
37273
29
24652
25
290
1126
1983
21519
39427
38369
2
302
4235
25
20
1310
29
419
290
20128
1281
25
29
19496
25
13
4497
424
322
20
3934
29
20
2756
2
20
3777
29
416
4235
1569
12
936
3105
988
13039
290
1281
25
13
5553
424
306
302
25
682
4687
596
1735
29
1909
2
1557
988
5329
25
29
2
424
5711
596
3805
4008
0
1968
24
6
596
331
13039
26
13
433
3805
29
2651
26
6
596
331
13039
26
29
7922
10765
16
3
20
6461
302
6
3
20
6010
363
1626
545
20
2224
306
20
7116
22970
0
6
3
714
18412
29
433
7755
302
6
3
20
2158
446
4465
6
3
1968
3
6
596
331
13039
26
20
2158
20
3443
12
20
2586
12
302
4272
6
4375
16
25
290
1244
1882
2
25
20
4375
12
29
363
13291
2
302
658
290
3813
20
8863
20
2904
12
13
348
289
3813
3
1237
852
4
13
6
18375
1237
847
20
852
4
29
443
1148
12
20
1012
302
4272
20
52518
20
1688
28
322
20
986
0
20
34665
28
6
1537
12
20
641
12
433
4269
596
421
25
29
1656
363
13446
915
3735
2690
29
363
10350
3735
1
915
2690
1126
363
13446
915
3735
2690
29
363
10350
2505
314
16
25
915
2690
6702
25
883
7415
29
20
28982
290
1126
1983
1725
2
7590
363
34565
915
4940
0
29
363
10350
3735
1
915
2690
29
387
6
302
20
2690
15013
2
25
306
20
11465
13
846
4024
0
289
7565
16
25
11468
6736
11494
5485
25
29
433
4269
596
421
25
29
1656
8333
24
3735
14
20
52518
29
491
24
2082
14
20
4940
28
1126
8333
24
3735
14
20
52518
29
491
24
2082
14
20
4940
28
6702
25
1487
20
1482
289
20
448
29
20
1618
12
290
1126
1983
1725
20
56180
433
1487
5690
3025
289
25
3919
29
289
7590
641
11877
2
3735
1
290
8459
25
289
596
3805
1126
11877
2
3735
1
290
5329
25
596
6702
25
1487
20
1482
58320
8
47743
322
20
47662
9772
0
29
369
545
20
2746
4687
2
20
3735
5710
20
7509
12
743
539
3
13
5781
6
25
1252
21206
16
2
2082
1
630
20
5710
6
369
1243
13
433
363
1807
4008
3
3
6
596
6793
25
13
985
1748
16
7
8632
12
13656
332
578
3
13
4849
1510
3
12
826
336
596
1735
29
1909
4454
840
290
302
6361
936
0
3673
3
16
25
20
4118
13
935
387
20
2288
6
20
25214
13
36344
25
29
433
387
1720
290
6526
596
3805
29
433
331
2934
16
731
4770
2288
0
5505
290
387
714
22694
302
387
20
1486
7377
637
25
29
3
2
780
20
51114
13
2449
840
25
20
25214
1281
0
29
433
18297
25
11037
16
1
29
363
7202
20
51114
13
348
20
1537
12
363
10521
713
1
29
369
387
20
1486
15306
0
363
4518
290
20
5710
3308
331
54870
313
290
25
20
852
12
20
632
12
302
658
290
2057
20
957
560
12
13
348
424
10237
12
6
25
306
20
957
29
20
957
4536
20
5058
4
2885
479
16
289
25
20
857
12
29
369
1487
20
1482
10619
2
2082
25
2057
20
957
13
5781
6
25
1252
21206
16
13
433
348
5
363
4747
414
3770
20
18802
12
1243
290
3770
20
2746
13
985
14979
1950
578
3
2
1265
16
25
462
19486
6
20
957
29
462
5192
306
20
3305
13
9808
3
6
20
957
1243
20
852
12
20
1091
12
302
658
3816
0
289
43366
25
29
957
25
2
20
4481
29
4481
25
302
25
985
2104
20
4398
1719
596
1735
29
1909
29
2271
25
29
2699
302
20
3047
12
290
25
29
462
4934
336
3551
12
13
387
419
9850
20
5058
6
596
6793
25
29
419
302
2627
302
20
3047
12
402
10
290
25
29
289
12127
12
22688
6
1487
25
363
4175
407
1
29
407
596
7449
0
29
36605
3047
12
539
25
421
1
22094
0
29
290
2271
539
596
6793
25
13
11627
25
462
2102
20
7449
29
462
59240
302
20
3551
12
19567
25541
2
13008
596
1735
29
1909
1111
807
596
3805
421
25
16120
20
1330
29
6298
6
25
20
1801
13
6361
29
419
19567
29
1252
3974
780
25
462
5122
421
25
414
302
3990
596
1735
29
1909
289
1950
25
302
3295
986
25
29
4118
25
289
1330
25
13
2885
1691
20
18199
23628
424
15196
20
3714
12
29
1224
494
20
971
12
29
462
8229
20
459
2054
12
20
18199
20
1691
377
363
4381
289
25
29
596
1735
29
1909
9056
6
20
27085
29
39665
10
29
29747
6
20
2861
29
20
4381
322
10
29
25541
20
971
12
6
20
1224
494
2
14163
20
27085
13
290
21638
387
462
1972
6
25
1008
915
336
7495
20
1801
29
21638
713
387
20
459
33783
6
20
15817
290
11665
539
25
29
2271
25
13
424
942
12
4950
3387
289
20
611
17016
25
29
10237
12
713
387
20
459
20
3859
363
12114
29
1033
377
31048
2
20
4398
29
4096
2
20
1866
13
22
4463
199
2
20
1641
29
4096
2
20
449
606
20
14099
29
3723
25
9762
12
29
416
2492
302
25
4269
596
421
25
29
1656
2449
2082
0
336
545
20
5710
29
433
6
20
3875
25612
331
1260
13
2026
2104
433
20
1719
6
596
377
363
10701
290
935
25
29
363
11692
290
2271
25
714
433
10366
348
1
462
5511
13
363
8
2253
686
25
56215
13
363
8
363
23611
217
2253
2
11661
686
25
13
7274
3875
596
4269
596
421
25
29
1656
3777
8041
1025
29
433
4269
596
421
25
29
1656
957
16
302
25
1260
424
1126
2449
2082
0
336
545
20
5710
29
433
6
20
3875
25612
331
1260
13
2026
2104
25
433
20
1719
6
596
377
363
10701
290
935
25
20
1126
462
6491
6
25
2335
0
915
289
1126
4504
290
1126
1487
972
29
11853
1487
3763
223
289
20
11679
12
491
25
29
462
818
198
405
20
1891
12
335
6635
10
20
6148
29
18822
20
1486
1002
211
0
1093
2492
0
290
718
20
49399
302
25
1463
6
1002
211
290
1983
20
52685
1557
13
433
10366
348
1
462
5511
1002
211
0
56215
1002
211
0
363
23611
217
29
5781
348
387
641
363
7600
12
6
25
44336
8618
19315
12
29
416
935
25
1487
37273
289
753
4
20
1187
28
13
10775
1562
2537
12544
25
306
596
1029
25
29
433
4269
596
421
25
29
1656
6
1486
791
13
433
24175
221
336
596
1029
25
29
363
24175
221
336
534
13
433
4269
596
421
25
29
1656
2219
20
584
6
2057
25
1126
433
6
1486
791
13
433
24175
221
336
596
29
363
38993
221
336
534
20
1126
6702
25
795
29
20
51549
290
1126
20
4136
1487
2287
2
3912
4504
29
2026
5085
16
5494
12
8022
6903
596
322
10
289
939
12
20
50194
433
883
4142
6903
596
322
25
2512
13
6822
1469
3875
596
4269
596
421
25
29
1656
13
433
16
29
596
363
11188
29
363
795
915
596
13
433
4269
596
421
25
29
1656
571
10
1827
8618
4142
1126
6
331
5085
16
5494
12
8022
433
883
4142
2512
13
6822
1469
3875
596
4269
596
421
25
29
1656
20
1126
6702
25
883
7415
290
1126
8022
2
7590
13
433
56768
5
2512
13
6822
1469
3875
596
4269
596
421
25
29
1656
13
1457
16
795
596
363
5485
11
29
6
20
9811
2579
0
13
433
56768
5
2512
840
25
13
1457
16
363
29
596
363
10456
840
25
29
363
795
11
29
523
795
596
29
6
25
29
6
1305
13
433
16
848
319
5
2512
840
25
13
1457
16
363
29
596
363
10456
840
25
29
363
795
915
596
29
6
20
51549
13
433
16
2
1719
596
363
2
1719
1242
1
29
6
25
290
1126
1487
2809
13
433
16
363
2
1719
1
29
363
2
1719
1242
1
29
6
25
290
1126
1487
972
13
433
883
4142
2512
12169
210
6145
209
3875
596
4269
596
421
25
29
1656
13
433
16
363
29
596
363
16761
218
290
25
20
1126
29
289
25
302
10
433
16
6
20
3675
4269
596
421
25
29
1656
2
1719
596
363
2
1719
1
29
289
7590
641
302
10
6903
596
322
10
433
16
6
576
5
4142
6903
596
322
25
2
1719
596
363
2
1719
1
29
363
2
1719
1242
1
13
462
11380
3875
596
4269
596
421
25
29
1656
421
10
424
315
302
20
9695
1463
840
10
306
4950
3875
596
4269
596
421
25
29
1656
29
2140
12
20
4221
290
539
596
6793
25
1790
20
14845
28
433
596
3805
29
985
935
596
1029
25
44688
225
224
16
4318
801
363
6094
26
2
20
641
12
29
985
935
801
290
743
25
985
332
46376
313
29
290
462
6304
5762
25
322
2140
12
20
10606
915
290
527
348
3
10606
13
11627
25
462
30510
322
20
521
20
8447
964
25
38969
198
596
6793
25
289
3348
12
4481
25
322
30
573
4
20
521
29
14866
25
20
852
12
20
1604
12
302
658
22471
195
17168
0
1265
16
25
363
13268
20
3517
29
20
4834
347
658
290
2057
20
25313
12
3673
2489
16
3047
16
25
29
2084
16
1483
16
25
13
419
1945
738
289
22741
20
31331
433
596
3805
10579
3
20
14420
11860
290
20
42359
2275
3
2
3201
3
363
6642
26
20
1255
5963
317
0
446
363
20780
26
289
20
2006
6
302
3
11860
2
7437
3
14792
12
2
4730
3
29
387
3933
302
4272
2
20
19265
322
2057
20
986
289
402
1759
12
29
33683
322
30737
32814
2057
20
1866
29
20
31331
13
13140
2147
20
2082
840
3
9492
331
11196
336
20
25750
28
2
20
2006
20
852
12
20
1931
12
302
658
9901
0
347
13865
0
2
1570
347
2
804
290
20
1801
13
2319
289
25
2811
1406
25
1735
29
1909
6
20
5710
801
34547
211
24
289
2333
596
446
4446
24
289
718
20
641
12
2
20030
12
347
4569
4460
12
347
1959
1950
363
2818
26
1934
0
289
20
1155
6
302
3
57757
24
20
4459
9288
24
20
2465
13
2
405
20
1801
369
972
6903
596
322
25
4617
2057
20
1555
20
10199
290
20
14901
20
761
12
13
331
2246
10
29
369
4269
596
421
25
29
1656
4617
20
4398
306
4682
20
20030
12
1126
369
4617
20
4398
306
4682
20
20030
12
462
493
6
25
2335
0
29
6
1983
7415
290
1126
15461
413
4000
302
3875
596
4269
596
421
25
29
1656
369
985
23034
25
20
49091
1636
25
289
437
25
29
6361
20
33655
3168
28
29
6361
20
9662
3168
0
29
4738
972
6903
596
322
25
322
2862
20
16197
13
433
3927
12
20
13412
29
1457
12
20
1281
20
852
12
20
2436
12
302
658
290
20
6465
29
3325
20
25768
13
846
4375
12
1463
12
2658
29
289
1618
12
20
2658
290
20
13140
331
363
29097
433
421
6903
596
322
25
6
302
2335
561
0
290
2096
5
2824
3
4454
840
290
302
2363
22710
2
761
28
541
7
29
6
302
2335
25
2
761
28
541
7
4454
840
290
302
2363
22710
2
1569
12
3105
29
6
302
2335
25
2
1569
12
3105
4454
840
290
302
50509
8908
12
29
20
4302
29
2096
20
1866
1035
4850
367
313
306
20
7011
506
5183
20
6465
306
20
3339
13
6
18375
405
20
3918
13
405
443
20
852
4
20
2122
12
29
289
402
852
12
1326
4
27173
302
4272
9557
10
13
348
2211
290
1127
3248
12
290
405
20
852
4
13
443
20
9739
12
20
2073
29
20
7892
12
20
6778
29
2885
16584
289
424
29
4793
13
6
25
6813
219
29
348
9891
13
6
25
2782
826
13
348
578
4564
25
289
20
637
6946
25
686
25
322
852
12
20
21851
29
2107
1490
596
1735
29
1909
289
1950
25
29
7356
25
289
7565
16
25
29
405
20
852
4
443
335
11465
289
1950
25
13
43201
25
336
1019
596
1735
29
1909
29
20
2782
20
632
331
2245
840
25
290
3436
12
1617
12
20
10697
29
3
16
25
13
348
4318
20
18257
6
10
2506
289
20
637
29
20
17805
13
348
4793
1677
20
6813
219
29
348
9891
1677
20
491
743
20
632
13
2
387
15505
2782
20
11134
289
20
7356
51160
29
289
6337
20
17236
29
596
7588
20
2290
20
1091
289
20
5495
29
1801
4542
25
29
3417
2470
25
994
1801
20
4542
12545
302
25
363
4896
20
7789
12
915
566
1305
682
2
8302
29
363
5506
5
31434
2
852
12
290
852
4
20
8863
20
2904
12
20
3879
28
289
1058
596
1735
29
1909
29
363
3000
7789
12
336
14845
29
363
336
459
29
363
336
8302
29
363
336
5506
5
1033
20
5280
29
20
10749
13
4680
20
2147
840
7
985
2470
1720
7
18227
1182
852
4
20
8863
20
2904
12
20
7617
20
491
20
5710
29
20
5808
419
377
682
6
25
1281
29
363
971
12
6
25
306
20
4465
13
348
369
315
25
10327
437
25
29
16035
12
637
25
13
682
2
5808
29
523
25
12406
29
348
369
315
25
1520
10327
437
25
13
419
5808
29
348
369
315
25
9603
29
682
315
25
18856
29
363
6643
29
363
28896
29
462
1768
1040
12
20
9603
2
527
15691
2
630
424
506
10036
2
20
5710
13
419
5808
6
302
25
289
20
637
416
770
331
419
6690
840
25
29
331
419
8023
322
25
13
363
3933
302
10354
289
20
5808
302
363
658
6
25
16035
12
2443
20160
20
15496
12
13
348
387
10849
29
20
3215
302
25
363
2319
713
25
29
363
4235
25
322
20
2719
1348
25
6757
0
6
20
2006
13
363
2651
20
2006
4465
0
2
1901
331
1252
971
306
4465
13
348
424
4235
25
322
20
2719
13
348
971
306
20
4465
2
1000
12
13
419
5808
29
4680
302
11664
6
25
1000
12
29
348
971
306
4465
363
10036
2
25313
12
29
2
637
713
25
13
419
5808
29
348
369
7388
10
29
4531
25
20
17429
2
20
4465
322
20
34756
13
419
5808
29
363
2277
971
16
25
29
348
369
51728
0
4531
25
20
4465
290
3417
20
5058
4
29
49407
20
4601
7726
23133
221
6
302
20
4465
1012
290
424
433
4269
596
421
25
29
1656
891
20
9984
11767
12
414
20
11767
12
1126
891
20
9984
11767
12
414
20
11767
12
6702
25
20
51549
29
20
49399
289
839
20
3536
290
1126
1487
6524
2
3912
4504
29
3974
2
25
20
3271
289
20
8945
29
433
972
6903
596
322
25
4465
289
3185
12
1866
290
2419
12
29
348
369
16351
0
2
3940
12
13521
347
290
19698
421
25
3940
16
25
13
387
27831
290
20
4465
13
682
2
5808
20
7617
20
632
20
17731
28
29
20
11252
28
419
377
363
15444
1858
25
2
2568
25
1093
3233
936
3105
29
419
12406
29
416
363
3233
915
23048
0
29
9354
0
29
419
4049
29
20
25449
12
335
7379
10
29
20
9332
377
13145
25
306
971
637
25
363
23472
25
1392
20
12406
29
6354
9829
20
1555
14892
331
2795
840
25
29
424
331
10036
2
25
29
6354
1528
20
8037
363
3716
25
322
20
6594
12
29
985
462
3233
915
20
1528
13
363
13038
25
4375
12
20
6007
29
970
20
1058
970
20
9332
29
9829
20
1555
13
348
25
6690
840
25
29
523
3933
302
3818
380
289
1891
20
1265
12
2
20
1058
13
20
1058
6690
840
25
6
662
12
5874
20
1043
29
20
2516
12
29
20
18634
2
20
12769
12
1033
1265
12
20
18634
13
363
2277
30
11401
1528
20
12702
29
13786
20
3243
29
5913
424
988
363
11033
289
20
641
12
29
363
2931
289
20
4118
915
8666
20
18634
29
20
28476
13
387
12819
289
20
15292
12
29
7789
12
20
6007
29
5731
1392
20
6594
12
29
1033
1265
12
20
1043
348
369
6
1003
20
4465
30
20
25962
29
20
2093
29
20
1498
2
2782
25
13
405
1000
16
25
13
363
7799
289
20
6007
12
30
3983
4
20
9383
29
6337
20
3393
28
29
348
369
6075
6
20
1420
18440
18613
339
39776
251
13
363
7799
29
363
23472
25
424
1392
20
12406
6
302
10
1265
12
1185
12
29
1033
1265
12
20
2516
12
29
20
3305
290
20
1058
30
12936
25
1528
1388
6
8770
2
10
686
25
347
1058
17606
6
26450
289
25
29
32804
2
25
13
348
369
289
20
850
2853
29
23126
13
387
396
15035
322
25
29
348
462
1972
13
419
6690
840
25
714
1963
363
2795
336
12769
12
20
1058
915
414
354
12
27173
302
17934
354
12
20
1265
12
29
20
3823
302
5191
331
363
2795
840
25
289
20
501
12
13
419
396
15035
322
25
13
348
290
1621
290
10327
437
25
1557
14516
16
25
20
6007
12
13
985
971
8
20
10327
2
20
437
13
1265
12
9829
20
1555
29
10172
20
13802
3933
302
4607
2
20
501
12
13
363
7799
10172
20
3165
289
20
6187
29
20
1528
2
20
10172
29
20
9829
7849
29
416
658
6
25
290
1058
58977
13
363
1265
12
336
8759
7
13
348
433
8759
7
18609
29
20
660
5505
13
1412
6690
840
7
1457
8
12502
2
20
18609
29
489
20
5505
11197
20
18634
29
20
12982
223
29
348
369
58977
290
957
826
8759
7
3453
12
29
20
660
9452
12
13
348
369
6325
25
20
2516
12
7726
587
246
2
20
3453
12
29
348
369
5078
25
20
4341
45922
840
7
1111
289
402
826
12
3436
12
682
16
289
20
660
29
5913
405
20
947
363
14334
29
462
4270
6
25
289
969
20
8037
29
2150
6635
8
25
6
3813
20
44275
29
20
10111
2
1195
387
20
1008
306
539
25
13
348
17079
405
20
947
539
2447
1111
9574
713
387
20
1008
289
9829
20
1555
289
4682
10
29
581
10
29
1293
10
29
289
10172
20
13802
29
289
20
1881
6125
16
10
29
4569
10
29
682
6
405
20
1687
1471
3537
12
29
523
20
8272
20118
289
10
2
1548
25
29
6552
289
20
1530
4
2
331
6604
25
29
20014
289
25
2130
20
3185
4
29
20
2215
4050
4518
289
25
2
20
13011
245
29
7917
331
14645
221
25
336
331
363
14645
221
25
29
20
1326
4
20
1825
12
20
1341
12
407
20
2465
20
25693
12
20
5766
12
730
12
29
363
45374
290
10
915
20
7012
29
596
7588
20
7617
20
1091
20
1230
26
29
3
20
31387
12
801
4956
26
20
37409
4
2443
20
7655
29
20
2989
29
3618
289
25
20
11983
29
20
2283
29
20
24068
29
20
4224
29
20
9055
29
363
52748
826
290
3
306
2782
12
20
713
13
348
1621
1557
290
20
3308
322
2782
713
3
1340
306
2084
12
20
8863
29
348
3386
30687
290
1281
20
1888
20
7617
20
1604
20
3230
12
4318
3
306
20
1741
29
3
20
18760
801
13182
24
29
3
38896
26
289
4008
3
29
289
9551
3
1351
3
306
20
1741
29
21071
21479
3
29
8796
3
20
7617
20
1931
20
3657
26
13
3685
336
20
1096
2515
20
3657
29
348
1382
336
20
3657
4810
29
363
3685
20
1096
7789
16
25
20
167
199
7138
221
686
25
6
302
25
1785
459
0
6
25
20
7617
20
2436
20
41967
26
29
20
41967
419
377
6305
269
289
7565
12
347
17338
29
419
5808
13
348
6305
269
289
22182
12
13
363
10012
915
985
10755
29
348
369
4049
0
462
13780
986
25
915
985
369
416
6305
269
6
1787
12
347
6273
4239
12
20
7617
20
1953
20
12410
12
801
682
6
3
4362
289
3216
20
12116
12
31544
477
840
3
2515
29
348
369
24
11860
10237
12
6
3
306
20
5012
20
7617
20
2586
1487
20
2333
29
419
377
736
290
850
25
6
10545
289
539
22182
12
347
13746
2
10
13
10012
348
369
13
9709
0
29
348
369
6
25
1281
2
850
641
6361
2
971
1130
16
25
13
348
1457
16
13
13340
2275
405
20
852
4
1457
8
1033
20
2719
29
20
6594
12
13
26996
20
10697
29
363
3560
2
407
12
29
363
37698
406
4680
2185
1406
25
985
462
4086
6461
25
29
1033
20
5012
29
20
2192
13
419
681
1393
13
10012
2
1406
25
348
5
2292
13
348
462
1167
2
25
23113
29
1033
2084
12
20
8863
13
363
538
289
10
290
20
407
12
13
405
2500
20
4542
29
1033
4682
331
11196
336
402
826
13
22
2281
994
3417
20
5495
29
443
1240
12
20
1012
302
4086
302
596
1735
29
1909
23628
2147
20
7789
12
840
25
6
4976
3
25
29
2651
6399
25
721
826
0
1093
23389
596
1735
29
1909
20
3045
2
302
658
3
3
826
0
29
419
596
6793
25
29
20
437
20
641
29
419
20
2385
2
1406
25
3805
29
331
3045
16
20
546
29
20
937
915
39513
1903
219
29
523
6
331
19094
16
20
970
12
302
14150
306
20
459
20
13737
4
29
20
1265
4
29
443
7786
332
36618
210
2148
20
4031
56468
12
3047
12
9438
20
1265
4
13
611
20
2128
5659
221
10
289
3855
5058
25
6
846
1000
12
6
3
289
1382
1265
4
3
29
4048
12
6
9170
3
6
7565
4
3
13
290
3
290
611
1281
25
4239
12
29
6073
12
13
30353
25
289
20
2130
29
290
3
290
4454
25
13
1101
25
322
20
4118
506
19898
20
44528
3288
25
13
7032
247
322
25
13720
10
29
6564
840
25
971
1265
16
25
306
745
20
11860
6
658
3516
20
4465
29
20
4456
289
20
1127
29
20
2444
421
3
29
3436
16
25
17999
336
20
5710
58585
1233
313
6
5058
12
596
29
20
2035
6
331
414
20
2793
13
363
3000
3
322
10
13720
20
4118
29
363
9047
3
322
20
12507
20
8632
12
29
387
11032
20
3047
12
13
584
20
5808
302
2102
971
3047
12
20
2719
29
6466
302
1621
596
421
25
956
54447
25
322
25
611
290
1621
25
956
11270
25
506
22
2281
289
1058
20
2719
787
25
29
994
25
348
5523
596
3805
7726
21126
331
4518
25
290
596
6793
25
5548
0
6
25
29
3706
0
6
25
306
20
7565
12
29
6
1768
857
16
25
289
25
302
5902
519
2
25
306
7565
12
596
13
348
462
5122
421
25
7726
7029
223
336
331
29386
25
596
1735
29
1909
13
348
5542
2
25
306
22182
12
596
369
14845
0
6
20437
596
1735
29
1909
4078
0
6
20
414
29
20
4329
290
596
6793
25
20
632
12
302
13026
20
15817
29
4096
6
25
29
20520
421
25
29
658
2271
25
29
54903
25
2
527
363
4235
25
322
1348
25
3551
12
29
523
25
718
1361
3047
12
596
6793
25
840
25
29
6
20
718
584
290
527
1968
25
596
718
0
29
3551
12
29
424
363
36844
2140
12
20
3047
12
290
596
6793
25
1093
433
4269
596
421
25
29
1656
290
462
13026
20
1255
462
13026
596
1126
290
462
13026
20
1255
462
13026
596
6702
25
20
28982
29
1195
25
290
1126
1983
1725
29
6
25
29
6
1983
7415
29
1487
37273
974
25
290
1126
1983
21519
12
29
433
1195
2223
29
416
8640
596
1735
29
1909
306
5058
25
289
17236
306
811
3
29
419
9056
10
29
56471
20
971
12
421
10
974
1406
25
3805
3047
20
459
348
25
347
305
336
539
424
29
6
3387
20
5495
289
35180
25
18881
596
1950
1
289
4318
20
18257
29
8342
486
1
289
486
20
31573
29
4269
306
2108
1
289
5590
20
3347
29
416
433
4269
596
421
25
29
1656
290
45596
840
14
2082
0
5275
8806
1302
13
348
462
4188
24
13
11167
24
6
25
583
3305
24
302
14
416
32101
19438
1126
290
45596
840
14
2082
0
5275
8806
1302
20
1126
6702
25
883
7415
29
20
3786
290
1126
1487
972
2
9968
2223
2
7590
290
3503
29
290
2309
20
2271
302
13145
8500
20
4398
348
369
289
25
8079
29
363
56403
25
29
363
4463
48103
29
363
22907
25
2
20
1641
985
1641
29
1167
2282
606
686
25
29
606
20
1255
19109
25
13
3443
251
20
15817
20
12342
4080
29
3443
12
20
5495
14582
16323
12
29
20
1460
7231
29
306
402
459
20
1420
2
584
25
29
424
363
6785
289
25
1111
3580
4
20
21671
29
20
13434
12911
29
20
8456
6
20
5348
3500
12
1801
20
21671
29
9466
25
1901
25
29
20
10697
2
20
3100
290
25
29
402
424
363
21452
2140
12
20
3047
12
290
596
1735
29
1909
13
348
290
363
2627
20
3551
12
3551
12
1093
6908
29
2150
20
9248
302
2627
20
3551
12
2335
0
20
1091
12
302
4934
956
4518
25
13
348
462
1972
290
862
2382
242
322
25
29
290
5902
596
2651
6
25
2611
0
29
19427
25
290
527
363
18209
29
1023
26105
20
2215
4050
322
20
5680
7547
0
290
20
9984
13
363
4518
290
2128
20
6873
29
20
2826
29
1668
20
19787
29
290
611
4465
25
290
20
5680
915
985
13578
20
681
421
25
29
369
331
8375
840
25
363
2102
6
25
4000
0
2619
0
13
6
25
302
4518
2
971
20
1265
12
13
348
7079
20
4731
289
713
387
302
49531
2
25
306
331
22
2281
994
25
289
1058
20
9984
29
20
5680
29
424
985
3321
322
20
9984
13
985
2104
462
1972
2104
25
2104
7789
12
1111
363
3718
7789
12
322
7608
25
29
419
5680
20
1604
12
302
22605
247
2032
20
9953
12
29
20
9340
289
4682
331
4518
25
13
363
4518
915
20
4682
20
17338
29
363
4518
915
985
2615
302
25
18105
2
852
12
20
4165
7401
13
348
369
4518
25
2
20
1058
12
29
20
4496
12
13
363
2893
306
4682
20
986
29
302
369
4518
2
20
486
13
363
2893
306
2782
12
20
713
29
348
6361
1154
12
12632
29
10016
1111
682
20
1281
6
20
5348
583
18371
2
25
29
348
369
5304
0
462
18665
306
20
3139
29
29378
20
18544
12
336
12912
25
29
348
369
4927
0
462
4518
915
331
2795
840
25
6
20
5012
560
12
290
7977
29
2190
29
3940
12
29
2120
424
2
20
7356
29
682
6
25
599
29
6354
3139
20
2192
29
20
21792
780
331
14645
221
25
336
331
363
14645
221
25
29
348
2104
2
20
6594
12
13
6
4934
17003
1531
9829
1555
25
37105
4085
781
4338
1081
289
10
331
38753
322
25
2
1357
25
347
38753
322
43425
16
25
13
790
302
24925
2
331
4976
29
6030
545
1040
16
25
29
402
424
336
7356
25
29
289
25
1900
2560
6466
315
25
302
25
4078
29
1900
641
1163
6466
315
25
302
25
539
4078
29
407
7
4931
6445
12
29
290
4498
724
20
8567
25494
302
3718
289
25
29
20
2185
289
387
306
1406
20
10697
2560
0
29
6
20
6690
289
2120
20
1265
4
3770
4
289
20
9871
29
20
4113
29
363
25751
12006
25
29
2109
20
21792
336
20
9871
29
2109
20
33439
336
20
4113
583
2627
686
25
6690
0
336
3433
290
20
3375
29
419
44846
289
20
4731
714
985
2615
16
1265
16
25
13
363
57661
1281
0
730
0
406
331
39396
7479
16
25
290
739
2104
25
336
501
12
13
387
3326
331
33394
289
25
290
527
302
20
501
12
985
8771
16
8771
16
1801
20
1858
29
290
527
348
3875
596
4269
596
421
25
29
1656
40611
6
13412
25
10327
501
12
1126
40611
6
13412
25
10327
501
12
6702
0
25
290
1126
972
369
23678
3940
12
2057
25
501
12
29
6
20
51549
289
20
1990
290
1126
6238
369
985
40611
6
2057
25
10327
501
12
12400
2
331
2084
433
20
3371
1126
9248
13
387
3823
331
4013
2
25
599
20
5808
29
20
11252
28
29
1252
10741
306
1265
12
930
25
347
1265
12
437
25
13
419
3823
6
20
11465
29
9960
20
2746
289
971
20
11979
2
970
20
7789
12
29
20
4375
12
916
12
13
290
3425
289
20
5066
336
599
23628
20
15259
306
971
10327
437
25
29
1824
16
25
29
4495
24
2
331
11853
3516
413
20
27836
209
12
302
25
4269
596
421
25
29
1656
13567
322
20
2006
315
20
7257
13
8032
322
18214
25
13
433
4269
596
421
25
29
1656
10824
252
25
29
44836
252
25
1126
3516
413
20
27836
209
12
289
20
10470
322
20
2006
315
20
7257
58740
331
12263
25
13
433
10824
252
25
29
44836
252
25
6702
25
883
7415
29
1487
37273
2
7590
290
4738
29
6
25
331
12263
25
13
2150
51811
290
10505
19164
20
1126
29
433
641
26
4518
336
599
20
7257
599
20
7257
8286
20
7789
12
1111
462
18868
596
3805
20
7789
12
915
306
20
11860
13
433
24
6
25
302
4518
2
686
25
29
6
402
826
290
13412
25
8286
7789
12
29
433
641
26
599
20
7257
1240
26
541
7
347
1040
16
10
290
20
2489
6
331
11853
1487
6524
302
25
4269
596
421
25
29
1656
433
290
4738
29
6
25
1281
12263
25
1075
437
20
1420
12
29
289
1112
25
5479
2431
13
8032
29
331
18214
25
433
1240
26
541
7
347
1040
16
10
290
20
2489
1126
1487
6524
290
4738
29
6
25
331
12263
25
1075
437
20
1420
12
29
289
1112
25
5479
2431
20
1126
6702
25
1859
20
16835
29
1195
25
20
28982
29
2861
25
20
3786
29
20
12529
29
5781
12069
25
682
2
1691
29
433
4008
952
26
6
331
11403
25
4398
413
5572
13561
0
302
25
4269
596
421
25
29
1656
433
290
4738
29
6
25
12946
12
1093
8353
246
289
20
2006
1126
4398
413
5572
13561
0
290
4738
29
6
25
12946
12
1093
8353
246
289
20
2006
6702
25
883
7415
29
20
3786
290
2540
12
4398
322
1486
290
2042
2612
5013
0
29
682
2
13561
506
935
20
6148
6
302
20
1486
22436
13
363
9466
770
4625
16
25
29
6702
25
883
7415
29
20
3786
29
1487
37273
290
1126
1983
1725
29
2324
641
26
289
20
4113
13
433
24
6
25
302
4518
4682
331
11664
2
25
12503
12
12706
8878
2
25
2950
972
25
347
18254
7370
11037
12
6
50996
2
10
29
26204
2
10
2950
972
25
6
302
387
419
20
7257
29
416
433
972
6903
596
322
25
985
8607
345
13
33801
24
583
2489
4008
336
302
290
30248
13
6
25
302
4518
2
971
331
2245
2
25
336
713
637
25
29
1252
761
12
1879
3105
915
985
2568
322
599
20
8716
29
2026
4092
883
18527
12
2
15117
25
322
20
3177
12
433
1968
16
25
4375
25
13
433
4269
596
421
25
29
1656
18297
25
289
5059
16
1
13
419
1866
6
1
1126
6
331
4092
8618
18527
12
2
8425
25
322
20
3177
12
433
1968
16
25
4375
12
1074
289
20
3177
12
13
11270
25
8526
29
8618
25692
12
13
8219
290
8636
6
1486
28
730
18504
29
6361
972
6903
596
322
25
31542
0
10424
12
315
10
156
222
211
6
10
13
387
331
22694
289
25
13
1033
20
5066
336
10327
20
437
347
20
12946
12
13
424
2855
289
7506
12
20
2006
29
20
4381
306
20
3725
29
424
14945
29
6
25
970
641
406
20
441
12557
336
302
11664
12503
12
12706
8878
2
10
3823
336
20
3342
29
419
3800
0
17509
336
20
19331
29
20
3823
336
20
8716
7479
12
501
12
13
331
2456
25
289
25
2130
29
956
743
25
9871
29
405
20
1687
985
462
1972
289
10
2120
15196
2
20
5556
13
682
6
20
14231
915
20
970
2
331
3718
6
25
714
5191
6
20
21792
44327
1950
1
29
348
19620
781
29
19620
781
1126
44327
1950
1
29
348
19620
781
1074
289
20
957
506
433
25
4269
596
421
25
29
1656
1111
20
18351
45081
20
4318
13
985
2211
20
5495
289
686
25
3125
0
988
4518
25
38969
198
596
289
25
29
363
3161
552
32072
0
2
20
7079
1641
386
307
20
2560
13
348
6
30389
3
5618
0
29
3306
4
290
20
1368
4
29
289
10
17958
4
29
5719
3185
4
29
20
1724
290
20
3185
4
290
8986
3325
20
986
29
18076
16
20
19570
28
6
718
20
641
12
20
1931
12
302
6642
1242
20
1281
322
971
20
2781
421
25
13
348
369
331
4617
25
2246
20
3308
13
363
4518
25
290
25
13
348
25
363
4896
315
4024
25
915
20
3308
21393
5777
290
20
3308
4682
331
11196
336
1753
290
7617
25
29
387
20
2006
2781
306
611
20
3045
13
348
3
363
18375
26
405
20
1636
12
4475
6
6908
29
4475
6
14875
29
2150
4680
780
20
54955
322
713
405
20
1687
985
462
12990
306
20
5828
3342
20
13794
29
22
2281
935
5989
294
20
2006
29
1326
12
20
3342
289
1058
20
9984
29
20
5680
348
5523
596
3805
20
2290
20
1604
289
4375
12
20
9949
29
1621
10
29
5535
2104
10
29
9551
10
994
5810
12
20
4375
12
290
20
3243
1406
25
4269
596
421
25
29
1656
12400
24
29
1252
2
4132
12
13
348
10
17690
290
20
17706
29
38861
7370
20
14741
12
506
26433
7370
20
2883
20
2158
1126
12400
24
29
1252
2
4132
12
13
348
10
17690
290
20
17706
29
38861
7370
20
14741
12
506
26433
7370
20
2883
20
2158
6702
25
1487
20
1482
289
20
20513
290
1126
31359
12
9772
0
29
6
795
290
1126
8022
2
3912
1195
342
378
5
290
20
2158
29
1252
2
3274
4132
12
13
348
10
17690
290
20
17706
47922
10
290
20
5264
23
29
6
1983
34134
29
20
10271
293
290
1126
1983
4142
19151
24
20
2158
29
1252
2
3274
4132
12
13
348
10
1663
20
22398
29
4884
5351
12
20
3467
29
3381
290
20
17706
1099
10
290
20
34941
29
9968
25
4504
29
6
20
28982
29
20
3786
289
20
2073
29
1487
6185
25
289
1126
11076
29
20
4375
12
38861
7370
20
14741
12
506
26433
7370
20
2883
20
2158
29
433
4269
596
421
25
29
1656
19151
24
20
2158
29
1252
2
3274
4132
12
13
348
462
3738
24
20231
10602
251
2591
12
1126
19151
24
20
2158
29
1252
2
3274
4132
12
13
348
462
3738
24
20231
10602
251
2591
12
6702
0
25
290
1126
12366
413
7688
29
433
4269
596
421
25
29
1656
331
290
459
1305
49531
2
4375
12
290
4465
2591
29
363
5192
596
915
2591
0
915
369
596
10697
10
2
4548
25
47519
39368
506
28652
578
14
8240
25
583
2970
20
4132
12
713
578
1126
331
290
459
1305
49531
2
4375
12
290
4465
2591
29
363
5192
596
915
2591
0
20
1126
6702
25
20
9811
2579
0
29
1305
29
20
28982
29
20
3786
289
20
2073
29
20
7590
6
1487
6185
25
290
1126
1983
21519
12
29
433
4269
596
421
25
29
1656
6
576
5
20
52685
985
10632
16
12357
12
13
611
2883
10
714
10775
336
2057
1555
290
6598
1
13
15262
3
290
25
2
2082
1126
433
6
576
5
20
52685
985
10632
16
12357
12
13
611
2883
10
20
1126
6702
25
290
1126
1983
4583
302
25
433
424
6
25
29
331
935
25
20
6148
302
25
433
6
576
5
20
52685
29
3
29
433
4269
596
421
25
29
1656
331
5505
459
20
4375
12
915
5505
596
1735
29
1909
20
1901
12
306
780
16
25
1126
331
5505
459
20
4375
12
915
5505
596
20
1901
12
306
780
16
25
6702
25
1487
20
1482
289
20
20513
290
1126
1487
7090
9772
0
2
9968
2223
29
14088
25
20
5186
13
1699
11853
322
4000
290
1126
1487
972
29
2861
25
29
433
4269
596
421
25
29
1656
402
3401
7370
289
1442
4375
16
25
583
13369
407
20
1255
1126
402
3401
7370
289
1442
4375
16
25
583
13369
407
20
1255
6702
25
1487
37273
29
20
2590
29
24652
25
306
1037
1305
290
1126
1842
12
413
5036
29
433
4269
596
421
25
29
1656
20
4375
12
17690
2131
28
3862
290
20
449
1126
20
4375
12
17690
2131
28
3862
290
20
449
6702
25
1487
20
1482
289
20
448
290
1126
6238
2
3912
4504
348
596
6
57139
2
20
4375
12
2131
28
3862
290
5351
12
20
3467
29
433
4269
596
421
25
29
1656
4375
12
20
964
38861
7370
3474
20
919
1735
29
1909
29
433
3875
596
4269
596
421
25
29
1656
331
377
6361
290
511
12
2
1243
2782
0
290
377
5192
290
1265
12
1126
331
20
5348
290
511
12
2
1243
2782
0
290
377
5192
290
1265
12
6702
25
1487
37273
289
20
15807
29
20
51549
289
20
1990
290
1126
6238
29
11403
25
289
20
594
290
1126
1487
972
2
3912
4504
29
3631
20
5149
2
25
377
7661
290
1382
1265
16
25
20
9170
6
20
986
13
658
18734
0
6
20
5348
377
7661
2
9551
25
3841
12
986
25
29
8032
3875
596
4269
596
421
25
29
1656
446
20
4375
12
1243
433
302
12400
29
2838
2223
6183
20
3266
29
11179
20
8632
12
29
363
23844
583
985
1130
16
20
2601
321
1457
16
6
11661
6354
29
6
11661
6354
29
416
369
6
11661
1126
8032
446
20
4375
12
1243
433
302
12400
29
2838
2223
23746
20
1126
6702
0
25
290
1126
1983
21519
12
29
416
433
4269
596
421
25
29
1656
437
0
6
1859
25
12400
24
13
433
1486
348
606
5
2696
0
13
433
11701
25
306
686
1
13
433
348
606
5
641
433
11701
223
17582
1514
16
1
433
348
606
5
641
433
11701
25
306
29
6
9866
433
348
606
5
641
433
11701
25
306
2304
1
433
348
606
5
641
433
4269
596
421
25
29
1656
2838
26914
3074
1126
433
437
0
6
1859
25
12400
24
13
433
1486
348
606
5
2696
0
13
433
11701
25
306
686
1
20
1126
6702
25
883
7415
29
20
3786
29
20
7590
6
25
29
1487
37273
29
20
2590
290
1126
1983
21519
12
29
416
1074
554
2
5735
29
433
4269
596
421
25
29
1656
363
6744
20
4375
12
6
1000
534
2150
443
21773
20
1255
1126
363
6744
20
4375
12
6
1000
534
20
1126
6702
25
1305
290
1126
20
5506
413
3397
12
29
433
1340
24
1835
199
12
20
6066
29
1252
2
713
1469
20
1518
290
20
3735
1126
1340
24
1835
199
12
20
6066
29
1252
2
713
1469
20
1518
290
20
3735
6702
25
20
19286
289
20
15807
290
1126
8022
29
433
4269
596
421
25
29
1656
1252
4375
20
6066
331
27500
290
1340
25
1126
1252
4375
20
6066
331
27500
290
1340
25
6702
25
20
19286
289
20
15807
29
1487
459
20
448
289
20
5054
290
1126
8022
433
20
19286
363
9973
289
387
20
1675
1557
29
6
20
51549
974
25
290
1126
1983
870
12
2
3912
4504
29
433
3519
421
25
20
998
290
1340
6066
0
25626
0
290
1555
25
462
54354
20
13030
12
424
20
1555
2131
12
1114
29
369
3675
8
4269
596
421
25
29
1656
363
27790
23009
16
28
336
539
25
369
3633
41504
25
2
20
1824
29
1144
505
25
29
369
308
597
20
12406
2
745
25
1126
369
363
27790
23009
16
28
336
539
25
20
1126
6702
25
50626
779
338
290
1126
1487
2809
2
3912
4504
29
11403
25
1487
20
1482
289
20
448
9772
0
29
433
4269
596
421
25
29
1656
682
20
12406
377
6536
25
20
4132
12
29
20
4132
2377
29
20
25721
12
29
20
25721
2377
2150
20
12406
20
30718
12010
276
24
348
34156
363
6642
26
20
1255
5963
317
0
1126
682
20
12406
377
6536
25
20
4132
12
29
20
4132
2377
20
1126
7388
421
25
290
1126
8022
29
433
4269
596
421
25
29
1656
331
290
1305
33834
1305
0
915
369
289
2444
596
1735
29
1909
331
4838
16
421
25
290
25
10319
25
1126
331
290
1305
33834
1305
0
915
369
289
2444
596
20
1126
6702
25
20
28982
29
1195
25
29
20
2590
29
24652
9968
25
290
1126
1487
2809
29
289
25
1416
413
6489
1082
4504
20
2506
433
22206
12
413
20
15210
1674
12400
16
8022
6903
596
322
10
2
1240
28
936
0
29
348
4862
10
6
59135
29
433
6348
289
1406
596
1735
29
1909
29
27090
26
20
3735
306
1490
25
12406
0
29
8418
0
29
6899
0
13
433
29
3
6863
9699
223
29
369
972
6903
596
322
25
1260
10366
18297
20
1621
606
2832
8
3631
3
2245
26
2
25
306
3325
20
1265
12
290
0
29
433
972
459
20
2138
20
3177
12
2970
1
1520
20
718
29
20
4248
2640
217
1675
20
880
29
20
4375
12
1786
1
421
25
29
433
1487
1983
20
28542
348
20
4375
12
6
4884
2131
28
3862
290
20
3467
29
1621
964
10
306
16515
16
10
2
10782
2861
0
29
348
10
6
26487
6
19680
2131
28
8926
0
29
433
1487
6524
348
1486
0
459
596
2131
28
501
12
714
4793
16185
12
13
13614
486
25
714
333
2
12406
13
12400
421
25
2
12496
13
22680
596
6
25
8630
25
2855
421
25
486
20
2131
28
501
12
29
433
22688
6
1487
25
985
9891
16
14741
12
13
6973
20
4375
12
29
433
4301
413
11076
331
4747
1490
12
16019
5445
20
4118
915
20
1490
12
290
20
4375
12
29
433
459
20
2138
413
1983
5754
369
5191
662
12
290
14120
20
546
12
20906
20
1570
29
20906
20
4375
12
29
20906
20
15127
29
11853
13155
0
29
433
972
413
20
2264
6903
596
322
25
348
20
811
53195
210
13
433
16
20
4375
12
1412
1243
15
29
369
459
596
413
972
49531
2
20
3144
29
1260
2934
16
596
1260
1023
12629
24
20
448
583
13147
24
988
8459
26
29
596
4086
302
5
4454
20
3144
29
433
20
3719
480
985
369
20
1557
6
596
1735
29
1909
363
22890
302
658
289
25
8079
29
433
3811
413
9598
35110
20
1255
437
20
1420
12
500
373
331
369
24
551
29
6973
200
331
16362
24
551
29
6968
247
331
369
24
551
13
290
8333
6
596
1735
29
1909
31313
25
596
29
290
46457
6
596
1735
29
1909
14433
25
596
29
290
41950
6
596
1735
29
1909
41950
25
596
29
433
20
1195
1252
5523
596
6
1968
14
11860
363
5808
289
14
29
523
25
13708
247
545
14
2
545
29
433
20
1593
290
462
802
686
25
336
13140
20
4375
12
19086
290
20
5808
336
4375
16
25
1093
24836
4375
16
25
29
1934
2
10
1112
25
29
433
4000
363
4342
9761
0
2
4323
20
4940
290
20
2883
377
49531
2
25
29
33334
289
20
2574
6
302
25
2150
1968
6
20
30656
290
369
29
462
5575
2
25
2057
20
1265
12
29
20
6594
12
306
20
1237
29
5191
348
20
1195
333
2
25
37204
321
55953
2100
12
13
433
6
20
37204
6079
2148
289
3308
10
20
3105
29
20
3105
28
433
363
433
13
26011
13
348
596
1735
29
1909
6903
289
20
11878
20
1357
2
20
726
29
20
25721
12
994
8975
20
4375
12
29
6589
10
416
7335
718
1643
20
7852
289
424
13
1281
4008
336
302
20
8975
1243
29
1281
4008
336
302
20
6589
1243
29
1267
14011
336
331
289
402
826
290
20
6849
29
20
8858
4
714
26801
20
7210
322
20
584
289
25
1033
20
8975
13
289
25
1240
12
8871
20
491
302
25
12785
6
20
7068
306
20
10697
13
348
2104
25
2560
0
18039
6
7068
20
25313
12
29
1386
322
20
1265
12
29
2037
322
869
12
20
42359
29
20
26845
20
10194
377
10579
20
14420
2057
25
11860
290
20
42359
20
632
302
25
13182
6
4318
20
1255
29
10765
16
3
13
348
3
1963
20001
26
347
11380
26
421
25
2104
25
29
10006
26
302
25
10697
315
20
8198
347
14633
5518
336
2104
1154
12
29
20
14733
29
3467
20
5828
29
20
8106
12
290
20
17031
20
28079
29
3669
16
3
322
405
20
3057
1012
29
433
883
8971
20
4394
16218
209
348
5
6
13073
9732
20
9332
20
567
7120
12
302
2474
289
6598
14733
0
29
433
545
20
58712
1963
780
16
4382
20
1557
6
1003
2096
5
1260
26
290
3022
6
25
387
29
322
1536
20
59621
302
25
2140
421
25
9603
567
13
433
545
2096
25
290
3022
6
1
387
13
433
30
21121
25
561
5
2694
6181
251
29
1252
957
16
302
2057
25
957
24
2
25
331
554
16
25
20
1091
10237
12
20
5348
306
648
293
20
486
13
348
1621
20
964
306
20
7345
289
20
3828
611
29
20
10237
12
306
6321
20
2082
2082
29
20
20906
363
697
915
2
1499
28
13
2885
3217
387
19160
681
20
5348
29
1382
1486
336
545
20
2746
3125
0
2560
0
2949
25
840
25
29
1382
840
25
641
3125
0
289
20
964
13
554
25
13
5781
6
25
289
424
13
433
348
387
486
20
3883
289
8975
2082
25
13
554
16
25
29
5367
12828
3883
25
289
486
25
13
8090
16
25
421
25
29
6361
1486
6
545
20
7509
12
3125
0
289
20
10663
2949
25
13
433
6
25
462
6536
306
596
1735
29
1909
331
11270
1
13
433
348
1
17957
16
539
596
6793
25
956
369
6
596
3805
29
462
17800
2
596
1735
29
1909
13
8090
16
421
1
521
1
29
554
545
20
7465
28
289
20
964
3125
0
369
1340
25
289
20
16515
12
13
5781
6
25
289
424
13
433
12424
16
596
2
20
7345
13
462
399
3706
0
6
1
306
20
22182
12
29
54209
16
25
2
20
8975
13
53505
210
1
306
3829
29
433
20
5303
1252
957
16
302
578
14
363
2086
4375
16
25
29
363
3591
2
10
6
554
16
4375
16
25
20
1604
302
289
6589
20
2104
13449
0
29
22536
0
29
682
6
20
4940
302
36276
686
25
369
545
20
2746
4518
289
20
964
29
363
4518
289
20
16515
12
29
1260
348
289
6589
25
16371
0
6
20
957
29
22536
0
6
2057
25
13
331
15
16
2
377
12097
3125
0
290
20
4118
2
782
20
957
29
16371
2057
25
20
1931
20
28603
322
3185
12
20
521
12
433
4269
596
421
25
29
1656
290
15662
6
25
5947
12
29
606
25
4008
2628
23866
25
289
10
1126
290
15662
6
25
5947
12
29
606
25
4008
2628
23866
25
289
10
6702
25
20
19286
29
1487
37273
289
20
15807
29
20
51549
289
20
1990
29
20
49399
290
1126
1487
2809
433
20
19286
363
9973
289
387
20
1619
1126
29
2
302
658
3281
0
347
2489
0
363
4235
322
1348
25
5947
12
433
4269
596
421
25
29
1656
1243
331
15852
20
1486
336
7817
25
3281
0
347
27090
25
6414
0
1126
1243
331
15852
20
1486
336
7817
25
3281
0
347
4617
25
6414
0
6702
25
1487
12366
29
2861
25
290
1126
1487
972
1243
20
486
606
596
302
5602
322
1305
986
25
347
3618
421
25
6163
0
347
27090
25
6414
0
29
6
795
29
20
28982
29
24652
25
290
1126
20
5494
290
1732
1732
12
3281
347
1732
12
6
413
347
15662
25605
0
13
419
30
33629
3335
12
13
1968
20
3281
5947
12
2
10300
25
13
331
10012
289
20
10663
16010
25
915
2
3934
630
3
29
363
11980
322
3185
12
13
985
11209
1656
290
405
20
3185
12
1033
20
6589
29
20
1774
2
25
13
289
25
8871
952
12
20
491
20
7852
29
20
4375
29
20
998
12
322
26427
20
637
29
20
42368
195
12
29
20
632
4843
20
3221
29
20
1770
12
29
6589
20
11609
12
29
20
6594
12
29
20
3005
209
322
20
18185
29
3903
20
8198
29
4843
20
686
290
7978
20
3045
433
545
20
7465
28
6
7203
25
3217
20
2104
306
402
637
348
15
16
10697
13
348
1
363
10964
322
578
1486
43074
669
8817
290
1950
25
985
1330
16
424
13
424
419
20
5149
6
302
25
13182
6
986
1
29
1455
6
8858
4
686
1
347
1486
7038
289
1950
25
2
6589
1
20
4375
13
424
377
2205
25
5774
1
6
302
25
7240
13140
0
2
1154
12
1490
25
6
1
29
13434
25
26337
13
32934
2838
1111
15
16
804
1809
13140
25
20
1091
419
302
20
7465
363
1008
6
25
915
336
596
1735
29
1909
29
20
964
29
20
16515
12
289
584
25
826
13
3429
20
637
521
289
20
4481
433
545
3
15
8
363
57725
225
2
8060
290
4518
289
20
964
29
5575
289
20
16515
12
29
20
6267
4
336
20
3045
2234
24
319
3646
24
17943
289
20
637
406
3933
302
658
20
1008
11551
306
20
826
20
2949
19050
302
545
20
4752
369
730
20
2109
336
826
290
3248
12
20
17130
28
13
3274
306
20
641
28
13
3974
302
3499
6
3
5810
12
424
20
17130
13
6361
402
826
290
3
8465
12
29
433
6
15223
402
826
290
14
2
10
29
6
21413
10
527
363
6604
25
578
13
11209
402
826
29
7882
915
424
20
17130
13
348
25
1340
20
8465
12
13
22
17806
13
433
24
1330
8
331
681
8
2
25
20
989
13
433
20
989
6
20
17130
331
6
1
462
30555
506
7882
1859
1
13
433
424
20
17130
462
12675
306
1204
363
41873
289
25
578
13
348
596
41873
289
402
6568
13
433
20
989
6
387
20663
840
25
6
302
25
363
14609
6
539
596
1735
29
1909
20
1604
302
20
6589
1567
12
6
501
12
20
2271
29
416
433
3805
29
1033
2
3047
12
16206
13
1662
29
20
20906
30
2755
20
3047
12
29
416
5711
596
1735
29
1909
290
22871
331
41262
25
596
1735
29
1909
29
2218
25
2
20
21851
13
433
3805
801
20764
26
29
12527
26
20
1255
2
20
21851
29
35671
26
331
41262
3
596
290
1621
25
29
433
4269
596
421
25
29
1656
985
20437
596
306
459
3047
12
4454
302
3489
3047
16
25
421
25
1126
985
20437
596
3805
306
459
3047
12
4454
302
3489
421
25
6702
25
795
290
1126
6575
413
12830
2
3912
2223
29
1195
25
20
28982
290
1126
3606
413
10687
322
13521
322
762
25
29
6361
1486
545
20
1191
28
3125
0
289
20
964
13
1299
2
25
745
25
29
433
387
290
20
4118
29
20
16515
12
289
10
1243
29
20
964
289
1687
20
641
12
1243
29
6
424
433
545
3
985
8607
16
289
20
10663
12029
714
57246
289
20
964
29
20
2271
289
25
326
40578
421
25
433
4269
596
421
25
29
1656
290
462
13026
20
1255
462
13026
596
1735
29
1909
1126
290
462
13026
20
1255
462
13026
596
1074
29
20
2271
1268
3770
20
6393
12
583
433
4269
596
421
25
29
1656
290
45596
840
14
2082
0
5275
8806
1302
13
348
462
4188
24
13
13610
24
421
25
2
25
1866
0
29
11167
24
6
25
583
3305
24
302
14
416
32101
19438
29
2026
433
20
4410
28
289
20
2271
1827
3875
596
331
1548
8
1866
0
290
4008
5085
8
606
3
4657
5007
20
2128
583
6643
8
302
5361
24
2
20
2782
402
25
13
433
4269
596
421
25
29
1656
402
331
2271
345
6
3
8449
15732
345
421
3
2
25
13
419
1916
250
12
1126
433
16
20
4410
26
1827
3875
596
331
1548
8
1866
0
290
4008
5085
8
421
3
20
1126
6702
25
20
28982
29
24652
25
290
1126
6238
29
11403
25
11895
0
883
7415
29
20
3786
289
20
437
29
20
1824
12
29
20
2590
29
24652
25
1487
6185
25
13
20
3480
985
2219
16
405
20
6849
13
12545
302
331
906
290
3429
20
1255
289
25
682
3429
0
289
20
2016
196
12
406
419
3429
637
13
1386
20
7210
289
387
1412
363
616
14
970
0
5375
0
2
302
20
8975
1243
289
402
637
347
20
6589
1243
406
5484
424
2
3429
20
857
4
29
5396
20
857
4
2
3429
20
32814
29
20
1829
27173
302
658
20
6516
1964
0
6
686
25
583
363
43154
2
9354
20
13745
29
363
41858
2
26427
20
2869
29
2677
20
8926
29
20
2677
29
20
10236
3619
289
6849
20
8975
290
25
289
20
6589
315
302
6
25
1858
0
289
402
826
290
7
13
1033
4705
20
10236
289
20
648
293
13
290
2109
20
2869
840
25
6
331
289
25
290
289
3707
20
3221
29
20
1770
12
29
2962
20
971
322
7978
20
1255
29
1008
20
3045
840
25
2
1357
20
16067
29
336
20
5348
2
1357
20
7449
20
4108
13
387
419
20
9089
20
19418
29
746
372
289
20
686
29
6
20
8926
2
3551
16
25
3499
6849
20
1866
583
1945
3504
2
20
6849
20
1240
12
335
935
8
10
29
8059
402
424
29
13175
25
681
826
29
419
302
658
25511
25
2
16851
2104
25
20
4375
12
30
25511
25
2
16851
4375
12
2104
10
545
11893
25
29
5913
25
13
348
25
348
369
41069
3669
12
20
1255
322
20
8106
12
29
20
14733
29
3467
20
5828
347
36535
14361
2331
217
20
7068
347
10237
12
20
5348
306
20
648
293
347
3669
12
20
957
322
20
25735
13
402
424
988
2915
2
16851
4375
12
7817
25
13
348
369
16851
681
25
19248
421
25
290
16851
681
539
25
13
2120
25
20
2721
290
405
20
6849
26751
300
262
29
42406
290
2677
20
8926
29
12250
25
13
348
16371
20
957
48084
290
527
348
25
957
363
290
527
348
25
957
4045
347
957
3606
29
20
8106
12
48084
12
290
527
348
10
1568
6
1046
28270
363
290
527
348
10
1568
6
1046
4045
306
20
1237
29
290
5505
290
3500
12
713
387
1963
14858
20
8926
322
25
29
915
13
363
3262
730
20
486
1890
20
3168
29
1033
831
20
6589
13
2109
20
2869
840
25
290
527
348
25
53011
6
1950
20
5348
29
4117
16448
6
25
306
713
25
29
6589
25
606
539
25
302
25
290
20
3425
28
289
20
2271
583
4721
24
289
20038
25
29
5649
25
29
387
9089
19418
289
20
5762
29
20
8926
363
5122
306
20
12971
915
2
302
11776
421
25
387
20
19723
289
1688
20
501
12
29
1260
6
25
20
2271
290
20
501
12
29
20
8975
290
20
28104
29
18064
421
25
20
6849
335
935
8
10
6
2526
25
306
20
6589
29
5078
25
20
5762
331
935
8
25
29
8059
424
29
13175
25
302
4934
336
2109
686
25
336
20
2271
527
363
5654
20
1210
336
20
5348
29
363
336
290
4721
289
13976
25
29
407
745
5
1581
12
13039
26
6589
20
5897
12
29
4721
26
289
24474
10
29
1483
16
3
302
3
363
10641
26
915
290
13344
29
363
13026
13
348
49031
16
405
20
3723
606
25
55834
302
18199
25
419
1567
12
20
501
12
289
20
2271
29
20
1774
2
20
3047
12
29
915
13
419
26942
714
985
957
302
18199
25
20
501
12
289
20
2271
13
363
3933
302
17620
322
1646
584
20
5348
49356
13
348
369
419
3673
5329
20
2271
29
20
1197
27173
302
13344
29
363
13026
6
302
1646
584
25
302
363
25130
25
306
20
4298
29
891
25
20
2271
4298
29
985
957
290
637
25
302
25
363
5329
20
2271
925
5777
25535
13
606
424
13026
25
29
3499
4375
16
25
29
6
424
433
4269
596
421
25
29
1656
6
20
1486
377
8921
407
745
5
25
1934
345
7004
25
1252
2934
10
331
27500
1126
433
6
20
1486
377
8921
407
745
5
25
1934
345
7004
25
1252
2934
10
331
27500
7388
421
25
290
1126
1983
4142
12
2
7590
58098
1891
16
7004
1242
1
3139
20
51549
289
2540
12
29
596
1252
2934
10
331
27500
2280
0
29
289
3912
25
421
413
4045
413
25085
19126
289
25
29
1487
6185
25
974
25
290
1126
1983
2911
315
302
25
4269
596
421
25
29
1656
369
20520
306
4008
289
5038
3
6
753
16
25
2
7437
3
29
957
25
2
302
424
363
9466
3
406
2893
289
2110
16
3
289
20
1866
13
433
6
826
348
25
1096
2057
20
17289
1126
348
25
1096
20
17289
6702
25
20
33270
29
20
51549
29
1487
37817
289
26471
3
29
1487
37273
289
20
753
4
290
1126
10917
413
1495
20
26378
302
20
3675
4269
596
421
25
29
1656
433
6
25
424
29
433
4269
596
421
25
29
1656
289
641
985
1075
14
1913
4008
9548
16483
1302
1126
985
1075
14
1913
4008
9548
16483
1302
6702
25
1487
6185
25
290
1126
1487
972
29
11403
25
883
7415
289
20
29599
196
290
1126
20
1593
9772
0
2
3912
2223
29
433
11853
5013
0
29
419
4504
29
20
2590
974
25
290
1126
8833
413
1416
20
9835
322
13521
29
24652
9968
25
29
2934
2288
1486
13
12208
25
13
433
4269
596
421
25
29
1656
348
290
20
994
6
6584
0
1126
348
290
20
994
6
6584
0
6702
25
20
9811
290
1126
1487
972
29
433
4269
596
421
25
29
1656
985
957
578
14
290
7817
25
1866
0
7726
26570
223
13
348
25
7240
2110
12
289
20
1866
1126
985
957
578
14
290
7817
25
1866
0
7726
26570
223
13
348
25
7240
2110
12
289
20
1866
6702
25
20
1881
21482
289
20
14937
290
2540
12
1487
20
29458
322
1983
21519
12
29
433
38762
227
322
20
16235
29
2492
322
1487
20
29458
9772
0
29
433
4269
596
421
25
29
1656
985
8921
20
4940
17746
20
3536
289
1950
25
1126
985
8921
20
4940
17746
20
3536
289
1950
25
6702
25
20
51549
290
1126
4083
12
413
4045
2
3912
4504
29
433
20
5303
290
2219
686
25
462
9466
25
8921
20
1255
29
433
3800
0
6
1982
413
43909
985
2509
16
1
2082
0
15
16
1412
1047
2
25
290
1
29
1548
16
424
3047
12
290
596
1735
29
1909
421
13
27122
29
915
13
363
20470
29
18798
405
20
6849
3933
302
15506
10
290
18558
1950
25
13
348
811
20
17499
315
5920
405
20
3918
7212
12
6
20
8926
29
2604
4
25
6
25
6
3927
12
20
4456
29
1457
12
20
7653
29
713
387
20
957
419
377
5191
289
25
348
3305
2419
12
826
12
290
25
1243
290
5058
12
501
12
1111
2
387
20
957
20504
5058
12
20
486
29
2
20
6908
2
25
12603
5058
12
20
486
402
25
29
24762
29
306
20
3248
12
13
20
2104
289
20
10663
29
20
1340
289
20
964
5505
20
12992
29
13182
10
13
363
3933
302
3685
2
20
46726
4
915
302
10523
20
1996
37815
1123
258
30553
20
964
29
20
16515
12
29
424
419
20
14136
20
3150
377
3591
2
25
29
363
2627
8886
596
20
1913
1195
20
3706
29
20
3667
994
20
1243
290
2104
20
4375
12
347
20
7789
12
369
1536
20
15014
29
20
25214
29
1581
12
802
26
302
20
2104
290
20
4375
12
1243
13
348
289
2104
20
7789
12
20885
12
6
20
17731
28
29
9871
0
421
3
29
4849
25
1963
363
8724
289
2104
25
852
12
20
4542
506
1790
289
20
1058
20
2138
29
1033
20
4375
12
13
20
681
289
10
6013
29
433
1856
26
2
2104
20
7789
12
743
20
4375
12
6
302
10
10237
12
306
20
2781
29
1252
780
20
17731
28
402
3
2104
20
7789
12
6
2088
199
24
29
6
302
20
7789
12
6
11637
25
289
10
29
2150
419
584
2781
6
596
6793
25
5548
0
6
5058
12
20
6690
28
29
4849
25
2104
2
20
1265
12
29
20
1310
4086
1265
12
686
25
1891
0
29
2104
20
4375
12
2104
2
20
986
13
348
20
3215
302
20
51082
10012
290
3377
289
25
1866
0
29
6
302
2925
12
20
17731
28
6481
289
20
13449
29
20
6594
12
29
5617
290
20
13295
1111
416
4518
20
1310
20
4375
12
289
1688
20
5947
12
13
363
5939
322
25
29
387
29231
306
13449
20
2104
29
1265
16
25
29
20
1406
20
584
289
387
5484
2
3723
20
736
29
331
12990
421
25
29
331
5126
25
290
20
857
12
13
348
369
289
3185
12
290
56757
25
2
852
12
20
4542
13
363
3933
302
4518
20
7789
12
13
985
957
302
25
4078
1891
0
985
1677
421
25
986
2147
25
336
1866
29
682
6
25
1112
289
18110
25
13
419
4078
1891
0
13
985
1866
387
407
20
7789
12
29
407
20
4375
12
13
985
369
1242
20
4375
12
363
49531
2
424
20
1281
1252
462
4518
25
419
7726
21126
20
4375
12
13
348
20
7789
12
20
2781
12
11196
10
1242
10
336
4078
10
13
289
424
54617
6
20
1866
29
4113
306
20
17731
28
29
348
369
20
1281
1688
0
6
20
4375
12
29
462
1972
289
2104
20
7789
12
9871
306
20
17731
28
13
419
38663
29
20
681
289
7
32474
29
2104
20
7789
12
5492
289
4249
20
686
29
16371
10
289
3619
20
3723
29
596
7588
30687
1058
6891
20
7789
12
2
1719
596
29
3706
25
29
1195
3667
25
29
24703
25
348
5523
596
3805
1058
6891
20
4248
29
20
1719
6
596
919
20
687
28
29
4269
596
306
1096
8
534
29
306
630
20
12323
29
20
9772
28
29
306
20
13030
12
29
20
4891
28
290
2057
20
1050
4
29
20
1155
28
29
306
10376
29
7600
25
29
1656
2803
0
730
0
1541
0
336
437
20
986
29
20
1719
6
596
1029
25
29
1068
8
596
29
3047
20
2549
48