1058
5535
10185
12
20
3424
218
45
419
20
1058
20
2586
290
2413
20
5058
45
49143
492
596
20
3520
20
6700
292
45
1719
6
596
377
5060
306
5058
25
2
3675
25
20
9772
4269
596
421
25
29
1656
29
1058
25
20
1770
377
363
2281
25
20
7339
290
407
745
5
25
29
363
290
2123
25
13898
290
4765
3521
583
14233
306
2057
20
2710
718
20
1546
2
331
289
25
290
20
5230
29
20
3243
29
8670
2
25
3649
20
5365
20
18010
29
20
27960
20
12111
2
331
2290
289
25
290
20
3121
29
1529
407
20
9984
29
20
5680
13
419
20
10051
29
20
2066
29
2
25
20
6122
12
290
20
13745
29
289
25
6727
6
331
289
20
3538
29
290
11977
25
290
20
40912
12
29778
25
596
29
290
1615
5468
20
957
289
539
25
19113
25
596
419
9354
596
20
9326
29
2066
25
20
4691
29
20
22206
12
20
43579
29
20
6587
20
28320
29
419
20
2532
2
20
1890
29
20
730
29
20
1693
29
20
594
363
24950
5
15985
25
29
363
25219
2061
23664
25
363
10341
2
5006
25
606
2057
20
957
1530
29
363
9357
25
606
2057
20
10185
12
3927
12
20
13999
419
377
20290
20
491
28
29
20
641
28
29
2026
2934
25
20
546
462
20952
24
302
751
24
336
4008
3
12972
28
13
433
24
348
0
2934
8
3424
0
10255
0
15852
336
20
12361
13
3949
0
2
25
29
1023
52167
2
919
8
578
0
13
402
290
3949
2
25
1093
1342
29
290
433
2
25
1093
4375
29
290
4495
2
25
1093
5947
29
290
486
2
25
1093
2352
29
433
3805
348
0
1267
5085
8
20
935
29
348
0
6
25
32602
22566
219
29
290
1801
2444
25
289
20
4318
29
20
19887
11625
12
10185
16
25
29
20
22213
12
306
981
16
25
315
20
1420
2
5535
25
29
2500
25
29
20
760
12
306
331
289
25
290
20
811
20
5762
12
29
20
5535
20
2560
12
29
424
363
538
290
994
25
29
7071
25
29
27363
9971
25
289
952
12
3725
20
1675
20
491
289
1621
20
3424
29
2057
25
20
1675
20
632
289
5535
20
10185
12
289
20
2560
20
1675
20
1091
289
20
811
20
5762
12
606
20
10185
12
20
1675
20
1604
289
2628
20
3424
29
4472
25
2
20
1548
29
539
25
20
1675
20
491
289
1621
20
3424
29
2057
25
29
5711
20
13845
28
289
10185
16
25
5810
12
20
3424
433
4269
596
421
25
29
1656
290
6025
20
3424
714
2699
302
578
0
19886
1243
988
19886
1093
12342
1411
331
4511
25
20
13265
10458
247
1126
290
6025
20
3424
714
2699
302
578
0
19886
1243
988
19886
1093
12342
1411
331
4511
25
596
6702
25
20
51549
290
1126
459
596
413
3606
2
3912
4504
29
433
4269
596
421
25
29
1656
331
290
24070
1243
1770
12
606
596
3805
290
20
3424
363
3675
29
363
880
29
363
539
25
1126
331
290
24070
6664
1770
12
606
596
290
20
3424
363
3675
29
363
880
29
363
539
25
11403
25
459
20
880
413
3423
290
2540
12
1725
413
1527
9772
0
29
6
20
51549
290
1126
1487
6524
20
3424
46977
28194
242
29
6
1305
290
1126
1983
870
12
12010
276
24
20
3424
13
348
25
21384
437
20
1420
12
24070
0
6
1242
25
29
433
4269
596
421
25
29
1656
1252
369
20
3424
289
18551
305
331
344
16
25
20
2158
1126
1252
369
20
3424
289
18551
305
331
344
16
25
20
2158
6702
25
20
51549
29
1487
37273
289
20
15807
290
1126
3516
413
1689
29
6
795
29
20
54859
29
20
51549
290
1126
1842
12
413
5036
29
289
25
1487
24667
24363
29
11403
25
1487
12366
29
20
51549
29
20
49399
289
20
839
290
1126
22294
12
413
4000
2
9968
4504
29
433
4269
596
421
25
29
1656
1243
5058
12
319
16
5
10185
12
20
3424
1126
1243
5058
12
319
16
5
10185
12
20
3424
6702
25
883
6665
289
15959
20
3424
290
1126
20
9566
413
4994
29
6238
29
9968
7
4504
29
433
4269
596
421
25
29
1656
3800
0
348
596
1735
29
1909
6025
6489
13598
554
302
9357
20
3045
2
936
359
13
2026
2934
16
20
13030
12
20
3424
433
16
34004
6
319
12
11086
421
3
387
29
34004
6
500
34288
2196
387
29
34004
6
10765
12
20000
2
387
1126
348
596
1735
29
1909
6025
6489
13598
554
302
9357
20
3045
2
936
359
20
1126
6702
25
20
54859
290
1126
1983
21519
12
2
3912
4504
29
433
4269
596
421
25
29
1656
1866
14
290
3305
20
3424
29
957
25
1126
1866
14
290
3305
20
3424
29
957
25
6702
25
20
9811
290
1126
4173
413
23567
29
433
4269
596
421
25
29
1656
1260
596
19388
1
29
3805
290
4092
25
2224
12
20
3424
322
10856
29
41325
8607
16
25
1243
13140
20
6786
28
1126
1260
596
290
4092
25
2224
12
20
3424
322
10856
29
41325
8607
16
25
13140
20
6786
28
6702
25
20
28982
290
1126
1983
1725
290
4092
25
20
3424
322
3065
347
41325
8607
16
25
1243
331
8607
20
6066
28
29
433
1195
3025
29
11403
25
1487
6541
2
7590
20
6148
29
433
4269
596
421
25
29
1656
662
12
437
20
1420
12
306
3043
691
290
11252
4136
363
56812
3
12291
29
363
8893
3
1861
583
21997
331
407
20
1255
1486
6025
20
3424
31622
1112
596
1735
29
1909
29
20
146
319
2
25
4008
0
29
3
2
25
11437
26
1126
662
12
437
20
1420
12
306
3043
691
290
11252
20
1126
1074
289
20
3177
12
29
433
4269
596
421
25
29
1656
2057
20
3424
2057
596
29
560
16
25
1126
2057
20
3424
2057
596
29
560
16
25
6702
25
20
3786
289
20
18917
1665
29
1487
6185
25
29
20
2590
290
1126
6238
2
9968
1195
29
433
4269
596
421
25
29
1656
348
20
4318
11094
225
506
22235
225
20
3781
13
5781
1827
3875
596
29
331
34009
252
10
13
433
10185
12
20
3424
29
935
20
2793
1126
348
405
20
4318
11094
225
506
22235
225
20
3781
5781
331
34009
252
10
433
10185
12
20
3424
29
935
20
2793
6702
25
20
49399
289
20
839
290
1126
1487
972
2
3912
4504
29
433
4269
596
421
25
29
1656
6
596
5492
7622
0
336
37166
20
3424
290
1242
20
29178
12
336
29178
16
25
1126
6
596
5492
7622
0
336
37166
20
3424
290
1242
20
29178
12
336
29178
16
25
6702
25
1487
6185
25
29
1487
37273
29
20
2590
29
24652
25
290
1126
21649
12
413
3811
20
2506
433
883
870
12
20
35340
12010
276
24
20
3424
29
363
39529
12102
199
405
20
19887
20
5709
12
13
348
596
363
24910
1950
0
419
13751
6
20
3424
29
433
1487
6524
985
28702
20
957
2410
481
1526
20
3424
13
348
289
25
957
20
491
28
29
20
641
28
29
433
3800
0
12010
276
24
20
3424
21960
14
32934
26
421
25
2
402
5372
290
25
761
1195
4
1033
348
5
363
3871
20
5372
1110
29
523
20
936
5372
29
20
4889
5372
29
20
9468
5372
29
433
3800
0
363
6642
578
14
322
686
25
915
20
3424
13
348
369
5329
20
3424
29
11798
25
13
419
5329
596
6793
25
29
3875
25
4269
596
421
25
29
1656
29
348
369
45621
20
3424
13
419
45621
596
6793
25
29
3875
25
4269
596
421
25
29
1656
29
433
3606
413
20
1360
402
3494
12
289
20
3424
1326
12
289
20
3945
12
29
12686
289
4191
14
29
433
3800
0
290
6025
20
3424
1093
14406
16
20
18802
12
407
26196
25
915
302
25
363
30942
840
25
29
433
883
21519
251
31249
20
1555
377
55850
289
25
20
3424
14233
2
2057
25
29
3927
1866
25
29
2234
16
25
20
13030
12
29
2568
16
290
25
20
12615
29
348
20
1555
377
6
35376
295
289
25
1058
596
1735
29
1909
13578
2
2057
25
29
1457
1866
25
29
2568
16
290
25
20
13030
12
29
2234
16
25
20
12615
29
433
795
413
27697
1548
16
596
1735
29
1909
289
20
8922
13
1457
16
1827
919
331
1243
331
11978
2
25
20
4525
364
26
840
1
433
2
10240
1827
795
433
1457
16
1827
919
2
2628
347
2
539
2628
433
2
2628
29
2
539
2628
29
433
534
413
10005
20
471
25510
985
2934
20
1255
20
3424
290
596
1735
29
1909
437
20
1420
12
13
11627
3
462
7057
1302
551
29
433
20
5810
413
24971
3933
6
3680
20
3424
302
363
658
6
25
336
578
1265
12
29
363
336
20
17104
13
290
743
3
27173
302
846
27744
20
3045
840
25
29
433
3800
0
3680
20
3424
3680
4355
12
20
1741
13
363
3933
302
32558
315
290
32558
29
363
818
4106
315
290
818
4106
29
363
29320
218
315
290
29320
218
13434
0
6
584
20
3424
29
433
13060
20
5303
985
6025
20
1486
20
3424
554
20
880
407
1357
5
25
29
433
3606
413
13277
290
1197
12773
0
997
19931
20
7165
13
6025
290
25
1569
12
3494
12
1299
596
1735
29
1909
6
25
713
486
630
2057
20
4118
29
18625
302
1416
413
1842
12
1075
336
3875
596
4269
596
421
25
29
1656
29
433
10737
421
20
3424
13
6025
421
25
348
596
12527
2
20
2664
29
20
8923
29
20978
276
4466
20
20343
20
3494
12
13
433
6
25
13
5273
13
433
29
596
348
6
25
6
14226
12
29
348
421
25
6
51126
218
12
29
348
6550
25
6
51467
29
302
9557
25
6
8606
29
331
1260
387
3027
1126
302
1416
413
1842
12
1075
336
3875
596
4269
596
421
25
29
1656
29
433
10737
421
20
3424
13
6025
421
25
348
596
12527
2
20
2664
29
20
8923
29
20978
276
4466
20
20343
13
433
3036
13
5273
13
433
348
6
25
6
14226
12
29
348
421
25
6
51126
218
12
29
348
6550
25
6
932
4556
29
348
9557
25
6
8606
29
331
1260
387
3027
935
25
1487
459
20
448
289
20
5982
2
539
9968
29
11403
25
20
49399
289
20
839
290
1126
1487
2809
2
3912
1573
915
302
25
433
20
2863
413
20
18866
12
2098
1416
413
1842
12
29
6354
935
25
1487
13979
289
20
1815
12
2
974
25
29
433
20
1195
29
596
331
743
20
3424
290
7257
29
363
414
25
290
8632
25
29
433
20
5810
290
6025
9020
12
5509
12
20
7895
997
2978
714
5099
290
437
25
6165
6
25
2
4570
20
3347
29
290
6025
10
997
48895
714
5099
290
1824
16
25
6165
6
25
2
4570
20
3347
29
433
20
4657
413
459
20
3520
1457
16
6
545
20
54897
331
51160
578
2972
22779
2
25
13
354
745
25
336
20
12773
29
782
25
306
4297
25
29
433
387
29
433
421
413
1983
961
6903
596
322
25
662
18665
219
289
20
2444
29
5361
219
20
37153
20
37929
29
20
7943
29
2224
12
20
3424
289
5711
10185
12
20
17673
28
433
6238
413
4000
919
12144
6
20
3424
29
20
3424
28418
25
29
433
9896
12
20
3025
419
20
3424
289
6333
20
29604
29
433
883
2279
20
24113
338
20
35786
12
4915
336
1079
12
20
3424
801
460
38494
596
1735
29
1909
290
3
336
459
12
20
42851
997
1592
24
596
6793
25
414
20
3424
29
433
545
20
2746
985
6025
1487
8590
20
3424
714
7816
714
1483
13
6025
5781
6
25
4000
29
6
10240
29
433
1487
20
17962
11096
16
306
39788
5
20
3424
6
302
25
2
43741
302
1859
20
3424
6642
26
3269
6642
322
25
20
12323
437
20
1420
12
29
433
1487
6524
3933
6
3680
20
3424
302
2102
2
1824
25
985
20
1255
11455
26
29
2
4371
25
985
20
1255
20148
26
29
2
4966
25
985
20
1255
15579
26
29
2
36742
25
985
20
1255
12923
26
29
2
4616
25
985
20
1255
5096
26
29
2
24033
25
985
20
1255
10245
21330
29
3933
6
3680
20
3424
302
658
47581
0
15568
29
10804
52738
6
25
302
658
38618
0
29
363
988
12538
29
363
14142
0
29
363
7740
305
0
29
363
3781
0
29
433
4269
596
421
25
29
1656
611
16695
5
405
20
319
12
10759
252
10
1126
611
16695
5
319
16
5
10759
252
10
6702
25
795
290
1126
1842
12
413
5036
29
459
596
413
3606
29
289
7
1487
24667
24363
29
433
4269
596
421
25
29
1656
10737
20
3424
331
31646
1
13
348
462
53669
13
6
1148
47077
25
1126
45112
20
3424
331
31646
1
13
348
462
53669
13
6
1148
47077
25
6702
25
20
51549
290
1126
459
596
413
3606
2
3912
4504
29
433
4269
596
421
25
29
1656
331
3949
2
20
3424
290
43053
21992
25
1126
331
3949
2
20
3424
290
43053
21992
25
6702
25
20
28982
290
1126
31230
29
433
682
9968
25
2
20
1691
29
433
545
20
5210
31249
20
459
6
7393
5509
12
13
31712
421
25
20
13030
12
583
21997
290
10
29
348
20
459
6
7393
5509
12
27824
6159
223
583
21997
290
10
13
5781
6
25
29
1562
424
13
433
985
20128
9984
10
29
1893
5680
10
14003
421
25
29
915
6
322
16
25
29
433
545
20
2746
348
20
459
6
24703
20
3424
13
28418
686
25
29
419
363
4086
1260
3068
12593
12
596
306
20
8842
28
29
419
8842
686
25
3068
12593
12
596
306
20
8158
28
29
419
290
3
29
433
20
1195
348
14
3469
345
2224
12
20
3424
2975
29
1968
345
20
1824
3248
0
13
6420
23138
26
25
13
10136
26
2
25
2975
25
29
348
290
369
554
14
30984
25
3848
290
919
3
13
369
24
37840
6517
2
20
1824
29
6478
313
10
2
20
4371
29
433
1487
6524
12166
20
3424
421
3
6
1912
24
2
25
13
3469
24
981
16
25
486
0
348
578
14
6
7405
20
3424
290
8283
16
25
336
9020
16
25
331
6890
290
25
5372
0
29
416
8881
20
486
2
25
29
289
1126
1487
972
29
1126
52933
6903
596
322
7
1674
2445
8
13726
0
1558
0
29
578
8
35679
20
3536
554
20
3424
13
14960
20
5509
12
306
534
4269
596
421
25
29
1656
27205
386
9984
10
29
5680
10
29
15383
10
29
54344
10
29
331
3933
302
4223
606
25
290
10
714
1674
1548
16
1259
0
35679
578
3
20
3424
554
20
3536
13
7405
331
407
8283
12
20
1058
336
9020
16
25
363
14674
331
15383
25
29
363
54344
25
29
363
331
3933
302
4223
606
25
290
25
30417
25
10315
20
40336
1126
1487
972
29
1126
52933
1674
2445
8
13726
0
29
578
8
35679
20
3536
554
20
3424
20
1126
1074
0
289
20
957
29
416
2855
289
20
15603
12
1827
22356
1033
49626
290
5
32661
1058
290
545
2096
1
29
2838
289
20
718
13488
13
17442
322
20
718
29
25357
6
1003
25
29
47077
25
29
6492
355
25
5372
0
5372
0
583
363
14479
217
1557
290
25
29
387
11350
12166
16
25
840
1
10775
990
2290
16
6
1
289
25
290
20
1406
29
14
8518
16
421
1
289
25
6
29045
2950
25
29
1046
25
714
2838
1688
322
25
59099
219
16
27831
421
1
290
545
2096
1
1827
22356
27934
840
1
545
2096
1
13
4955
421
25
2
402
1112
1
29
39730
336
1126
25
2
402
1950
1
13
348
9774
19126
347
4092
1
12704
322
1126
25
55266
16
840
25
302
1723
29
10
1412
6210
931
421
1
29
9668
6
1
29
2838
1688
2
1950
1
322
5
582
35573
5664
27831
606
1
290
545
2096
1
20
1675
20
632
289
2560
5535
20
10185
12
29
443
761
12
20
491
289
637
20
5065
29
419
302
658
306
20
24958
1169
0
306
869
12
20
3883
29
20
14548
4475
1268
0
29
4475
10927
0
1393
20
554
12
17038
0
1469
25
539
30829
29
363
52715
276
29
363
10927
306
869
12
20
13295
29
658
6669
25
1029
25
30
6669
25
407
745
5
1967
25
29
1243
20
3723
302
7405
289
20
3177
12
1268
0
29
302
658
289
20
2574
13
424
290
1243
20
811
13
348
6025
306
539
29
2691
29
369
9388
1813
0
289
20
9259
13
6
25
3800
0
1621
29
523
25
743
424
433
596
3805
801
2086
26
596
1420
0
29
23049
0
29
306
1258
3
29
48902
313
289
3045
20
1050
4
29
20
1155
13
8640
306
20
402
29
523
822
20
1420
289
20
935
714
20
23049
714
20
935
9388
1813
0
433
421
6903
596
322
25
290
6025
20
3424
29
419
1268
289
20
3177
12
369
6
25
2
402
5372
1569
12
1195
12
29
290
6025
25
29
419
10927
289
20
3177
12
13
6
25
2
402
5372
1240
26
1195
12
29
290
6025
25
289
539
3177
12
29
419
306
29
2691
13
1240
29
761
26
1195
12
29
290
6025
25
306
539
29
2691
13
761
1195
4
29
331
369
290
20
1420
2
20
1824
13
419
1243
6
302
25
21617
6
20
1950
433
883
4583
20
40917
6903
596
322
25
348
3927
12
20
25383
2
20
4371
29
348
2950
20
1420
2
20
1824
1243
20
632
289
4682
20
3424
29
6
20
2224
1483
4
916
12
289
20
2892
1449
29
20
7295
13
290
3
290
17463
20
3424
289
20
437
29
20
1824
12
333
12
29
545
3
333
16
28
29
4478
545
3
336
662
29
290
3
290
17463
289
20
930
333
12
29
1012
331
5901
840
25
289
20
2120
4
1406
3875
596
4269
596
421
25
29
1656
290
6025
20
3424
289
1455
290
662
462
24362
25
1126
290
6025
20
3424
289
1455
290
662
462
24362
25
6702
25
1859
20
16835
290
1126
459
596
413
3606
29
24652
25
20
28982
29
424
6
302
20
1154
12
421
25
5731
25
20
32353
29
416
433
16
8022
735
209
596
3805
322
10
6
331
2934
16
1486
0
1549
1511
20
3424
46634
0
348
387
331
6025
20
3424
29
363
11227
29
681
20
3675
4269
596
421
25
29
1656
459
596
413
972
6903
596
322
7
302
17463
20
3424
289
402
2131
1126
681
3875
596
4269
596
421
25
29
1656
459
596
413
3606
302
17463
20
3424
289
402
1156
7388
421
25
290
1126
25
29
1198
369
1581
12
290
20
11679
12
6903
596
322
3
17463
26
20
3424
289
402
1127
12
30
4173
29
4045
413
3490
29
1487
6524
29
1983
413
10005
6903
596
322
3
13
289
20
6165
952
1326
4
20
6165
289
437
29
1824
12
29
416
11435
25
1581
12
29
20
6165
289
402
930
402
437
1712
290
662
28
1712
0
29
30
302
25
3425
12
289
20
15259
506
302
20
491
3425
12
289
20
2892
1449
29
407
7
1326
2377
6545
2377
8759
7
289
20
1156
333
12
29
20
632
12
289
20
1156
333
16
28
3067
0
290
20
662
29
20
4454
302
17463
6165
12
2
20
1824
29
6165
12
2
20
4371
29
2651
6165
25
2
20
4371
437
20
1753
289
22246
16
5
20
3641
347
414
7
29
2651
6165
25
2
20
1824
1824
12
20
1127
12
289
22246
16
5
20
2758
347
414
7
6
6128
491
20
4371
29
491
20
1824
2
6165
16
25
13
348
20
13030
12
421
3
20
998
31712
421
25
348
369
16
6165
16
25
1824
0
583
2978
29
348
369
4371
0
583
48895
13
2849
3829
16
7
630
20
1824
29
20
4371
29
20
7071
289
4682
20
2224
12
302
25
348
369
290
20
7823
20
19570
28
718
20
486
13
363
3933
302
10070
322
6165
16
28
289
20
1156
29
348
369
290
20
19570
28
2
811
20
1950
29
23429
20
1538
347
290
20
18727
28
2
1197
20
957
13
363
9761
302
7194
289
20
1156
306
333
12
29
348
369
5911
20
1538
289
6849
20
3424
1093
13291
289
20
930
2
333
12
6
3927
12
1265
16
25
336
3927
12
20
13999
29
20
6183
20
1091
289
1112
20
1636
12
1033
290
6165
289
20
1156
333
12
13
14188
20
3424
2131
12
2565
1093
813
20
11679
12
6903
596
322
3
2565
0
1126
350
49486
20
3424
306
2131
12
4780
6702
25
1487
6185
25
290
1126
10164
413
34278
289
1126
289
25
10096
306
813
5
290
20
3424
433
10164
13
4738
16
1859
3875
596
4269
596
421
25
29
1656
1562
31565
26
20
3424
433
24
662
29
1240
29
2131
29
2759
29
1794
761
12
29
662
761
12
29
813
20
6766
29
289
2540
12
6
20
51549
13
4738
8
1859
3875
596
4269
596
421
25
29
1656
1562
369
3875
596
4269
596
421
25
29
1656
44096
7370
20
3424
13
433
24
369
44096
222
25
662
0
13
935
25
10031
0
29
9968
25
1195
16050
5
302
4173
6903
596
322
25
369
7393
1824
12
20
1127
12
2
20
8740
12
336
20
9182
12
29
1824
12
20
1897
2
20
25129
336
15020
29
1824
12
20
578
2
1982
336
5890
29
1824
12
20
1753
776
25
336
155
492
2911
29
11702
29
1824
12
20
2012
2
20
18095
336
153
29
1824
12
20
2429
2
13898
336
20
3520
29
17463
1824
12
20
1733
29
1487
6524
369
14188
25
4590
0
363
306
387
20
2744
29
5781
2565
20
3424
2131
12
13
20
813
20
491
662
5509
29
20
813
20
632
1240
5509
29
20
813
20
1091
2131
5509
29
20
1604
2759
5509
29
20
1931
1794
761
12
5509
12
29
20
2436
662
761
12
5509
12
29
20
1953
20
6766
290
160
336
641
25
13
3297
813
25
20
11679
12
6903
596
322
3
29
369
24
8584
276
5518
1198
29
289
25
1210
322
3875
596
4269
596
421
25
29
1656
29
387
554
302
2179
20
42240
29
20
49338
29
20
4780
13
331
2443
387
9668
20
1604
289
20
1058
12
40961
2555
1058
12
20
3424
29
36209
25
29
363
9761
2
20
1300
29
20
3117
4
2
20
4029
12
29
539
10
13
348
10
14685
29
36209
29
1405
322
20
3087
29
20
10176
6
290
33897
25
29
416
369
20
1195
29
1487
1815
28
11380
26
20
42240
29
20
57655
211
29
20
4780
29
2492
322
20
1593
29
1536
7506
12
20
1300
2
20
4029
12
29
2104
20
2782
12
306
424
29
369
24
1260
26
11408
24
20
3424
29
20
5828
2
1807
302
3
11435
24
1363
387
20
1675
2936
0
290
302
2783
336
5977
1154
4
29
4079
0
6
20
1675
29
43201
0
336
4214
12
20
3424
3269
21270
840
25
1547
0
29
985
462
16349
336
7698
29
6305
681
20
319
12
289
25
306
331
2915
2
25
1809
1996
12
13
363
9761
2
25
29
363
4531
290
424
1348
25
9668
0
15837
290
9668
1195
506
5781
289
1567
12
20
1581
4
289
20
17876
348
10
290
9668
4
972
6903
596
322
25
29
302
10
12722
12
1195
12
2150
20
12722
12
20
30820
12
331
1184
1961
20
501
12
20
2003
12
347
8708
16310
336
1547
10
29
545
3
369
1260
10737
290
20
12773
289
20
7491
737
29
363
46030
245
25
2
686
5
29
433
20
30662
322
4301
413
1983
730
369
20
3424
2536
0
289
20
19887
13
491
331
3532
24
289
25
20
1300
306
20
13779
29
20
33159
1274
53361
454
9761
2
25
13
348
25
2066
6
25
714
3532
24
414
25
1300
0
2247
0
606
11032
20
3494
13
433
24
363
9761
2
25
2102
2
25
1469
20
3494
12
714
3532
24
414
424
20
23818
29
20
7995
227
433
883
4142
20
33559
4738
16
20
1195
322
31458
20
19887
2
20
3150
13
433
29
331
31458
10
433
15415
26
20
1179
12
2
20
547
12
433
1033
19347
20
3424
13
363
9761
2
25
29
433
1416
20
11427
1858
16
306
1487
1815
28
13
1548
16
25
7405
289
12773
7491
737
29
416
369
13039
20
1300
29
5781
348
20
4484
419
377
3532
424
29
10926
20
2224
583
3127
0
1179
4
20
3424
29
8453
25
29
2091
24
4780
25
1274
30667
223
336
662
28
1712
0
29
336
4590
646
20
1931
20
32353
419
20
24019
289
869
12
20
3424
6
1412
22
27250
302
20
6325
290
20
2224
12
20
8970
29
20
32353
2619
421
25
29
6
424
13665
16
319
1656
12
6903
596
322
10
2224
12
3875
596
4269
596
421
25
29
1656
13
985
443
48873
2224
12
19165
12
5372
0
5372
0
1126
13665
16
319
1656
12
2224
12
20
3675
4269
596
421
25
29
1656
13
985
443
48873
2224
12
19165
12
5372
0
5372
0
6702
25
883
7415
29
20
3786
29
20
28982
29
433
1195
2223
29
433
1487
2809
6903
596
322
25
6
302
10737
20
8740
12
29
1000
6575
15497
196
7
8449
46727
211
19552
4454
840
290
302
10737
20
3424
46634
199
12
29
433
3800
0
6
302
10737
985
19600
16
29
20
22243
12
25901
17172
323
4454
840
290
302
10737
20
8740
12
29
1000
6575
1109
19395
195
29
8032
6348
322
1486
28
1858
0
289
20
3177
12
13
369
1420
7
826
0
915
302
578
7
6025
20
8740
12
1116
29
20
641
20
3424
402
25
13
433
721
289
20
2782
1846
29
29990
302
20
32353
24019
363
6
2536
20
18003
13
348
20
6593
377
363
6976
2811
20
3424
40961
6
25
289
20
2224
12
3800
0
20
32353
29
20
18775
12
6
302
424
3823
336
20
38091
29
20
2706
29
5492
2105
0
289
20
1950
290
20
46634
199
12
29
20
12719
20
2436
20
9356
20
9356
24019
315
20
2224
12
433
3875
596
4269
596
421
25
29
1656
15519
24
20
3424
29
39420
24
13
348
462
42854
24
13
791
389
24
1126
15519
24
20
3424
29
39420
24
13
348
462
42854
24
13
791
389
24
6702
25
1487
6185
25
290
1126
1689
413
1983
29
8874
2
9968
1573
29
433
4269
596
421
25
29
1656
682
290
0
290
462
9132
219
2
20
3424
1126
682
290
0
290
462
9132
219
2
20
3424
6702
25
20
9811
290
1126
1983
21519
12
29
433
1191
20
5119
6025
16
20
3424
306
3875
596
4269
596
421
25
29
1656
289
20
8922
13
433
848
1827
1191
405
20
2224
12
13
3022
20
9356
29
433
1487
2809
6903
596
322
7
985
6025
345
21529
12
6793
13
363
21458
24
2
20
25383
583
42854
24
13
348
462
42854
1357
578
14
19204
217
1950
25
29
2150
718
3009
20
9356
302
5126
1950
25
20
4966
13
290
20
4966
13806
20
9356
433
4269
596
421
25
29
1656
348
20
3424
5085
2
4966
13
985
6025
19438
1363
2186
1526
1126
348
20
3424
5085
2
4966
13
985
6025
19438
1363
2186
1526
6702
25
883
34134
29
883
6665
289
20
10587
12
290
1126
1487
972
2
3912
4504
29
1112
9284
20
4966
302
20124
331
289
25
290
20
2541
29
20
18744
29
20
11937
29
20
12081
714
20124
7953
25
289
5589
25
29
2734
211
25
13
18306
363
5813
12
29
15767
13
348
462
5126
25
4966
29
9356
506
5126
13244
20
4318
20
5125
12
19204
217
306
1093
20
4966
29
20
9356
13
348
424
6664
20
15127
20
1953
302
16736
584
20
3494
4
13
985
333
2
3494
12
21529
12
21529
29
1198
985
2934
290
539
25
21529
12
21529
985
21529
20
1584
29
363
42384
915
985
369
306
20542
12
29
289
20
3424
952
761
12
21529
12
29
289
20
894
21529
2377
29
682
289
153
21529
12
29
1455
25
302
42384
2
782
2676
16
25
306
20
1155
29
4436
25
302
12906
13
42384
29
4096
289
25383
25
2
331
10036
2
20
3494
12
335
6025
10
713
302
7405
1406
25
3805
1077
24
21529
0
29
20348
24
2
1719
919
3
29
3
363
746
31664
313
13
1260
10366
18297
338
290
20
24231
28
6
1112
1
20
14963
28
2
1719
1
29
36792
4361
302
6396
290
20
41039
28
322
26946
347
306
46505
217
29
985
6025
1406
25
3805
29
27119
26
6
20
3322
4963
25457
26
29
2893
3
24033
0
13
1260
10366
18297
338
290
20
2260
28
840
1
20
35930
28
6
1
29
1198
402
21529
12
29
10354
289
405
20
21529
12
2500
20
3177
12
290
7068
20
15496
12
29
2483
20
554
12
29
20542
12
20
9332
29
20
13802
290
20
1662
29
20
19723
29
290
462
1972
306
20542
12
606
20
5647
13
985
26612
42384
29
416
5781
289
4208
10
302
25
12906
7703
0
745
5
25
6
13794
25
714
12906
6
20
9721
6
20
25383
714
12906
6
20
1425
714
8375
29
3139
6440
8989
14696
228
29
363
2335
6
387
915
20
4182
306
25383
20
3177
12
29
419
1758
13
348
25
2855
20
681
289
20
25383
38969
1124
289
25
20
681
29
15597
12
20
9721
3823
6
20
1311
12
29
331
5961
424
13
289
25
414
714
20
17264
321
3933
302
42384
606
25383
20
3784
29
363
42384
6
10185
12
686
25
985
369
17264
321
0
20
2586
302
1260
289
37442
2224
16
25
36792
2
596
20
16754
20
13576
290
20
8926
20
27118
919
36792
4361
290
19205
4
20
12615
29
36792
4361
919
302
5126
26
29
6
7405
1457
36792
10593
20
1255
29
5509
12
20
1719
6
596
29
6
3387
606
4925
25
290
20
2224
12
4375
596
3805
29
1130
3875
596
4269
596
421
25
29
1656
10366
17073
8
2
25
29
7056
6
8
289
25
20
1719
6
596
919
20
687
28
29
1591
31761
596
20
418
20
33690
29
289
1517
20
2224
12
985
333
2
3494
12
31785
20348
29
8249
29
985
333
2
3494
12
8060
29
29839
1927
29
38285
29
348
333
2
9208
4738
29
348
333
2
470
474
58724
4670
424
37434
25
347
2
1950
25
13
1260
6793
596
1450
2882
2
596
10366
44936
2238
10366
22889
8
433
34278
19137
16
315
3875
596
4269
596
421
25
29
1656
13
18412
5509
12
20
8740
12
13
369
363
4401
2
3494
12
2658
12
915
4738
29
363
2
3494
12
9433
915
58724
29
363
2
3494
12
43214
915
20348
1126
34278
369
363
4401
2
3494
12
9433
915
341
2882
29
363
2
3494
12
2658
12
915
4738
29
363
2
3494
12
43214
915
20348
6702
25
1305
315
3429
7590
13
985
14210
433
331
369
1260
12874
4
596
29
998
25
606
6165
20
3424
10366
22889
338
2
20
3424
29
18297
25
848
3784
0
29
2066
0
29
7344
29
2658
12
10366
34308
290
25
331
3939
16
29
21539
5
290
25
331
6908
16
29
44936
338
10185
16
25
57973
20
1824
29
2465
20
4371
29
18297
25
848
894
12
1827
919
20
687
28
1126
369
3875
596
4269
596
421
25
29
1656
1260
606
6165
20
3424
10366
22889
338
2
20
3424
29
18297
25
848
3784
0
29
7344
29
2658
12
10366
34308
290
25
331
3939
16
29
21539
5
290
25
331
6908
16
29
44936
338
10185
16
25
57973
20
1824
29
2465
20
4371
29
18297
25
848
894
12
1827
919
20
687
28
11403
25
883
2688
20
16488
413
20
1534
20
12871
340
289
15959
20
3424
29
883
4142
413
20
47662
289
20
36724
3395
7
290
718
1983
4583
20
38798
209
290
2540
12
7415
413
10917
9863
0
20
3070
289
20
7345
2
20
2224
12
29
363
1910
289
302
25
363
538
302
45953
2
25
336
599
7057
686
25
1111
20
2224
12
2556
12
322
13695
20
1965
2
20
8453
29
363
538
290
1965
13
1455
25
331
7057
686
25
13
348
462
7057
686
25
462
19214
3177
16
25
13
1033
20
7345
2
527
7057
539
25
13
419
10194
306
1112
29
19299
306
1112
641
29
5553
306
4117
5880
20
648
293
331
2492
302
25
4269
596
421
25
29
1656
433
1621
2224
12
20
964
306
2224
12
20
16515
12
30
1621
4375
12
20
964
306
4375
12
20
16515
12
29
289
7590
641
20
37542
2
20
3424
30
20
37542
2
20
4375
12
29
20
7020
2
25
30
20
7020
2
20
4375
12
1126
1621
2224
12
20
964
306
2224
12
20
16515
12
30
1621
4375
12
20
964
306
4375
12
20
16515
12
433
29
289
7590
641
20
37542
2
20
3424
30
20
37542
2
20
4375
12
29
20
7020
2
20
3424
30
20
7020
2
20
4375
12
6702
25
883
7415
29
20
3786
29
20
28982
29
1195
25
290
1126
1842
12
413
5036
2
20
7590
20
632
29
289
20
1210
20
359
6030
486
20
964
306
20
16515
12
2131
28
2861
0
1126
6030
486
20
964
306
486
20
16515
12
2
10782
2861
0
6702
25
20
49399
289
20
839
290
1126
8022
29
1198
1406
25
4269
596
421
25
29
1656
1866
20
5548
331
4976
29
1866
20
935
20
8447
1126
1866
20
5548
331
4976
29
1866
20
935
20
8447
6702
25
795
29
1487
37273
290
1126
1689
413
1983
29
8874
29
289
20
1210
363
45953
545
14
306
545
289
20
2224
12
407
20
2758
29
20
6464
1126
363
45953
545
14
306
545
289
20
2224
12
407
20
2758
29
20
6464
11403
25
883
7415
290
1126
20
37429
743
1406
25
407
20
2758
29
20
6464
29
20
49399
289
20
839
290
1126
421
554
20
6464
29
414
10
29
289
25
20
14106
20
30016
29
419
4504
29
2934
1725
413
20
29458
1069
1824
12
289
2574
3875
596
4269
596
421
25
29
1656
972
413
459
20
2138
45953
2
20
2224
12
289
3177
16
25
29
369
1195
20
1965
13
433
6
14545
25
11942
336
387
20
18057
13
333
25
302
14048
1965
25
13
433
20
14545
348
20
2574
682
6
8
29
6
20
1975
289
25
5160
13
1299
1725
1965
25
29
433
1827
7008
20
18057
348
15
16
3572
596
1735
29
1909
12227
4
1
16034
933
1965
1
29
348
15
16
3572
20
1255
13
348
3
1023
25330
24
322
1
290
596
3125
0
13
11227
972
413
459
20
2138
29
15124
22246
16
25
13
2026
1656
2104
23058
5
25
29
16440
29
419
30036
598
20
689
12
29
5553
306
4117
5880
20
7345
331
2492
302
20
3675
4269
596
421
25
29
1656
2934
1581
12
290
1859
25
45953
26
289
3177
12
20
1824
13
8815
424
1126
302
25
2934
1581
12
290
20
11679
12
45953
26
289
3177
12
20
1824
13
8815
424
13
289
20
2223
28
290
1126
8022
302
1486
0
968
290
20
1824
13
6025
13
1299
1965
25
2
20
3424
13
433
3875
596
4269
596
421
25
29
1656
2658
596
13
363
8
20
1126
29
290
1126
1983
2911
433
433
3875
596
4269
596
421
25
29
1656
1252
1548
5664
29
1412
10154
2224
16
1
20
15081
12
20
1126
29
290
1126
3800
0
2150
4747
2839
5761
12
20
28908
28
2
20
3424
997
3618
26
2
20
1824
29
4747
2964
3
290
2839
3
2
20
3424
20
1126
29
416
433
4269
596
421
25
741
386
250
640
968
578
14
290
20
1824
19931
28985
450
2
20
2224
12
13
348
20
13030
12
29
3841
20
1881
10758
26
2224
16
25
29
2139
26
12227
4
25
1126
985
968
578
14
290
20
1824
19931
28985
450
2
2224
16
25
13
348
20
13030
12
29
3841
20
1881
10758
26
336
2224
16
25
29
2139
26
12227
4
25
11403
25
2
974
25
2
1154
12
289
25
883
4142
20
10271
293
29
1761
20
13975
289
20
27396
29
883
5686
290
1126
11076
413
2999
29
419
1126
9248
13561
29
333
4269
596
421
25
29
1656
2
662
12
290
1859
25
6903
596
322
3
916
5
20
3723
13
333
306
1983
4142
6903
596
322
25
29
419
10971
16
13
4738
25
322
424
13
433
348
377
1412
2050
419
56820
29
333
306
972
6903
596
322
25
29
419
45953
13
4738
25
322
424
13
433
55586
245
20
34881
294
29
2256
1262
20
8926
29
333
306
7133
29
419
7405
37497
290
405
20
5509
12
29
37497
290
405
20
5509
12
13
4738
25
322
424
13
433
3157
245
20
2591
2
20
2591
13
433
4269
596
421
25
29
1656
30
11138
416
5505
29
4793
1126
2002
25
4269
596
421
25
29
1656
2
1983
4142
29
419
10971
16
29
2
972
29
419
45953
29
2
7133
29
419
7405
290
405
20
5509
12
29
290
405
20
5509
12
20
1126
1074
289
20
3177
12
13
20
1112
289
20
1127
407
405
20
7423
302
20
648
293
5617
322
20
28104
29
20
8531
13
419
1243
289
584
290
10971
424
306
686
25
13
348
462
14029
29
462
1972
289
20
7345
331
40646
20
739
306
7161
641
13
20
7345
1243
6
302
20
486
289
25
611
29
6
302
3436
16
25
3800
0
3929
2
539
25
13
20
1866
20
39790
1243
290
20
2325
29
4849
25
26369
1950
20
5065
29
4956
3
25
336
20
1538
289
25
29
11196
840
25
2934
25
29
4849
25
17860
20
4154
289
1299
20
1965
29
4849
25
2893
289
1711
25
6
20
2224
12
29
8376
290
13331
25
29
4849
25
22122
2
7345
25
36435
11206
13
658
419
804
23282
25
29
4849
25
416
6604
25
4574
17673
13
12689
2
804
1711
25
29
41268
336
20
797
12
13
4443
2234
25
1557
290
405
20
857
4
13
20
7345
1243
29
348
5836
16
405
20
857
4
9371
20
2782
29
2
3927
12
20
857
4
1244
1882
811
20
18257
29
17709
5291
3
13
348
369
289
20
486
20
826
761
857
4
369
289
25
761
5291
29
6
387
4667
2224
12
20
3424
289
20
19887
1243
1111
2893
289
20
486
20
1008
29
6183
20
12773
29
1079
25
13
2893
20
2782
2
804
25
29
416
5781
20
6165
12
289
20
12773
2
2131
6
302
20
1008
289
20
12773
3800
0
5058
12
29
7408
4173
6903
596
322
25
12773
28
6
3927
12
2224
16
25
290
7
13
369
730
290
20
11679
12
36954
289
20
19887
29
13039
26
302
4235
437
29
462
4934
24
289
20
12773
29
1858
545
11910
613
306
20
14223
6903
596
322
25
289
20
6584
29
407
745
5
25
12773
13
433
6
25
20
14223
4092
14
20
1538
322
20
3424
348
5
6
4201
20
15232
12
29
5973
20
12773
407
745
5
13
331
29685
25
583
1216
20
3542
2555
20
2224
12
29
32353
10
2
13999
20
1965
290
539
408
46723
8825
7553
20
2495
13
424
501
12
433
4269
596
421
25
29
1656
2981
24
20
3424
2
2839
14
1126
2981
24
20
3424
2
2839
14
6702
25
883
7415
29
20
3786
29
1487
6185
25
29
1487
37273
29
20
2590
29
24652
25
290
1126
20
5494
413
21646
29
433
421
25
20
998
331
7622
596
6
1557
3966
25
6
1195
20
1965
2
20
3424
1126
331
7622
596
6
1557
3966
25
6
1195
20
1965
2
20
3424
7388
421
25
290
1126
1983
21519
12
2
7590
331
7622
596
6
1557
331
7622
6
3675
27806
2
20
3424
3139
1305
6
3675
1195
20
1965
29
289
2540
12
6
25
30
3966
25
6
3675
27806
2
20
3424
29
433
4269
596
421
25
29
1656
682
290
0
290
462
9132
219
2
20
3424
13
5781
3974
2
25
20
8198
29
5781
3974
2
25
20
57612
29
13999
20
9144
2
25
29
419
3823
606
2057
20
1430
12
29
2492
302
3875
596
4269
596
421
25
29
1656
369
1824
12
3615
8022
6903
596
322
10
13
23186
16
421
25
13
433
4269
596
421
25
29
1656
331
4446
1
433
16
1827
3875
596
15
16
27580
2224
12
1486
331
2934
16
5505
1965
0
290
25
13
968
4269
596
421
25
29
1656
583
5946
840
25
1558
0
714
8850
13
433
4269
596
421
25
29
1656
387
2380
9353
1983
34278
20
1719
6
596
377
1968
289
319
16
5
713
25
1126
369
3615
8022
13
23186
16
421
25
13
433
331
4446
1
433
16
1827
3875
596
15
16
10154
2224
12
1486
331
2934
16
5505
1965
0
290
25
13
968
4269
596
421
25
29
1656
583
5946
840
25
1558
0
714
8850
13
433
387
2380
9353
1983
34278
20
1719
6
596
377
1968
289
319
16
5
713
25
6702
25
883
7415
290
1126
8022
29
1259
9968
25
753
4
29
5946
4269
596
421
25
29
1656
3800
0
1069
1824
12
336
459
596
413
6524
29
315
25
883
4142
29
972
6903
596
322
7
13
1626
24
1558
0
714
433
451
247
596
421
25
29
1656
290
3974
302
7405
20
3424
39774
12684
0
506
12166
7726
29822
223
306
2224
12
1487
319
459
1126
5946
1069
1824
12
336
459
596
413
6524
29
315
25
883
4142
29
972
13
1626
24
1558
0
714
433
290
3974
302
7405
20
3424
39774
506
12166
7726
29822
223
306
2224
12
1487
319
459
6702
25
795
29
20
3786
289
20
2073
290
1126
972
29
20
28982
29
1487
6185
25
290
1126
1487
6524
302
8618
4142
29
972
2
40319
25
302
3875
596
4269
596
421
25
29
1656
433
290
4454
302
7405
20
3424
20
1126
433
20
28982
1195
2223
29
433
4269
596
421
25
29
1656
6
1487
6524
10737
421
13
433
1827
3875
596
10737
421
1
29
421
1
12166
13
433
4269
596
421
25
29
1656
348
5
4454
302
10154
25
290
13193
13
369
7405
3324
8
3875
596
4269
596
421
25
29
1656
23202
294
1126
302
25
433
6
1487
6524
10737
13
433
1827
3875
596
10737
29
421
1
12166
13
433
348
5
4454
302
10154
25
290
13193
20
1126
7388
421
25
290
1126
1487
6524
29
5946
4269
596
421
25
29
1656
336
2224
12
1983
2911
13
433
1674
19886
387
290
36875
1000
7415
13
1130
424
8618
2911
13
433
1827
3875
596
1252
957
16
302
1
9419
6
10022
16
25
6
1
56697
211
0
1126
5946
336
2224
12
1983
2911
13
433
1674
19886
387
290
36875
1000
7415
7388
421
25
290
1126
1983
2911
29
2699
8836
20
5065
3875
596
4269
596
421
25
29
1656
289
20
8922
433
13
433
848
2838
20
8836
377
14939
20
3424
2
1965
1
1457
16
3047
433
18274
1
596
1866
0
29
289
20
1210
369
1859
3875
596
4269
596
421
25
29
1656
985
5836
24
681
24
578
3
302
7405
5509
12
290
20
3424
29
416
369
972
1260
6
576
5
2911
6903
596
322
7
935
8
919
8
13
7405
606
25
583
8708
739
20
3177
12
302
17837
32128
1827
598
20
4940
28
20
3177
12
20
3177
12
13
1260
39987
8
289
3177
12
2321
12
336
1406
25
1735
29
1909
29
6
935
596
1157
29
433
4269
596
421
25
29
1656
290
5946
336
3494
12
290
1058
596
1735
29
1909
369
16
6
25
16090
437
20
1420
12
1126
290
5946
336
3494
12
290
1058
596
369
16
6
25
16090
437
20
1420
12
29
289
20
1210
1528
6
25
761
1195
4
6702
25
795
290
1126
1983
21519
12
290
5946
336
3494
12
290
1058
596
1528
6
25
1195
12
5005
12
29
290
4392
10
369
16
6
25
16090
437
20
1420
12
29
289
25
2861
29
5643
29
289
20
1210
1528
6
25
761
1195
4
29
2885
4511
2782
20
5928
29
369
20
1584
419
20
804
289
25
369
4024
0
289
20
2782
915
302
658
5078
25
20
28104
29
20
8531
20
1675
20
1091
289
811
20
5762
289
20
10185
12
29
443
761
12
2628
2335
20
2288
714
20
13434
714
1235
20
1950
714
20
18003
714
20
7236
714
20
4801
322
6473
3028
20
2628
714
20
3941
714
20
4985
714
20
6312
714
20
3005
209
13
20
491
2628
4511
12
20
2288
29
11269
25
29
1621
596
6793
25
29
3805
29
14109
25
2
3045
25
289
5687
25
322
8233
4799
25
336
1326
12
33671
3045
25
13
6
4934
1562
14109
2
3045
25
289
6206
6849
2288
25
377
419
852
12
2003
12
1268
12
2
1069
25
336
52043
3045
25
29
1562
15800
16
6
3
847
20
852
12
289
3920
8453
29
2839
443
852
4
20
3027
1111
14858
20
3027
322
20
1361
336
2628
852
4
596
1735
29
1909
915
2
4048
12
852
4
686
25
29
5641
342
3209
26648
4799
12
2288
25
2
16035
12
20
8453
6
331
6688
6
5647
20
2288
8233
29
363
15016
29
6
27323
331
407
7
290
4511
12
2162
25
29
20348
4
2066
25
29
5641
5486
596
1735
29
1909
6
2911
421
25
20
998
6
331
1715
325
6
5647
2288
25
506
462
49646
20
2999
34750
12920
25
527
2250
9866
0
29
363
790
559
25470
4511
12
20
2288
915
2
5234
12
306
599
2628
20
3045
29
6
387
982
545
20
7465
28
322
25
13
433
348
402
5372
290
2288
596
1735
29
1909
289
20
2701
20
6954
6664
290
2999
30129
29
348
20
13030
12
421
3
20
998
1252
5836
16
306
20
5372
20
826
302
3387
218
25
331
1715
325
1302
583
2281
19331
362
421
25
20
998
29
419
880
20
2701
13
4930
25
13
3387
25
2
3966
596
1735
29
1909
29
2658
16
25
363
2
10327
25
29
1370
16
25
29
523
596
1735
29
1909
8857
25
424
29
10984
25
2
25
29
1674
5881
545
20
14828
289
20
2496
322
1112
20
14109
289
6206
6849
20
2288
315
11269
1326
16
25
336
2628
20
1310
29
5486
25
315
5663
6194
16
25
29
1934
6
25
713
0
462
18246
289
25
29
424
302
25
20953
242
269
20
8440
4765
336
4317
12
20
12323
421
3
20
998
13
4738
25
20
880
322
1687
13
5080
2
331
363
10339
25
2628
25
13
433
20
880
38143
16
331
2728
2
25
20
12323
985
11167
16
302
25
682
2
2288
20
1255
29
302
25
2288
596
1735
29
1909
52661
26556
20
1255
1079
25
13
433
20
4765
348
0
1548
8
20
1255
6
331
3974
24
302
6976
24
545
20
27081
29
20
11721
331
2205
26
290
1147
10
29
5292
10
29
4273
10
29
535
1226
10
29
767
24
20
27081
18246
4557
10
322
2628
2288
3
20
1923
322
12718
6060
3
315
1195
25
29
14685
25
29
9290
2495
25
13
5085
24
336
1326
12
4557
20
36819
29
11126
24
9971
3
336
30737
20
36819
2
2839
48033
8112
12
2
3
290
20
12611
29
20
6929
29
20
2839
20
1908
12
290
2839
10
6
1001
26556
24
1079
10
29
1198
20
1255
14858
26
322
1079
2288
596
1735
29
1909
2
26648
25
29
4208
7737
16
25
13
2250
24
2
331
1843
24
407
3
290
20
2839
335
2934
24
2
10
20
970
12
30
1965
20
12611
29
20
6929
377
2934
16
2
25
20
27081
290
20
1255
29
462
4531
424
6849
20
970
12
20
45941
12
289
847
20
852
4
290
302
2738
20
2288
446
20
2839
6
2738
10
29
4511
6
13434
10
13
369
20
1965
6
20
970
12
4122
0
29
11252
8
29
20
970
12
6
20
1965
686
0
29
2108
0
13
30
331
302
11007
20
3027
11772
29
9584
6
1204
20
2108
13
30
424
2839
20
2288
7776
6
20
970
12
335
289
10
29
20
2288
306
20
1770
12
4979
20
1326
12
1422
20
2162
5911
20
970
289
20
584
29
20
7339
29
419
20
2989
20
2664
29
20
3135
20
10786
12527
29
17752
29
363
1370
12
6
20
7339
302
1585
21845
2288
20
970
12
506
363
2818
20
1442
302
1260
21845
13094
20
3160
29
363
1370
12
6
20
3027
302
6478
24
9583
20
970
12
506
363
1370
12
6
3
302
6478
24
2
23625
3
2691
1357
20
3160
29
523
3
8893
26
290
2691
1357
20
3160
331
20504
2
25
23625
3
29
24289
313
2
25
306
27744
3
1116
13
20
2288
30
20
880
20
13824
20
7512
1112
25
20
5911
681
25
29
30
20
3160
20
8499
12
20
2560
12
21775
4056
10
29
30
20
3052
20
3757
12
335
416
42478
2
10
290
363
4223
306
1815
10
13
419
7511
20
16111
20
10850
12
29
11575
20
913
12
377
290
4323
290
25
462
12748
29
5347
20
365
2679
377
290
46457
290
25
462
818
11598
13
387
377
935
25
20
4765
8199
12
290
559
25470
2811
20
2288
29
20
1154
12
421
25
363
12772
2
957
20
2982
12
27173
302
7194
421
25
20
632
20
13434
6
20
19126
13
20
5065
606
20
1311
12
2
10185
12
20
3424
3933
302
5126
289
1950
25
4511
12
20
19126
29
4086
302
331
33897
25
682
290
2288
20
3027
29
348
289
10185
12
2288
596
1735
29
1909
2303
12
20
2130
13
348
25
3805
433
363
10530
25
915
20
15548
26
29
30
331
302
2560
5321
20
12773
29
3281
25
14051
322
2560
3027
12
20
15625
915
985
369
2462
48355
13
5762
8305
25
3800
0
2
970
1735
25
29
4799
25
13824
322
5762
20
1950
915
985
369
2462
48355
322
402
20319
29
17931
0
25314
20
13434
29
20
38091
29
30
331
363
9974
5531
5321
20
12773
402
745
13
363
9974
6
10185
12
8453
25
402
4950
29
363
6
3187
6849
25
402
1950
29
6
713
387
20
13434
369
31359
12
413
1983
6908
985
1197
20
12773
54739
421
25
29
1260
419
2288
919
5
419
2288
919
5
13
13434
20
2288
13434
20
19126
29
1023
8685
25
4511
12
20
19126
331
462
48902
289
7737
16
25
29
4799
25
29
5814
25
13
985
2234
2
4350
25
20
8233
29
20
6886
29
20
1050
4
29
20
1155
29
331
407
7
290
20
546
29
20
937
29
20
27081
29
20
5605
29
957
302
20
9056
6
630
10
29
20
2188
421
10
29
20
13917
6
10
826
29
302
20
402
289
2470
12
971
16
25
12146
26
407
1621
25
29
2658
16
25
29
407
15960
16
25
29
8410
16
25
348
20437
20231
933
487
29
348
15078
20231
49335
223
29
302
25
377
1260
1807
336
20
546
12
29
363
56303
29
1807
336
20
2158
29
363
56303
29
387
2303
12
20
4511
12
29
20
18924
13
2
20
8970
289
5913
387
5126
13434
20
19126
714
13434
20
2288
20
1091
1235
20
1950
29
780
1126
20
686
5781
289
4472
1827
4301
12984
20
1058
2
565
12
446
2
762
29
7356
29
2104
25
2
20
762
302
658
34665
0
6
25
606
2224
16
25
25090
21436
12
840
25
322
539
25
29
5781
6
545
3
985
6025
16
20
3424
1774
686
1
2
1557
13
433
347
1557
4454
840
290
20
3424
583
3532
2
25
686
5
29
369
545
20
5210
985
6025
3494
12
462
1972
1950
25
289
10
5273
10
632
12
29
405
20
852
12
28567
3269
554
10
290
20
13434
13
348
20
1935
6
20
2288
377
54981
46376
2
25
29
57825
29
363
17620
322
25
13
289
20
3424
331
57825
2
25
20
1950
348
369
20
1584
2057
0
6
25
13
1562
4272
20
6238
2
20
1538
289
539
25
29
419
289
8907
39508
22652
940
2563
27698
289
20
8907
4
363
48902
289
539
10
1093
5781
348
289
20
3424
6404
29
11856
29
7275
297
29
17275
3394
634
194
29
902
0
29
4370
4
13
20
9468
4
6404
20
3424
29
20
33905
4
11856
20
3424
29
20
43718
4
7275
297
25
29
20
14963
4
17275
20
3424
29
20
10108
199
4
9014
22814
20
3424
29
20
6766
902
25
29
20
4370
4
331
2443
424
13
985
1858
20
5065
20
6404
29
18629
290
20
11856
29
1858
20
7275
297
29
1331
20
17275
29
9732
20
9014
22814
29
18091
289
20
902
29
3796
1716
20
4370
4
8104
25
424
29
4092
25
3269
6408
25
13
462
24058
221
1950
25
29
462
43800
1538
25
20
1604
20
18003
29
419
2456
1235
20
1950
13
348
25
416
363
48902
289
539
20
3424
29
523
25
7194
306
5647
20
3424
290
686
25
29
419
363
37840
25
29
20
6325
290
20
2224
12
20
18003
29
6
424
501
6
302
20
32353
289
25
20
32353
289
20
2560
6
4166
290
20
18003
2
20
5762
433
421
6903
596
322
25
363
1866
289
5058
12
363
8037
289
10
29
363
289
2224
12
363
18003
289
10
29
985
462
4166
290
20
18003
915
2
13999
35717
430
915
302
658
2123
3784
13
348
25
1252
2084
289
18003
3494
12
29
416
14979
20
3784
2
3494
12
660
369
11881
0
713
290
16254
2
20
11466
290
1179
12
826
12
3673
50730
25
322
2628
2084
12
2288
25
29
1198
348
369
289
31785
20
32525
29
419
3540
420
289
3494
12
6025
10
3784
25
13
387
29
41720
1093
11853
322
5036
413
459
10917
302
25
433
20
29285
22271
338
289
20
3177
12
13
5781
289
681
20
4118
13
433
6
302
5396
289
20
36918
12
4454
840
290
424
29
523
16254
1950
5
2
1435
5
407
745
5
919
5
1735
29
1909
29
11963
1562
16440
13
650
424
29
41720
0
29
419
1198
13
348
25
6253
25
322
2628
331
419
289
25
29
20
8926
363
5122
306
713
25
915
2
302
6253
25
2
1185
2172
29
523
4531
25
2
25
322
20
1243
29
2026
935
424
6
20
1195
433
348
13732
3816
28
322
25
13
331
51252
596
424
606
8
29
18625
302
25
4269
596
421
25
29
1656
6025
9291
596
20
3520
20
6700
13
8090
10
761
28
333
12
1126
302
25
6025
9291
596
20
3520
20
6700
13
8090
10
761
28
333
12
11403
25
883
4583
20
38798
209
289
15042
25
290
1126
1983
21519
12
2
3912
4504
29
2150
8090
10
4269
596
421
25
29
1656
6
18003
25
289
6849
10
29
322
1983
4583
433
968
3875
596
4269
596
421
25
29
1656
2
8
1824
12
13
968
2
3494
12
8785
10
29
443
348
31409
3
13
348
3
5058
1
29
348
35818
6
3
1126
1983
4583
968
3875
596
4269
596
421
25
29
1656
289
8
1824
12
2
3494
12
8785
10
29
443
348
31409
3
13
348
3
5058
1
6702
25
20
3786
29
1487
6185
25
2
3912
2223
20
3494
12
29
968
9087
20
20717
1824
12
2
405
20
3494
12
319
1068
801
58205
24
20
4012
4
20
3494
12
29
968
1725
413
12829
1824
12
8785
405
20
3494
12
29
23618
24
20
437
7008
20
6161
26
29
433
545
3
348
5
6
36082
20
5509
12
25289
704
338
545
331
20500
289
10
322
20
4925
290
10
583
9234
20
3641
29
369
545
3
1260
3494
12
363
27944
10
29
363
658
1950
5
289
10
363
3036
6
10
13140
0
29
19050
322
1983
2279
20
24113
338
302
25
433
348
5
6
7931
218
20
3494
12
13
3096
289
10
952
18834
347
1240
18834
29
5641
302
5
32812
20
1538
289
10
331
25817
16
10
336
539
10
29
322
545
20
5210
302
25
2084
289
5509
12
15020
1148
12
1717
12391
10
29
363
21997
290
20
18003
289
10
29
433
545
20
7465
28
848
289
402
1127
12
6165
12
29
289
402
930
6165
12
29
289
402
501
12
6165
12
1720
6165
12
731
662
28
501
12
331
14210
16
290
10
414
29
424
2
1068
1326
4
18003
25
29
3993
25
29
369
387
3800
0
1260
19975
16
686
5
3770
20
18861
13
1412
8957
40935
12
29
24688
12
29
56038
40837
29
3607
9920
251
20
1931
20
7236
29
419
302
746
26296
290
402
3494
12
331
10036
2
10
1111
20
3424
10202
306
935
852
4
596
1735
29
1909
29
935
5814
25
29
935
3723
20
12323
421
3
20
998
29
935
3723
20
51317
28
6
3
29
302
3
1562
23132
24
29
935
5589
25
29
2734
211
25
29
935
20
546
12
29
20
2158
1033
852
4
596
1735
29
1909
5275
54169
3805
682
30
713
25
1557
29
419
20
16754
20
12876
29
30
1406
25
3805
20
880
20
25363
20
998
20
4940
20
13813
20
2138
20
8313
20
37712
38969
29997
6849
405
20
2469
29
20
852
4
6
27794
6
25
6891
10
13
999
10
8871
412
12931
251
363
27363
915
6
20
9211
28
29
840
25
1010
421
6903
596
322
25
2
1406
25
331
1047
336
3875
596
4269
596
421
25
29
1656
3125
0
22871
25
322
20
1255
915
302
35679
596
1735
29
1909
459
0
2628
0
289
1058
25
13
6
1972
5909
0
306
891
424
20
2628
1126
421
331
1047
840
3875
596
4269
596
421
25
29
1656
3125
0
22871
25
322
20
1255
915
302
31998
596
459
0
2628
0
289
1058
25
6702
25
20
3786
290
2540
12
1983
8439
30772
433
4738
8
2087
13
1457
8
1081
606
14
290
3875
596
4269
596
421
25
29
1656
1557
2443
20
3424
433
363
29
377
34562
20
1490
12
29
15926
20
3335
12
915
302
4617
596
459
0
2628
0
289
1058
25
20
1126
29
419
606
20
9811
2
7590
1081
606
14
290
3875
596
4269
596
421
25
29
1656
331
682
289
20
3424
29
289
2540
12
29
433
333
12
331
682
606
20
1255
29
6
1983
7415
29
20
3786
13
1457
8
1081
1800
840
1
3875
596
4269
596
421
25
29
1656
3125
0
462
25053
25
336
20
1255
433
363
915
331
289
11350
387
20
1126
29
462
2086
20
2628
289
20
3424
29
433
1487
6524
6903
596
322
25
290
3974
957
20
491
28
29
20
641
28
7726
14698
20
3424
29
6664
2358
20
3424
999
2469
596
1735
29
1909
29
7737
16
25
1111
462
5121
611
20
3045
290
10
915
1687
0
8112
12
2
52043
3
29
462
14802
24
306
21791
10
29
1033
5814
25
3805
5275
1182
223
3045
20
1050
4
29
20
1155
29
539
10
13
4539
3
20
1584
290
10
852
4
596
1735
29
1909
29
4799
25
985
20
1330
5553
306
20
3817
13
7643
4511
16
25
306
4511
16
25
27173
302
3797
289
20
2983
20
3817
743
20
1330
13
290
2219
20
584
13854
25
289
402
1557
1111
402
1557
13
419
290
25
29
840
25
29
2
25
29
6
25
13
419
20
402
306
20
787
29
290
363
6604
25
289
402
331
6604
25
13
11627
25
331
2219
25
29
290
2219
25
2219
302
402
1557
331
16008
596
7339
29
302
402
1557
19987
915
1112
25
363
302
25
22
24888
289
632
20
637
406
419
1100
7339
348
1841
1069
25
290
527
419
915
302
1919
965
25
290
527
348
25
1869
2
596
1735
29
1909
29
2
971
16
25
13
658
6
25
2
718
20
9434
12
7488
29
31702
20
3095
10229
11460
29
387
3628
290
3599
957
20
23062
12
29
6
387
3933
985
6025
20
1584
1406
25
1735
29
1909
1574
21744
345
331
4819
258
26
1574
21744
345
331
13920
26
1574
21744
345
20
2883
377
18210
26
1574
21744
345
20
2158
335
2382
26
13
363
18246
1008
25
306
20
2883
29
20
2158
29
20
22913
29
20
8139
406
20124
289
20
8139
29
419
35787
12
12007
12
20
4780
714
4934
289
2798
12
5331
10
336
20
5733
29
20
4511
29
20
16627
29
20
9507
29
2798
12
2715
6332
10
2
20
3515
20
916
12
290
20
1469
29
20
745
29
20
1486
29
20
6126
29
20
1950
29
539
10
714
336
331
1624
289
10
290
20
852
4
20
1731
12
290
20
2934
29
20
5706
29
20
2983
29
539
10
714
336
331
1624
289
10
290
20
852
4
20
30820
12
290
20
3474
29
20
13737
12
29
20
8249
29
20
6908
29
20
22970
29
20
24310
12
506
433
3805
23511
802
20
1310
1412
3045
8
25
290
35787
12
13
985
419
17965
199
4691
38969
29997
405
20
15985
6
3161
995
290
10
336
10255
20
15985
29
419
20
852
12
335
290
10
2065
16
405
20
53840
13
363
3262
4934
336
20
3503
12
13
2627
20
6064
29
1033
3723
20
12323
421
3
20
998
13
985
2934
290
10
1562
6461
24
29
1934
24
29
1309
545
3
13
4539
3
290
25
852
12
20
8198
6
596
1735
29
1909
322
20
13190
29
20
9772
840
3
29
302
25
1252
23132
630
3
462
4687
289
880
25
3125
0
29
985
2934
1761
16
3
289
641
20
681
13
4539
3
971
12
596
1735
29
1909
29
3714
16
25
6
1761
12
20
584
29
1033
3723
20
51317
28
30
1483
29
52782
29
331
2873
421
3
13
6
1972
2628
25
290
25
12319
20
2936
290
8410
16
25
29
15960
16
25
1720
15
3168
25
290
25
20
1546
289
686
25
29
302
25
348
13149
29
12828
20
3883
29
12247
2
331
23004
13
1963
8748
25
20
15960
12
29
5588
289
25
20
1175
12
29
1198
985
2934
1790
20
546
12
29
20
2158
29
6337
331
289
20
3424
13
363
790
17079
331
6976
290
25
6
302
424
363
1181
12
6
25
29
2150
6
402
459
2
971
5548
25
13
363
12430
29
363
13229
915
289
1058
4691
1457
1252
369
20
2115
23605
0
6
1179
4
919
5
6
19274
20
2115
554
302
38306
1179
4
919
5
29
1252
11195
8
2
713
25
10567
0
29
6
424
433
421
6903
596
322
25
1252
3613
16
6
55586
211
16
2131
28
23075
0
290
4472
8283
12
20
1058
13
20
4347
988
935
8
25
20
10111
306
718
20
559
25470
6
27046
1675
25
13
1033
20
17079
13
363
35856
289
25
29
290
462
1972
6
25
2628
331
289
20
3424
29
1252
289
3545
20
1326
4
1858
289
1406
25
3805
29
290
3
290
10758
840
1
583
985
1508
1526
290
606
1
433
24
6
801
8794
24
20
957
2635
433
15693
0
5497
801
2869
596
306
4318
3
29
20
4570
443
20
18011
335
22
9913
10
289
18011
20
2628
29
416
5781
363
658
20
17130
17130
0
583
3289
289
20
3424
402
331
2205
29
2102
290
25
20
17943
290
20
1809
29
26204
2
20
9353
322
20
3811
20
2436
20
4801
322
18011
20
2628
13
348
611
20
1255
1641
24
322
2628
6849
20
3424
6
1801
29
8561
25215
10
20
8926
306
4318
3
13
11132
16
421
3
15985
6891
20
3424
433
4269
596
421
25
29
1656
5641
302
20
12615
25004
26
306
4318
2042
8590
6
1008
24
336
20
31575
1126
5641
302
20
12615
25004
26
306
4318
2042
8590
6
1008
24
336
20
31575
1074
289
20
3177
12
29
6849
20
3424
290
3248
12
20
31575
29
402
331
3646
322
20
10588
29
462
5121
915
25314
20
12876
12
13
419
290
20
31575
29
8561
20
2628
952
12
491
10
302
658
20
3
25090
0
336
787
20
8453
2
3225
10
290
12255
10
29
387
5549
2444
25
8926
29
402
2
20
2224
6
11196
3
322
2628
6849
2288
596
1735
29
1909
13
363
3262
2526
3
306
13999
20
5372
26195
840
3
302
25
462
4235
290
2611
25
13
387
658
6183
25
11551
0
306
12255
20
8453
13
11963
27363
6
25
20
6849
29
6664
7212
12
6
20
8926
290
369
20382
0
6
713
387
20
26427
632
10
302
658
10805
0
6
7964
2934
25
2
20
6861
29
17005
421
25
29
6688
289
686
25
20
9299
6
25
2
2536
20
6040
6
20
9380
290
539
1361
840
25
2
12876
12
29
2486
12
13
387
736
4241
25
7719
25
322
302
34942
25
13
363
790
25
302
15191
2
4350
25
539
7719
25
13
2250
1008
25
6839
0
306
9380
25
13
348
17052
9172
306
414
29
4812
6
25
2811
290
20
6849
335
7749
9380
25
1079
421
25
8926
20
6861
1079
12
29
433
1562
15191
387
2
4350
1
29
419
1901
7719
15515
217
13
2627
302
424
13745
290
20
8926
9820
5467
228
290
25
29
40734
224
322
713
25
29
6
713
387
433
16
20
7509
12
348
20
957
6971
29
3974
24
2
20
957
20
14021
335
1251
421
10
611
20
1255
2
2536
20
6861
347
2
2536
1179
4
15706
12
9711
10
20
15295
26
6
20
9960
29
49989
10
840
3
13
1033
20
957
20
1872
377
419
20
1386
29
20
2486
12
25314
20
12876
12
13
1562
658
6971
0
29
419
11032
20
5506
29
387
20
6861
416
658
7339
0
13
658
6834
0
30
290
3377
289
20
25435
306
20
8233
20
2053
29
20
2011
13
348
2130
6
25
713
0
289
20
25363
302
25
20
3849
322
402
331
4680
306
3045
25
462
790
25
6861
25
290
302
10935
424
289
686
25
29
1252
6305
289
686
25
6
31625
336
1386
632
29
1091
29
6
1899
29
523
35890
336
1382
424
322
9473
25
6
19933
16
25
6861
25
2
20
7339
29
416
658
584
0
29
658
3800
0
6834
0
290
20
2628
29
20
1386
6
302
20
584
377
3729
20
3045
5138
25
6
25
12006
29
1326
4
29
6
25
3628
2560
29
9583
5762
29
10250
20
2869
306
20
2560
4531
290
20
1361
336
20
9583
20
5762
506
935
8
25
289
20
1529
407
20
957
20
2560
29
20
5762
289
1058
3069
20
14021
1091
10
302
658
613
0
306
8630
347
33170
0
2
8249
347
49745
289
20
3248
12
2
9721
289
20
4118
38896
13
348
424
804
4298
12
20
1950
29
36341
25
29
419
30
20
19723
306
20
9472
12
13
4531
5766
12
20
584
290
302
16446
289
25
29
419
6664
6971
6
20
1950
29
2
25
8561
20
611
26
29
4366
369
16
20
13737
4
5492
7520
0
506
369
16
6849
20
2288
5492
32706
0
29
4366
6643
322
20
1950
12624
20
4118
2163
12920
20
2811
289
25
13
20
1950
713
20
9472
12
29
20
13737
4
713
20
21993
29
6849
20
3424
713
20
947
335
45825
289
20
9472
12
29
20
902
12
6
20
1950
2
4475
245
12
20
13737
4
713
510
3242
20
10294
6
20
9472
12
29
6
424
433
4269
596
421
25
29
1656
985
4511
16
319
16
5
20
2696
29
20
3105
4973
290
10
7414
12
20
1741
29
985
780
24
20
681
2
20
2082
29
20
10470
322
20
9248
1893
24
3829
12
20
9695
1126
985
4511
16
319
16
5
20
2696
29
20
3105
4973
290
10
7414
12
20
1741
29
985
780
24
20
681
2
20
2082
1893
24
3829
12
20
9695
11403
25
1487
1983
20
4118
289
1058
20
681
2
20
2082
9863
0
290
1126
20
1621
413
24971
433
935
322
3675
596
4269
596
421
25
29
1656
433
20
5810
2253
1893
24
2628
20
3424
29
416
1037
596
1735
29
1909
20
11074
12
289
20
2628
29
20
8358
13
433
3805
19478
12
29
3065
6
402
459
21571
29
433
1735
29
1909
29
331
9467
915
290
33093
29
433
3805
2150
9467
491
24
20
28803
13
377
14823
13745
20
4118
306
6665
20
641
251
45647
220
290
3325
20
28803
29
6
424
363
27363
6
25
6891
20
1058
1604
10
302
658
416
6025
4472
0
2560
0
29
4638
302
25
363
2811
6
1179
4
20
3424
915
331
2345
25
20
906
322
1487
2809
29
6348
29
539
7
29
302
331
2456
424
4472
2
20
1548
29
302
290
13846
20
3424
2
1548
25
1093
22232
3844
25
290
20
2158
13
387
3800
0
290
20
8561
20
3459
12
29
22
27250
2811
20
4472
2
20
1548
289
20
1675
20
1604
29
302
424
363
21452
1406
421
6903
596
322
25
915
302
31998
596
459
0
2628
0
289
20
3424
29
302
25
1252
369
20
2811
419
20
2560
20
10369
6
331
7335
16
20
1255
289
25
20
1953
20
3941
29
419
302
5122
302
25
20
6325
2
402
2264
289
20
3424
13
348
2934
681
0
347
10470
0
971
302
25
20
21749
29
20
10304
29
348
2934
3601
0
347
29
1988
0
13
30
713
424
29
348
2934
5230
20
491
28
29
20
12323
957
302
20
7615
539
6325
29
2150
20
6325
6
1919
2
25
29
848
21126
290
24107
480
246
25
331
2795
840
25
13
331
290
939
12
289
20
3424
915
29
2757
10
6
3436
12
289
584
20
3675
4269
596
421
25
29
1656
29
319
16
25
29
6
424
433
3805
331
22643
2
25
4015
1
7726
4451
20
459
302
596
6688
4015
25
2
331
26329
25
421
25
290
3723
20
12323
29
4730
3
306
20
14099
29
7488
3
289
20
986
6
3041
1761
596
3805
29
1562
363
5122
387
29
20
3424
331
12166
306
3875
596
4269
596
421
25
29
1656
6
3875
596
560
12
406
419
6727
29
7344
29
2658
12
29
2066
6
20
687
28
29
6
424
681
596
3805
20
1315
12
2
2271
3047
12
20
1058
13
433
3805
29
28067
24
3047
12
596
421
14
29
331
12166
421
14
290
20
1058
29
20
970
12
44567
1006
2
25
29
433
1735
29
1909
1674
12166
8
840
14
1058
0
289
25
935
14
10887
0
19375
26
29
12166
8
840
1
20
935
6
3212
6
20
1255
331
5085
840
3
1198
8021
596
6
20
1255
5913
3
29
10001
24
5505
331
12166
840
14
290
919
14
387
39965
6
20
1255
29
7344
29
2658
12
6
4008
55342
26
387
994
6
20
1255
29
7344
29
21826
12
6
20
4525
28
29
985
5078
2
20
2264
630
20
1255
1093
5078
20
33253
13
387
20
5065
20
826
6325
13
331
6
25
29
6
6337
20
1255
7726
4451
302
25
20
6325
433
596
3805
29
24700
840
387
20
3424
6
24968
14
2
25
29
290
1130
433
534
413
10005
20
471
25510
290
1130
25
20
3424
13
30769
30
462
25
596
29
985
971
424
462
5653
981
12
20
3424
486
25
406
33897
25
506
7405
20
459
1058
13044
25
377
1528
25
840
25
6
20124
25
29
1912
2
18125
25
29
6
424
433
545
20
2746
387
20
3424
3848
57789
8
290
554
919
8
1735
29
1909
2
12081
25
18036
355
10
289
20
12874
4
29
10067
421
10
289
20
8256
4
29
25937
10
289
20
7565
4
29
20
16835
20
7279
4
29
369
4000
413
2696
1260
331
5585
20
3424
289
4318
14
1827
2057
20
3424
348
20
3424
3397
20
4940
506
302
20
12120
3397
20
1155
29
433
25692
12
462
54091
578
387
20
3424
915
968
2
1154
12
347
17943
433
3805
419
6727
29
2658
12
6
20
4940
28
29
363
2893
20
8842
28
915
2772
0
20
2586
20
4985
29
419
302
9690
1950
25
2
2506
916
12
2
1068
3429
20
3494
4
13
658
6
25
2
1068
402
2628
637
29
2211
18129
2
25
1950
25
290
20
4966
29
20
2936
29
20
7706
29
539
25
29
2885
408
16
1996
16
25
369
16
20
7120
12
3619
20
3723
306
1950
25
13
348
20
9871
3215
306
3494
4
20
3424
13
363
2627
935
20
15562
12
29
20
2658
12
915
33110
8
2
2500
18246
20
7465
322
3187
10
30
1406
25
1735
29
1909
29
348
5
6
18050
714
21368
424
2
952
12
2500
6
290
10755
29
3949
29
486
1191
0
714
40847
29
1406
25
3805
29
20
2471
348
20
1310
6
289
3834
915
801
3949
24
29
486
24
20
1191
4
29
28255
24
2
20
584
29
28255
24
2
20
4730
935
952
12
2500
29
527
10741
935
1037
0
785
0
13
433
3805
348
2658
12
596
1908
290
20
4108
28
13
20
8923
4956
20
402
29
3297
290
38103
20
3424
290
491
25
336
641
25
29
290
2628
424
13
4237
2
302
658
637
25
20
7120
12
29
20
4966
29
6
424
433
20
1195
29
596
331
1216
20
437
459
24703
20
3424
6094
2
25
915
3927
4966
25
29
1457
2756
25
29
3927
33847
252
25
29
1457
7212
25
29
3927
5168
25
29
4092
25
29
1457
16
3078
16
25
29
2
2992
16
25
29
433
18323
413
20
2855
1008
8
289
405
20
7423
29
20
27396
13
462
3194
3125
0
15612
6
20
4318
29
363
5492
33681
0
6
20
4966
290
2224
12
20
3424
29
7236
25
29
18003
25
13
4985
20
459
2
20
10185
12
302
13515
2
852
12
20
3494
12
20
5177
218
12
13
606
20
18744
29
10821
20
15562
12
2
20
2500
36412
290
34798
16
25
30
302
25
8708
7957
29
606
20
3375
29
3601
20
15562
12
46376
30
302
25
16750
9445
58119
29
606
935
596
29
7737
16
25
29
10461
25
14635
51484
7944
0
6
4799
25
29
12319
0
6
4511
16
25
29
606
935
20
15292
331
14953
306
596
1735
29
1909
30
935
3
6
596
1735
29
1909
3079
0
29
1242
12
27870
1965
25
29
15134
289
5762
25
13309
21036
2405
16
3
29
606
1790
20
546
12
30632
2
5762
25
7784
0
840
10
29
606
1790
20
2158
45662
52227
25
2936
0
290
10
29
2026
433
3875
596
4269
596
421
25
29
1656
6
1487
6524
10737
421
1126
302
25
433
6
1487
6524
10737
421
20
1126
1074
289
20
1675
554
25
433
13
4645
16
5509
12
20
1911
13
2026
1130
16
13
1562
985
11195
8
290
402
319
12
2
3231
29
11195
8
4361
306
1807
3231
0
1548
16
1357
5
25
36329
294
2
20
11303
13
433
848
1068
1
1100
29
387
6
302
2486
12
847
20
637
12
8104
16
1950
25
2
20
1178
12
29
1674
369
289
20
11357
28
290
1077
29555
0
421
25
606
3494
4
20
18744
29
290
3
290
5099
289
5647
20
3494
4
13
713
405
20
3723
4235
25
322
302
658
21018
209
0
289
2288
25
13
985
433
348
5
16568
348
12424
16
919
5
9433
437
3459
29
462
1972
11357
0
369
21018
209
0
29
985
433
421
1
15501
8
29
840
1
25074
8
29
840
1
20
3650
29
462
1972
637
25
20
15501
29
20
11074
12
369
21018
209
0
29
985
433
46812
6213
25906
306
331
43486
6574
55556
13
6
1972
637
25
20
4730
347
20
9579
12
421
25
583
3289
14226
12
20
10185
12
13
348
462
1972
2
405
20
852
4
29
462
7548
1950
25
407
405
20
637
4
369
3168
25
290
20
10185
12
942
12
20
4950
315
5868
20
12593
306
686
25
289
1406
25
3805
3068
12593
12
596
306
20
8842
28
29
289
1406
25
3805
8249
4329
0
606
596
302
2353
24
331
363
6286
26
29
289
1406
25
1735
29
1909
29
3
289
13149
12
1688
26
29
289
1406
25
13
20390
13187
4841
322
935
8
29
462
5575
915
20
913
12
20
4118
29
289
1406
25
3805
29
290
462
6845
13
5497
332
20
8842
26
336
539
424
290
20
3494
4
29
369
1004
0
289
2811
1406
25
1735
29
1909
29
290
3
6647
26
363
4086
26
20
1058
915
13164
2253
20
10185
12
20
2536
12
29
1406
25
1735
29
1909
29
30
3022
290
3494
12
289
20
1050
4
29
20
1155
4401
26
421
10
29
3
322
10
1688
26
6
302
20
3424
419
20
4691
6
847
20
3494
4
289
20
1050
4
29
20
1155
29
2885
2336
10
29
462
9690
2
10
369
1688
0
322
10
29
6
424
5781
348
290
462
1972
33170
0
2
5568
20
3424
13
985
6025
20
3424
44756
25
596
3805
4000
29
6
10240
29
2838
1688
322
5
571
322
1
30
17967
348
462
10305
840
29
3191
20
11941
985
6025
20
3424
29
8518
25
3191
290
12391
1058
20
880
289
402
437
333
4
29
416
1528
840
25
289
3841
12
1067
16
25
29
419
8727
2
7241
10
29
15454
306
981
12
1058
25
13
3631
25
1252
780
20
981
12
606
20
2054
12
6
369
5617
322
20
20389
29
4542
20
4329
29
6
424
433
1982
413
43909
348
5
6
1565
2
2224
12
20
3424
13
985
935
16
331
289
25
7120
16
20
4329
13
48583
336
20
31785
29
20
29839
29
20
1688
322
20
486
2
25
5117
2
1406
25
1735
29
1909
969
56516
1302
2456
3013
3
29
2332
24
2
25
3308
0
1890
0
13
31577
331
16580
26
29
6
424
433
3875
596
4269
596
421
25
29
1656
12010
276
24
20
3424
331
3002
3432
16
421
25
4318
14
29
2194
16
6
25
15168
14
13
985
7335
345
13
36449
10071
276
5518
29
289
545
10
13
985
7335
345
13
4008
24
322
25
1126
12010
276
24
20
3424
331
3002
3432
16
421
25
4318
14
29
2194
16
6
25
15168
14
13
985
7335
345
13
36449
10071
276
5518
29
289
545
10
13
985
7335
345
13
4008
24
322
25
7388
421
25
290
1126
52933
413
459
596
20
50115
209
289
20
7590
20
632
743
1406
25
29
2194
16
15168
14
433
596
3805
801
985
935
596
29
1909
16
4318
3
29
985
6320
16
421
3
3494
4
25
3139
16
3
3536
0
29
306
919
3
4602
41088
29
433
4269
596
421
25
29
1656
348
5505
20
1255
1965
0
2
20
3424
377
985
2934
16
25
7405
1548
16
302
25
8717
596
3805
1126
348
5505
20
1255
1965
0
2
20
3424
377
985
2934
16
25
7405
1548
16
302
25
8717
596
3805
6702
25
1487
6185
25
2
3912
4504
29
433
4269
596
421
25
29
1656
363
7057
20
3424
290
578
32569
3673
8717
596
1735
29
1909
1126
363
7057
20
3424
290
578
32569
3673
8717
596
3805
11403
25
883
459
596
20
2590
956
935
25
883
20
4657
20
23184
356
289
1058
15959
20
3424
13547
6
33681
405
20
3723
336
20
1950
29
20
486
2
25
29
915
13
20
22027
12
289
6777
20
4950
2
8453
25
5219
12
29
6
424
433
545
20
2224
6025
16
20
3424
306
989
848
714
8850
16
6
10737
632
0
18894
450
338
29
433
1968
16
20
3424
421
486
0
11942
13
27900
306
596
1735
29
1909
13
10775
2
2635
12527
217
29
2
2635
22587
389
29
2
387
369
4092
24792
1355
251
6903
596
322
3
289
20
3723
29
20
811
6759
4
3875
596
4269
596
421
25
29
1656
322
761
28
936
0
290
20
11679
12
462
6280
20
3424
290
3
915
1148
12
7335
289
1753
290
3
29
369
611
3
6280
20
5509
12
29
20
5509
16
28
29
369
377
6280
20
8740
12
29
20
25129
290
19754
3
1126
5099
3875
596
4269
596
421
25
29
1656
322
761
28
936
0
290
20
11679
12
462
6280
20
3424
290
3
915
1148
12
7335
289
1753
290
3
29
369
611
3
6280
20
5509
12
29
20
5509
16
28
29
369
377
6280
20
8740
12
29
20
25129
290
19754
3
1457
16
1406
25
5099
322
761
28
936
0
3631
25
3974
2
20
689
12
29
915
1093
2492
0
322
1983
5585
12
20
23183
302
25
433
2470
322
1569
12
936
29
952
12
761
936
0
290
20
11679
12
3673
11853
322
25
29
2934
290
25
4478
29
1033
290
2444
20
3424
306
1800
25
13
289
20
2223
28
290
1126
6238
433
1127
20
3424
306
1800
3875
596
4269
596
421
25
29
1656
952
12
402
3
290
20
3077
1983
413
10005
29
11076
413
2999
29
4045
29
883
4045
1457
16
29
290
883
4045
433
578
3813
16
5
29
3139
1487
1983
12959
12
30
20
6148
290
2540
12
20
1593
9772
0
29
883
20
52685
29
1725
413
3811
29
289
20
2223
28
290
1126
459
596
413
3606
6305
222
1526
20
3424
290
952
12
290
459
596
413
6524
29
2380
9353
1983
34278
29
11076
413
2999
29
1983
413
10005
29
11853
1487
20
54568
2
3912
25
336
972
433
369
20
6080
290
1859
3875
596
4269
596
421
25
29
1656
289
2065
405
20
319
12
290
6280
290
20
3424
20
5509
12
29
974
10
20
1126
29
3912
25
4504
29
6
20
28982
29
1195
25
290
1126
1983
21519
12
433
2449
3875
596
4269
596
421
25
29
1656
2449
0
29
3
5452
581
13
6305
225
3
13
6305
225
402
1486
331
315
25
290
20
3424
13
12970
306
1486
290
3532
3
11454
13
433
331
315
1
1827
11661
433
315
5
6354
29
6354
29
5509
12
20
8740
12
13
433
319
242
217
5509
12
20
8740
12
433
3047
433
11942
13
2838
598
3
20
1126
29
2026
1075
826
6
9352
20
3424
13
4478
336
1406
25
1735
29
1909
13
290
1912
32778
4583
12
1866
0
35159
29
290
1912
32778
4583
12
449
0
35159
1126
20
1486
377
1075
6
9352
13
4478
336
1406
25
3805
13
290
1912
32778
4583
12
1866
0
35159
29
290
1912
32778
4583
12
449
0
35159
13
433
14533
338
387
29
16440
13
433
20
3675
4269
596
421
25
29
1656
16440
20
1486
29
419
8272
6702
25
883
7415
29
20
3786
289
20
2073
29
1487
37273
29
20
2590
29
24652
25
290
1126
459
596
413
3606
433
8008
1486
3875
596
4269
596
421
25
29
1656
13
433
3122
55425
1827
3875
596
20
1126
29
289
25
13
10737
25
3875
596
4269
596
421
25
29
1656
985
19600
16
583
14210
290
10
13
433
20
1486
29
377
2449
1
2
20
584
363
16975
421
7
2280
0
714
3883
211
20
1486
13
433
3875
596
4269
596
421
25
29
1656
27500
20
2492
669
27500
20
2492
669
29
6
795
29
20
3786
289
20
2073
290
1126
1346
15695
12
360
20
36676
302
25
1242
20
1170
12
13
433
1068
5
363
56303
302
363
10154
539
10
433
4976
387
29
16440
13
433
4269
596
421
25
29
1656
16440
20
1486
29
419
8272
29
2150
20
2138
713
847
20
637
12
335
290
596
1735
29
1909
2
10
306
1950
20
4940
41407
2628
20
3494
12
13
1033
2536
942
12
20
4950
13
1890
20
5564
406
20
1584
2
20
4950
20
1688
322
20
486
4237
2
302
658
419
20
5149
2
1406
25
3805
29
290
20390
322
3065
13
348
6
25
4460
12
24132
0
29
616
426
25
437
20
1420
12
13387
29
26996
25
1735
29
1909
1198
2363
16
1
3494
4
8
13
3939
16
10
29
1198
20
437
12488
446
780
16
10
29
462
6615
840
10
29
462
35912
2
10
13
348
20
13845
289
20
681
5191
348
25
3939
20
681
29
10185
12
20
3424
584
10185
16
25
419
302
12458
289
25
20
4950
29
20
2983
29
20
1950
13
3168
20
4950
4913
20
8453
2
20
32353
29
3168
20
2983
4472
20
6849
29
3168
20
1950
20
48754
29
20
4985
2
20
16677
1976
29
20
5477
293
13
20
4950
57620
29
20
2983
13342
29
20
1950
32804
20
3070
20
6312
29
14892
2
25
302
3161
995
336
302
7057
20
2288
290
596
1735
29
1909
363
290
686
25
13
1326
4
20
2224
12
662
19823
10
302
5122
20
459
30
302
25
33897
25
306
596
1735
29
1909
10169
0
407
745
5
25
29
419
10517
840
25
29
11866
290
25
13
658
637
25
606
387
20
2120
20
2006
29
20
31213
29
20
31926
29
20
22123
20
632
12
302
3797
2
1950
25
30
302
596
1735
29
1909
6604
25
29
14296
25
2
46266
25
29
50730
25
2
31853
25
29
8923
25
13
3770
25
20
13309
29
20
13434
29
20
23193
29
20
2628
20
1091
12
302
2627
289
20
2288
20
19126
29
289
20
1179
4
20
852
4
13
363
4934
336
686
25
29
363
336
2224
16
25
29
363
336
7489
20
31853
2
25
290
527
348
25
7449
421
25
406
658
11551
20
3
306
20
19126
6839
20
1538
421
25
30
302
25
30817
2
2486
12
20
19126
322
539
25
29
405
1326
12
20
4891
28
29
331
554
25
1326
12
1859
20
4548
29
331
2568
322
387
13
419
1326
4
20
17673
28
29
322
20
1326
12
20
2087
7274
6366
413
534
20
3816
6903
596
322
25
433
29
596
1674
15565
596
1735
29
1909
6
3045
25
289
2288
25
29
523
3
363
25931
26
29
433
3800
0
29
416
37820
25
322
637
12
8557
16
25
289
20
3177
12
583
1077
29555
0
421
25
13
2026
1607
322
25
5781
6
25
289
424
13
433
331
3589
16
32601
20
3494
12
306
1950
5
583
2934
16
10
290
20
19126
3074
195
13
462
6196
3193
5
6
7898
12
971
16
25
13
289
713
405
20
1326
12
37707
20
14226
12
29
12509
12
20
33680
12
29
6
424
433
545
20
14828
15
16
10737
20
3424
13
363
6491
6
25
14226
12
583
10387
16
25
30
12168
10154
25
290
3875
596
4269
596
421
25
29
1656
54981
306
1859
25
714
1299
16
336
3770
2246
25
15
16
7931
218
25
30
12168
10154
25
290
13253
421
25
20
998
7039
25
306
3875
596
4269
596
421
25
29
1656
714
1075
596
2
1770
12
660
13
1412
1100
10154
25
290
20
19126
2
25
13
606
10
2211
16
6
25
12509
12
29
6665
0
363
47217
322
25
29
433
4173
29
34278
6903
596
322
7
1252
18881
16
20
4318
462
17060
290
2224
12
20
3424
29
2150
433
24
424
6
302
10
2
20
20542
12
4858
995
336
2486
12
20
19126
289
20
2288
29
6
424
433
3490
20
32874
59637
16
20
3424
761
28
501
12
29
14958
16
2
25
761
28
501
12
29
2
2486
12
20
19126
743
331
6408
25
658
20
459
33455
504
0
6
1406
25
1735
29
1909
13
435
24
336
596
29
6
1406
25
29
363
4175
24
315
596
4267
0
641
13
290
462
35159
289
402
1557
1093
2699
539
25
29
402
331
18445
840
25
20
459
2443
596
3805
3085
12544
25
3125
0
290
20
521
20
8447
406
20
4481
20
7045
302
363
2627
289
402
1557
915
596
1735
29
1909
20
3542
20
3005
209
29
14892
2
25
302
34671
290
724
25
29
10327
25
29
20
6267
4
336
686
25
407
20
3934
29
20
11066
12
13
985
4392
2
3494
4
20
3601
29
20
8921
6
20
1191
28
13
363
3797
686
25
606
424
406
3797
20
41694
28
29
20
2599
28
289
10
29
9199
474
336
302
9677
25
596
1735
29
1909
2
3
29
985
4392
3494
4
20
4329
29
5711
20
10003
12
29
20
13845
28
1331
306
686
25
674
29
971
302
25
20
7304
2936
0
29
41052
0
29
6
424
369
1487
972
6903
596
322
7
1260
10366
348
5
1591
31761
217
6
4298
5
29
30
7843
13
5781
6
25
387
20
4298
13
331
4350
20
4257
27824
0
1406
25
1735
29
1909
348
20
1310
6
1442
321
15292
29
5781
6
1982
1487
43909
985
6025
16
20
3424
2
2635
4996
13
433
2
2635
9735
1591
31761
596
1735
29
1909
290
7953
5
2131
28
333
12
13
985
2699
686
25
2
947
12
20
7953
289
20
2224
12
369
2140
16
25
804
2163
25
13
348
290
1331
20
414
289
20
2163
14109
2
25
289
20
2936
583
16936
25
20
2936
336
1326
12
660
289
20
2163
2456
10
29
290
1331
20
2163
289
20
414
2677
221
25
2
20
786
377
16310
25
336
1326
12
660
289
20
414
6550
988
419
289
25
29
2885
369
2486
0
686
25
2
1357
20
3934
2250
13824
0
2
686
25
13
985
25817
599
20
12544
336
686
25
29
462
8075
915
596
3805
289
2224
16
25
1386
6
25
964
20
31575
433
883
2279
20
24113
338
6903
596
322
25
3601
1487
9332
23
561
0
6
25
302
27632
606
25
13
23186
421
25
583
5726
20
3641
34562
5
25
5774
25
290
20
1803
13
433
6
25
3601
5664
302
1
41965
606
5
13
43490
16
13
433
5641
16326
5
315
1
331
7274
16
1
377
4446
338
322
1
348
5
6
331
19137
16
20
15232
12
1457
16
43554
554
302
4700
5434
4849
5
363
3949
331
2474
290
20
2793
13
2026
15
16
289
20
8060
290
20
10558
1299
16
336
13529
5873
289
10
2665
20
3757
290
20
546
12
13
331
3589
16
14362
840
10
583
1216
16
29
405
20
23062
4
363
846
915
414
20
3005
209
322
20
686
29
770
20
12544
840
10
29
336
7711
10
714
2876
405
20
23062
4
2
1068
3723
20
23062
13
527
24703
3494
4
20
7706
29
12990
306
637
25
20
43545
27363
6
25
947
12
20
546
12
12537
1161
2331
30
302
25
6604
10
6609
0
29
348
9524
421
25
20
2936
18081
246
2
20
2158
583
2627
2665
9433
10
29
424
6
302
2288
596
1735
29
1909
10202
306
20
3516
20
5393
29
20
2168
20
5272
474
29
20
9208
29
20
470
474
29
424
2
1068
14718
25
1111
290
10
20
2658
12
29
20
14109
29
20
7492
29
20
14832
13
2
1068
2486
12
20
1179
4
29
20
852
4
45152
289
3429
20
637
4
29
2
1068
402
637
12
290
10
6869
6
20
23062
12
2
681
10743
847
20
637
12
29
5791
10
1111
14953
302
658
637
12
20
11866
826
0
29
20
9380
916
0
1111
289
25
2288
11437
29
2288
22141
29
2288
7449
29
2288
40113
29
2288
8313
37712
363
32839
29
2288
7178
2111
907
363
21103
20
1675
20
1604
289
2628
20
3424
29
4472
25
2
20
1548
290
539
906
3631
1
2353
4511
16
20
681
956
2376
289
2628
6891
20
3424
29
331
27794
6
13244
20
4318
20
7772
12
290
6849
18682
16430
40961
424
29
416
433
4269
596
421
25
29
1656
290
13846
20
3424
2
1548
25
38969
6251
225
3844
25
290
20
2158
1126
290
13846
20
3424
2
1548
12
38969
6251
225
3844
25
290
20
2158
1074
289
20
1675
20
1091
290
20
957
29
322
387
37081
2057
20
957
2
2560
20
4472
306
2057
20
19519
290
20
13845
28
20
6695
28
336
20
19519
289
10965
1179
4
289
20
3424
306
1901
331
906
322
1487
2809
29
6337
20
19165
28
29
2489
24
336
302
25
4257
13
348
479
331
433
25
2057
20
4472
13
331
2811
2628
20
3424
2443
2444
4472
25
29
348
462
9973
424
13
331
2811
1406
25
4269
596
421
25
29
1656
290
13846
20
3424
2
1548
25
38969
6251
225
3844
25
290
20
2158
13
12545
302
290
4250
302
363
2811
6
20
3424
915
331
3603
25
2560
20
4472
13
419
12899
322
599
686
25
29
419
11134
289
20
16571
322
686
25
29
523
25
12841
289
20
970
6208
20
3045
1315
12
336
1326
16
25
335
443
599
25
29
1772
25
406
20
3243
29
20
2506
7643
306
302
289
6849
20
3424
16418
0
6
13244
20
2628
1126
20
3243
29
20
2506
20
7558
12
306
302
289
6849
20
3424
16418
0
6
13244
20
2628
1074
1406
421
289
20
1675
915
302
31998
596
459
0
2628
0
289
1058
25
433
421
6903
596
322
25
915
302
35679
596
459
0
2628
0
289
20
3424
13
348
462
1972
2443
20
3603
12
20
10369
12
13
331
424
20
2628
29
433
4269
596
421
25
29
1656
348
6
20
3424
1624
0
29
7710
0
29
22843
29
3219
0
1126
348
6
20
3424
1624
0
29
7710
0
29
22843
29
3219
0
1074
289
3069
20
14021
29
18625
3800
0
322
1487
6524
6839
0
421
25
29
419
290
2746
20
4472
13
331
2811
20
1624
29
20
7710
29
20
599
29
20
3219
29
433
421
4031
596
1112
25
1252
3613
16
6
55586
211
16
2131
28
23075
0
290
4472
8283
12
20
1058
13
331
8305
25
29
4472
2560
10
289
2303
12
20
15259
29
433
883
20
52685
363
24362
20
1486
583
2651
6
20
3424
29
1120
10
29
416
433
545
20
2746
6
402
3494
12
1148
26
936
2628
29
331
2084
290
2628
10
611
29
433
641
26
20
3424
32357
2131
12
29
2131
28
936
957
29
15082
957
1111
402
1179
12
957
714
19121
424
952
12
9492
1111
6
402
1179
12
2560
29
5762
1029
29
3219
29
13999
3875
596
4269
596
421
25
29
1656
9291
596
20
3520
20
6700
761
28
333
12
1126
10940
20
3675
4269
596
421
25
29
1656
20
46288
12
761
28
333
12
1074
289
20
1675
554
25
363
658
915
6
18003
25
5762
6849
10
29
915
13
3603
16
10
29
4472
10
2560
363
2795
713
25
336
10940
29
433
1487
6524
6903
596
322
25
290
3974
957
20
491
28
29
20
641
28
38969
5562
211
20
3424
29
424
363
2915
2
2536
4472
20
2560
29
2
20
3248
12
13
20
2358
402
10
1004
12
289
5814
596
1735
29
1909
29
7737
16
25
29
289
20
3424
4240
1069
25
29
5814
25
29
7737
16
25
29
405
20
2358
363
1181
12
6
10
29
289
20
3424
2321
12
336
24688
10
29
20
3770
4
289
20
14008
289
7071
25
7836
336
2628
20
3424
29
2536
2560
25
20
4472
363
3882
336
424
406
402
331
40349
289
25
306
20
10497
29
7335
289
25
20
46683
289
20
3674
4
29
20
6495
4
13
289
20
3424
840
25
4837
29
4785
4
421
25
12866
2057
20
2628
2
10623
10
52661
15444
2
424
3603
12
2560
25
29
4472
25
29
6
424
433
4269
596
421
25
29
1656
12010
276
24
20
3424
29
25002
24
23664
25
1126
12010
276
24
20
3424
29
25002
24
23664
25
6702
25
1487
1983
12959
12
289
20
6148
29
883
34134
20
29301
29
20
49399
289
20
839
290
1126
1983
21519
12
2
7590
2616
24
29
3912
25
4504
29
433
4269
596
421
25
29
1656
289
1126
421
4031
596
1112
25
29
377
2
2401
338
2
20
584
3675
0
4539
6577
219
319
16
5
322
2335
986
10
29
1581
16
10
306
1499
16
28
29
2131
28
1529
12
402
10
9717
12
33882
12
7917
26
336
20
2158
13
985
369
424
3771
14
2
1058
596
1735
29
1909
13
348
289
25
9669
290
369
554
14
29
9669
331
2281
414
14
29
970
331
407
14
290
11977
25
290
20
40912
12
29778
25
596
1735
29
1909
29
290
1615
5468
20
957
289
539
25
19113
25
596
1735
29
1909
29
419
9354
596
20
9326
29
2066
25
20
4691
29
35204
25
20
8456
22294
12
6
290
4495
2
25
29
6122
12
6
290
10001
25
363
37587
13
1585
29
363
48918
253
12706
1399
29
363
24950
5
15985
25
29
363
9357
25
3927
12
20
13999
1126
421
29
377
2
2401
338
2
20
584
13095
944
832
219
319
16
5
306
2335
986
10
29
1581
16
10
306
1499
16
28
29
2131
28
1529
12
402
10
9717
12
33882
12
4096
336
20
2158
13
985
369
424
3771
14
2
1058
596
13
348
289
25
9669
290
369
554
14
20
1126
2
2950
25
29
419
606
20
28982
743
935
26912
20
319
12
2
7590
3068
348
10
22
846
4239
12
33882
12
13
1457
16
331
20
2611
290
10
1827
3875
596
433
1058
596
289
25
9669
290
369
554
14
13
935
25
315
3429
29
433
3025
29
9968
25
3919
866
43635
29
289
1126
34278
6
331
7274
25
3875
596
4269
596
421
25
29
1656
2
20
3429
29
20
1529
12
414
25
433
13
1457
16
1827
3875
596
13
2635
18876
338
348
6555
16
424
13
433
3305
1058
596
29
28532
2
331
289
25
13
419
20
2611
290
424
433
13
3036
16
421
25
424
662
0
13
433
4269
596
421
25
29
1656
662
0
3305
1058
596
1735
29
1909
29
28532
2
331
289
25
13
289
25
20
6122
12
1126
34278
289
20
3429
29
20
1529
12
414
25
13
1457
16
331
18876
338
348
6555
16
424
433
3305
1058
596
29
28532
2
331
2
25
20
1126
6702
25
883
7415
29
20
3786
289
20
2073
29
289
25
3305
1058
596
29
10001
331
289
25
662
333
4
29
433
421
4031
596
1112
25
290
2628
20
3424
13846
2
25
3248
20
957
1010
2
25
336
302
20
3424
3882
336
24688
20
2358
402
10
29
433
1487
2809
6903
596
322
7
289
1406
25
3805
29
290
58550
20
970
12
1093
19886
1866
0
730
0
2253
20
2628
289
20
3424
29
433
1735
29
1909
52657
469
41715
195
2279
29
3395
5103
8
970
0
29
957
0
18822
331
41262
7
957
0
29
970
0
29
5498
331
11209
2
25
2279
2
20
28621
6
25
1577
20
2628
29
1968
25
1754
0
306
20
970
29
20
957
13
405
20
1687
7643
306
302
289
2628
6849
20
3424
874
0
4635
0
29
16418
0
2324
0
29
302
20
10369
290
2560
20
4472
682
11032
20
6450
289
25
13
1033
1406
25
4269
596
421
25
29
1656
290
13846
20
3424
2
1548
25
29
10470
25
322
25
1126
20
10470
322
4472
20
3424
2
20
1548
3025
4269
596
421
25
29
1656
29
1406
1983
4142
6903
596
322
25
446
1155
3923
338
29
446
5233
5854
338
985
1457
16
289
20
3424
2
1548
5
336
539
424
988
2855
289
20
3243
29
20
2506
289
20
10470
322
4472
20
3424
2
20
1548
13
363
11980
4475
302
658
20
5149
2
25
20
15259
306
20
906
29
20
9380
29
780
20
19585
29
20
3095
2
20
2628
347
20
5149
2
25
681
0
641
29
7339
1891
0
302
658
20
5149
2
25
302
363
8943
578
289
20
3424
915
2
331
7057
25
6
5038
578
10
302
25
10354
302
658
424
9380
0
290
3875
596
4269
596
421
25
29
1656
29
13155
0
840
25
29
424
988
363
14131
915
289
545
20
3424
13
1033
331
1260
25
1487
2809
29
1487
6524
290
2777
3
27173
302
363
5192
29
5191
419
4472
2
20
1548
6
302
3
462
7057
1302
290
3875
596
4269
596
421
25
29
1656
29
6354
539
3
290
20
11679
12
6903
596
322
3
29
20
632
302
20
11679
12
29
20
19165
28
7335
24
289
4472
545
20
3494
4
13
433
24
289
10
19432
916
12
363
790
20
1127
407
10
29
5647
630
10
290
3875
596
4269
596
421
25
29
1656
5813
29
1252
369
20
826
9380
0
6
1340
20
3701
13
3212
306
20
1891
302
402
19165
433
289
20
2811
2
331
1624
6
25
2
19585
25
583
433
24
289
20
8453
335
289
4773
20
5509
2131
12
19432
916
12
363
790
20
1127
407
10
13
5781
348
20
149
443
8453
290
20
3520
29
5781
348
20
936
596
29
20
4889
5393
29
20
33905
6700
29
5781
539
424
29
20
1127
407
20
402
539
2447
13
1562
658
20
402
9380
0
29
20
1091
302
25
4269
596
421
25
29
1656
1927
6
1487
2809
6903
596
322
25
29
433
10366
8037
289
20
986
29
957
25
20
10965
1126
35180
25
6
1487
2809
10366
8037
25
289
20
986
29
957
25
20
10965
1074
289
20
1675
20
632
290
20
957
13
348
369
20
10965
9380
0
30
20
13898
29
6954
0
713
25
13
331
2811
3941
25
2
424
29
20
1604
302
25
433
1735
29
1909
6
957
25
377
48186
5518
290
3
13
4202
6
2057
20
957
19585
0
29
1190
302
25
2456
20
5647
29
3248
12
331
906
8
25
290
20
2506
289
2628
20
3424
21452
387
20
5944
13
2569
302
10354
20
5647
289
20
10965
29
4810
6
402
826
302
48186
290
20
3424
2
971
2628
25
1029
2983
25
29
1033
20
10470
13
348
25
11086
306
578
1112
28
578
7
302
658
6
25
289
20
1557
1548
29
840
25
2109
290
2869
25
29
7711
25
9820
52244
20
3424
306
1342
1548
25
29
7711
25
29
25599
2514
306
4913
4347
25
29
1252
462
1972
6
25
424
20
1548
29
20
9721
6
369
363
15435
6
25
290
20
3424
424
20
2811
29
387
7144
12
658
315
20
957
30
377
14857
2
545
3494
4
20
3424
306
4913
12722
16
25
29
419
4086
302
25
682
20
5149
2
20
3494
12
424
29
523
14921
2
25
306
5645
25
29
7144
12
658
315
20
6908
29
523
985
369
16
20
3494
12
4025
12
13
9657
2628
25
336
20
1112
20
4466
35854
905
4347
25
29
11104
424
20
831
2
1548
25
29
7711
25
13
658
416
13846
2
1548
25
446
1548
25
419
377
1079
25
306
424
20
4472
29
5641
1548
25
6
331
369
3161
2776
606
25
424
20
1112
29
7144
12
416
658
6
25
4347
2223
13
4272
6
25
2909
0
290
20
3424
29
24289
421
25
988
4086
302
25
331
5117
2
25
30
290
4096
336
20
29839
2
20
365
26546
12706
9262
2
1406
25
4269
596
421
25
29
1656
41730
24
13
348
289
20
16024
3829
12
1126
41730
24
13
348
289
20
16024
3829
12
1074
289
20
1675
20
1091
290
20
957
29
11355
302
20
5149
2
25
20
41730
2
20
935
29
419
4086
302
20
5149
2
25
20
5648
29
30
377
4096
336
6348
12
20
1950
20
5806
13
1260
433
596
1735
29
1909
1111
2074
336
11702
348
25
19895
29
3882
336
1950
25
29
437
222
336
302
25
20
5149
2
11702
29
387
20
4629
416
10196
25
545
20
29440
289
20
9971
20
2223
12
2555
0
6
20
2288
29
21071
0
6
20
11866
29
419
6996
29
416
11645
25
20
15318
12
289
20
9971
20
6373
12
6
28379
20
1255
29
1617
16
3
336
7964
3
20
7339
58041
19318
20
3424
306
1342
1548
3
29
7964
3
306
1687
4086
26
1891
0
302
10
539
5149
12
2
25
13
405
20
3433
578
1112
5
20
1641
290
20
4472
2
20
1548
29
658
20
5149
2
20
1548
20
1548
20
6373
20
1940
6
20
9721
743
20
7356
20
2223
29
20
1548
5285
20
2223
29
20
6373
29
20
1940
6
20
9721
416
10619
1577
20
1548
29
20
1112
20
632
302
35890
336
4472
20
3424
2
2560
20
547
12
290
539
39788
2
20
5647
29
20
906
956
2347
2
23664
20
3424
29
331
289
25
290
20
10633
20
17653
12
29
20
38901
12
29
331
289
25
290
20
7295
29
20
9569
29
20
10452
633
29
20
1147
29
20
5292
13
290
462
6645
2
2560
20
4472
29
6548
336
19585
20
22172
2
2536
2628
20
547
12
3927
12872
25
29
1858
289
12307
12
290
8996
2
20
1548
13
20
906
29
20
5647
363
538
290
25
289
2560
20
4472
491
0
6
36535
2
25
17236
20
12872
714
414
424
10510
20
7236
29
20
19585
29
20
23664
335
363
7236
915
2
20
5647
730
12
29
1267
58058
224
336
3248
290
10
6
24289
2
10
306
5913
10
29
4086
302
25
363
4680
20
12309
2
2444
20
4472
20
2560
491
0
29
363
35856
289
20
1361
336
20
5762
554
13212
20
2560
29
290
10806
2628
6891
20
3424
29
462
6645
20
4472
20
2560
13
419
30
290
9525
20
5705
336
2065
20
1555
554
51486
12
20
1675
347
9525
2628
9971
20
6873
290
2288
3
29
419
363
6976
1430
12
20
780
13
348
2560
20
4472
2931
8666
1043
20
1430
12
335
363
538
290
10
6
20
2628
29
331
363
538
289
25
290
20
5647
3433
730
12
290
10
20
6375
2
20
9569
29
20
10452
633
30
1406
25
3805
29
5103
8
52782
20
10424
12
30340
12
13
4298
24
2
10
8305
25
3494
12
30340
12
13
4298
24
2777
3
2
1309
10
13
20
10517
336
2560
20
547
12
10006
302
20
5149
2
25
302
20
10424
12
369
16
30340
12
29
462
1768
19008
29
462
13887
302
3
2
2635
4298
24
539
3
347
2777
3
29
1406
25
3805
29
31151
24
289
4318
3
20
4735
2
4257
3
446
1490
20
4735
13
9569
20
1490
29
1406
25
1735
29
1909
985
10000
226
8514
389
2861
20
913
12
29
2861
20
27796
446
2861
9433
20
3574
29
2861
9433
20
12115
13
9569
20
9433
29
40426
20
3574
29
20
12115
2
935
20
913
12
29
20
2793
29
402
424
1812
289
16960
20
1430
12
29
1406
25
3805
29
20995
20
1977
12
335
15
8
289
10
29
20
23416
335
11964
8
289
10
446
2057
20
23416
13
20
2057
289
7
36860
20946
29
1406
25
1735
29
1909
7693
16
289
20
1050
4
29
20
1155
8305
25
8447
16
306
2057
20
1050
4
29
20
1155
29
20
1557
985
8447
7693
13
40426
20
7590
2
25
29
3096
289
3770
306
29
28864
211
20
2057
29
9569
29
1406
25
3805
29
4175
26
5548
14
302
14
23114
26
446
2271
5548
14
29
1406
25
1735
29
1909
29
12838
8
331
3601
16
8
306
13190
1
446
306
10765
12
13190
1
13
9569
10765
12
29
1406
25
3805
348
0
12166
8
25
289
1824
12
20
971
3974
20
3424
29
331
2376
6
25
935
29
433
1735
29
1909
583
18713
16
20
6971
3974
20
3160
29
331
2376
6
10
935
29
1406
25
3805
29
801
3469
24
290
743
25
6526
331
37107
3
915
39922
24285
195
336
596
21461
446
1260
26
331
37107
3
29
1406
25
1735
29
1909
13
1281
1807
20
4008
363
8708
26
24362
26
1126
0
331
4793
1
290
1195
12
13
290
596
29
331
4793
1
290
4012
12
13
290
686
1
8305
25
363
24362
26
1126
0
1260
26
331
4793
1
290
1195
12
13
290
596
13
348
462
5575
387
369
19933
0
6
1406
25
1457
402
290
606
596
29
2376
336
20
2628
290
25
7964
20
29146
12
29
290
10
20
10369
20
35992
30
1406
25
3805
29
6144
1468
28
446
6144
53958
276
998
306
2077
5758
446
306
6002
29
5781
8831
6
302
289
5372
1487
6524
998
306
36657
2311
29
290
10
20
8994
20
6656
6
1463
20
2288
289
20
2560
30
1406
25
1735
29
1909
29
331
6174
801
7917
26
290
743
596
6039
348
6174
26
915
20
5828
29
1406
25
1735
29
1909
433
20
10663
801
48840
211
24
290
4008
25
6
801
342
16811
24
6
290
3949
290
3
8305
25
801
48840
211
24
6
290
3949
290
801
342
16811
24
29
290
10
20
1754
29
20
2348
29
419
24462
12
20
12872
30
1406
25
1735
29
1909
29
5641
1179
12
2376
16
290
16206
6
369
16096
0
29
1003
6515
8305
25
5641
20
1179
12
29
1003
6515
6
369
16096
0
29
5641
25
6
369
5168
0
30
20
16096
29
1406
25
3805
6642
26
1
11627
1
1373
247
322
10
446
6642
26
1
322
10
11627
1
28368
2
10
29
1406
25
1735
29
1909
6
3
15562
12
29
5548
1913
506
6702
1
16206
290
1555
1
2
20
584
13
387
20
2288
539
5013
29
2150
419
3484
336
1406
25
20
778
1457
20
25207
6
596
29
20
3875
506
6702
1
16206
290
1555
1
2
20
584
446
13
2250
16
30886
20
22928
6
1
1111
2838
11437
2
2037
1
29
3
26553
26
13
8379
407
20
2288
20
681
2
20
11465
29
539
25
29
290
387
20
1293
1406
25
1735
29
1909
583
7402
24
2
596
1029
25
915
1406
1536
6
1983
25
20
3494
12
29
290
10
20
17653
29
419
20
7590
20
1509
407
3884
290
1179
12
347
5372
1033
20
1179
12
5275
31175
44294
29
20
10283
29
20
319
12
29
20
2108
29
21479
10
433
596
3805
1934
596
713
0
459
0
7462
0
363
5122
306
1557
3974
2
25
20
3940
12
988
5548
29
1406
25
1735
29
1909
29
1934
596
713
0
1486
28
578
7
46983
363
5122
306
1557
446
20
681
2
20
2664
29
20
15355
12
29
1406
25
1735
29
1909
13
348
10001
5664
13
363
33845
322
1557
3974
2
25
290
852
4
20
49059
12
29
419
20
2358
335
363
5145
20
2006
322
10
583
50592
2
10
20
7465
289
7557
20
4542
29
1406
25
1735
29
1909
319
3045
24
290
539
586
319
332
20
9056
26
446
290
539
9056
13
1963
25195
2
25
302
25
5553
306
302
25
363
9357
1557
915
290
1557
29
1033
20
10283
5275
54169
1735
29
1909
29
433
10283
25
387
331
1221
14607
8131
0
289
19164
402
15292
3974
2
25
20
880
20
8780
2
25
29
1406
25
3805
433
10283
25
919
8
331
1715
1870
16
25
29
523
369
3974
2
25
20
8926
29
1033
20
319
12
13
6116
306
2904
12
7204
20
319
12
20
1581
12
30
1406
25
3805
2211
421
25
319
12
290
20
1255
818
198
26
29
8796
20
12323
161
4859
217
322
319
12
534
4269
596
421
25
29
1656
29
1486
785
6
20
1866
40292
2
25
30
1406
25
3805
348
1536
369
319
12
769
210
0
6
596
29
20
319
12
20
986
30
1406
25
1735
29
1909
348
0
2211
8
6549
8
306
319
12
29
20
319
12
20
997
29
20
4770
30
1406
25
1735
29
1909
336
319
12
11381
12
29
1406
25
1735
29
1909
29
2366
420
414
319
12
29
20
319
12
20
968
12
5191
11661
1195
20
319
12
446
20
968
12
29
319
12
1486
7446
15742
363
21004
25
289
25
578
433
4269
596
421
25
29
1656
11279
4045
413
3606
413
7116
196
319
12
1029
25
1126
11279
4045
413
3606
413
7116
196
319
12
826
12
6702
25
20
3786
289
20
2073
290
1126
4045
413
14106
12
29
2469
3098
1983
4142
2
9968
28
1573
28
29
20
319
12
5191
405
319
12
4045
446
319
4045
29
20
2108
3800
0
2855
289
20
3424
306
8871
730
12
13
363
2589
304
2
4634
10
29
1198
416
3718
20
7840
199
289
20
8453
713
1406
25
1735
29
1909
160
14865
219
2
25
17471
0
22803
1582
2
25
1127
0
13
20
35982
20
1012
23579
12
322
20
43657
29
443
20
12372
4
446
2886
219
2
20
43657
17471
0
29
20
632
12
23579
12
322
20
39433
12
29
443
20
18866
4
7165
0
22803
1582
2
25
1127
0
1127
20
20203
26
13
22006
24
2
1127
3
29
1406
25
3805
13
12166
8
2
25
20
2883
2253
20
9372
13
6702
8
2
25
290
402
20
8583
4
2253
20
2883
29
5913
387
289
20
3424
363
16441
29
290
10
20
16728
289
20
994
30
1406
25
1735
29
1909
930
2490
377
12166
289
25
20
3424
1111
462
3499
2
25
302
25
1824
347
4371
29
2400
2
1406
25
1735
29
1909
348
0
12166
8
25
289
1824
12
1482
12
29
462
3499
2
25
446
1824
12
13
1624
2
1406
25
3805
348
0
12166
8
25
289
1824
12
20
971
29
1963
10006
289
20
2560
20
3429
407
405
20
3494
4
13
387
29
5913
25
988
363
12263
289
25
915
20
906
29
20
5647
13
20
3424
290
491
25
336
641
25
539
3403
322
387
20
4629
6
302
25
12166
2
1430
12
20
1223
13
369
25018
0
306
8863
2288
3
290
21078
29
30483
29
10452
633
29
9569
29
29986
29
1147
29
5292
6
658
424
26643
199
0
6
3
29
10008
0
289
584
3
13
402
290
8875
2
2628
2560
20
547
12
29
6548
336
4472
20
3424
29
462
746
1523
2
20
5647
29
20
906
289
405
20
1687
13
419
1004
13
1699
13846
20
3424
2
1548
25
713
302
6976
290
20
319
12
20
2811
20
1717
290
25
13
9657
2869
25
29
1548
25
840
25
13
985
2934
25
289
6568
641
1281
2
1548
25
336
331
2934
25
290
6716
42940
375
29
780
5128
20
906
289
730
6849
25
13
387
331
790
302
658
21749
0
322
25
743
20
7236
6
6891
20
6849
506
2376
13
985
1677
20
5647
2
5913
405
20
1687
957
2560
20
4472
29
419
3603
12
20
10633
29
363
13787
424
289
2628
4706
20
6849
29
5121
20
1529
407
4706
20
6849
29
2560
20
4472
2
3191
29
419
302
596
1735
29
1909
433
29
331
5610
16
1111
5610
16
29
523
596
16569
13
2560
25
4472
1726
29
1838
12
8305
25
7712
13
348
25
5305
6
20
5610
29
4335
6
25
29
7
33445
23
289
20
2560
331
462
6976
302
25
16569
290
1112
29
462
9448
290
1112
29
290
20
1112
377
462
9448
7664
25
596
1735
29
1909
29
1198
433
3805
4869
10402
24910
3
596
2
3855
14
13
985
369
24
332
20
3344
28
1562
658
596
6793
25
419
20
21857
29
348
369
596
3805
419
20
21857
2
6777
3855
3
13
331
2811
681
3
2
20
4649
13
1838
12
387
17448
290
2115
3459
290
2358
20
23062
4
363
24415
322
25
2560
20
4472
29
419
302
4086
1112
4395
20
5814
2
20
971
12
20
1853
12
29
6976
1112
4395
20
971
12
2
971
12
596
1735
29
1909
583
27794
414
11031
1687
730
12
7712
12
4375
1406
25
1735
29
1909
29
331
5610
16
1111
5610
16
29
523
596
16569
29
3631
20
972
1252
11701
289
8788
6891
387
20
2811
29
331
7541
2
1754
4
25
29
57540
25
6
27539
20
972
554
13579
630
57540
25
29
331
290
1179
12
290
20
3424
915
29
787
10
9046
194
336
713
424
29
2150
27794
6
20
8603
28
289
20
957
290
6891
25
2
971
15451
12
2358
3
29
8154
4318
3
29
3334
16120
3
306
20
18003
29
16141
3
6
20
891
29
658
6
402
826
599
289
20
6312
336
1326
12
1623
290
25
13
1033
20
13579
13
363
35856
289
25
29
1252
369
20
2115
23605
41393
196
29491
1976
10140
0
13
6891
1179
4
596
363
1181
12
6
10
13
38306
20
19786
554
302
38306
1179
4
596
1735
29
1909
13
290
387
20
1112
17997
20
3045
289
20
2628
414
20
4507
289
1996
12
2560
20
4472
29
2560
20
4472
363
24415
322
25
29
3191
25
2628
545
13244
20
4318
290
1406
25
4269
596
421
25
29
1656
289
25383
25
36792
2
3934
1
290
13361
1
29
36792
44603
52064
217
290
2236
16
1
29
36792
4361
290
1
363
40290
11665
421
1
2838
506
28233
16
306
686
1
1126
1406
25
4269
596
421
25
29
1656
289
25383
25
36792
2
3934
1
290
13361
1
29
36792
44603
52064
217
290
2236
16
1
20
1126
6702
25
1305
290
1126
8022
302
25
554
6
25
1765
1280
29
7812
13
2211
20
2163
289
20
25383
13
1008
336
20
852
4
13
58724
2
545
10
290
545
13
348
20
3934
29
20
13361
1790
23
714
3139
2163
25
13
46372
20
2163
20
491
289
25
13
24302
336
20
1069
13
433
36792
4361
290
1
714
3139
2163
25
2
331
22743
195
2
25
290
20
58724
12
306
5435
20
2163
13
37271
336
20
11665
13
8640
2
1406
25
363
40290
11665
421
1
714
957
302
424
5663
13
433
2838
506
28233
16
306
686
1
13
405
16286
6182
6
13244
20
4318
714
6
10
21791
2456
387
29
419
2628
2811
20
2163
29
3851
25
2
20
25383
29
2811
20
58724
12
290
852
12
2
852
12
29
290
25
2
25
29
6891
424
730
12
29
363
5553
4472
2560
421
25
29
682
20
7590
419
19933
0
6
2560
20
4472
406
419
3573
6
25
29
1361
336
6
1675
25
322
2560
25
13
387
331
23787
25
6
2628
20
6849
20
5762
12
363
331
21452
20
2560
29
596
7588
408
1058
5535
20
10185
12
29
20
1719
6
596
919
20
687
28
29
20
3177
12
29
20
998
306
534
9020
20
3675
28
29
306
402
459
2535
290
402
20
687
28
29
306
1000
534
29
7600
25
29
1656
54981
348
5523
596
3805
1058
20
34806
29
20
1617
4
29
596
20
26704
363
919
6408
25
48