1058
5535
20
2192
218
45
419
20
1058
20
1953
290
2413
20
1483
4
290
1528
6086
2358
20
986
4134
199
596
20
3520
20
6700
292
45
1719
6
596
377
1363
39965
46505
25
2
20
970
29
20
982
29
27572
3
3
6
2486
12
15985
3503
25
289
20
2234
29
20
2192
13
1216
24
11437
28
2
11686
20
971
20555
28
4318
3
322
20
43410
336
8907
4
20
5706
915
306
2333
20
1546
2
331
22297
289
12571
20
1008
29
11686
20
1538
13
48595
606
3
20
448
29
20
2115
29
20
3516
29
20
14297
29
20
538
29
20
2234
29
20
3177
12
306
534
1096
20
3027
29
306
7600
25
20
4329
246
28
6
2506
25
289
20
5568
29
20
1815
29
1656
730
0
1033
414
13
348
20
2192
4048
12
336
20
6204
322
1625
434
322
25
347
20
1361
336
2122
29
10267
289
25
29
20
2192
2192
23
2192
2
2560
20
13802
322
20
5770
29
20
1349
336
20
20550
29
20
37316
4
29
2192
2
1815
20
1950
322
6550
20
40051
28
336
31575
20
1050
4
29
4536
20
2192
28
20
2192
20
5762
13
348
20
10169
306
20
637
12
335
5150
421
10
41407
20
4313
12
20
15490
306
331
24957
25
2
20
6861
290
20
6549
29
20
9648
2325
1326
12
20
5663
29
37817
2
2153
12
20
3386
29
41994
2
16418
4004
546
12
1046
10
20
19148
4
29
20
1155
4298
12
20
2018
29
4569
20
4446
29
1674
4375
20
1856
29
462
493
289
8500
20
1255
8079
0
30
3386
20
2188
28
306
20
2309
915
302
387
20
2192
6
331
369
35721
25
289
6359
3031
462
746
7363
289
25
322
2909
29
24305
13
18676
7445
20
2333
29
1093
20
24305
29
20
2909
29
4888
12
20
19570
28
322
20
3168
20
12999
2
20
5160
20
18470
20
1890
37160
12992
25
13
12303
289
25
20
7549
29
16008
322
20
2984
28
8907
4
20
2777
29
20
31575
29
20
5364
29
840
25
1927
596
6793
25
2
1406
25
501
299
3
3494
4
8
289
20
5364
29
289
2777
3
29
26996
25
3805
29
289
20
1155
3494
4
6
20
41694
28
29
289
2777
14
10887
0
19478
26
29
306
20
23049
322
387
20
2192
1814
20
11475
2
1406
25
3805
29
348
14
6
4132
313
421
3
15961
28
29
2
20
1824
10887
0
19375
26
29
26996
25
6793
25
29
30
3022
290
3494
12
289
20
19148
4
29
20
1155
4401
26
421
10
29
3
322
10
1688
26
13
290
6298
6
25
387
20
2192
462
16396
289
1815
25
8907
0
289
546
12
1046
10
20
19148
4
29
20
1155
29
419
8087
2
20
13802
5770
289
20
1349
29
419
20
2192
377
363
15951
289
25
20
35516
29
20
2979
29
363
9466
289
25
20
16556
29
20
32802
406
3968
2
3927
12
20
5304
28
22928
25
29
17709
8583
4
25
29
5006
25
13
22928
25
1541
12
539
6996
12
29
8583
4
25
4828
12
539
9553
12
915
985
4812
6
20
5304
851
12
289
2192
25
29
1626
12
289
942
16
25
13
348
596
363
7553
331
2
4008
583
7553
24
331
2
2777
3
29
985
30521
24
2256
1098
596
4318
3
29
331
596
2
8314
6
20
3811
29
523
3
22184
26
2777
3
29
290
462
12881
6
20
7545
289
387
20
2686
29
20
57364
289
8907
4
387
20
15117
1963
6733
2
2560
13802
25
289
354
12
18093
12
13165
197
11381
12
932
21100
0
2
10
1537
12
6
20
4118
347
9739
12
6
20
641
12
13
348
369
5506
25
20
957
29
20
986
347
20
7479
12
6
20
5542
12
306
20
986
369
290
19570
5
2333
20
641
12
29
369
6
25
289
2192
25
2500
29
5535
348
15922
10
369
290
1668
20
4118
29
8796
20
8926
29
348
39633
421
10
462
5398
2192
25
322
5006
12205
25
2
1668
20
641
12
29
1267
9913
5535
25
29
2500
25
289
1675
28
348
5523
596
3805
20
1675
20
491
289
20
5535
290
491
20
5236
336
641
20
7412
29
289
857
12
20
2192
29
3436
16
25
29
289
25
2290
23
20
1675
20
632
956
363
538
6
20
5304
290
3305
25
290
5172
20
2192
29
4508
12
20
554
12
29
20
4601
20
1675
20
491
289
20
5535
290
491
20
5236
336
641
20
7412
29
289
857
12
20
2192
29
3436
16
25
29
289
25
2290
23
20
2290
20
491
289
5006
20
2192
29
1621
25
21556
16
25
12545
302
20
2192
1293
942
12
29
22560
12
29
289
25
5006
29
6
25
8858
4
506
935
8
25
289
1058
20
7600
12
29
20
4227
12
29
20
5006
20
18199
12
306
20
2192
363
10964
290
5732
347
891
13
348
20
5304
4475
302
658
6
25
11083
322
3770
25
29
5641
25
6
331
369
6
25
12912
10545
840
25
29
4475
302
658
6
25
12912
29
5506
29
20
1625
434
322
25
4475
681
6
25
27548
12
289
20
1687
20
17868
12
30
20
20309
29
20
9565
985
1624
2
850
347
2936
804
25
4239
12
347
6363
12
347
8763
1951
29
419
4475
359
506
935
8
25
347
560
30
290
7661
2
16967
12
289
850
12
13
12554
290
10
29
4475
681
6
25
27548
12
289
20
986
30
290
24996
289
850
25
2
3221
29
1281
29
8328
1801
11094
25
322
20
16141
6
596
13
4687
20
1819
12
29
20
19157
29
643
53407
20
511
12
29
20
3221
347
30
290
5229
336
12722
12
8678
0
347
336
925
12
486
363
6744
1476
16
25
13
4272
20
6726
290
25
29
1033
20
2122
13
419
4475
17868
30
20
1281
29
20
3221
347
2172
29
20
2172
4475
957
29
4475
486
29
20
957
4475
957
290
20
2358
20
2172
12
29
4475
957
2
5568
686
25
29
7737
16
25
306
2333
20
1944
12
29
4475
957
2
3494
4
20
1155
29
15985
10
30
2192
4466
20
2218
28
29
12953
25
289
7894
20
1155
29
20
486
4475
5058
12
29
4475
1199
12
29
20
5058
12
419
20
894
29
20
972
12
29
20
4461
29
20
1199
12
3800
0
290
20
2163
4
29
416
7661
2
10
1204
30
508
12
29
20
689
12
29
1555
20
3849
29
20
32496
13
348
20
7647
2
10
2163
12
29
416
7661
2
10
20
6526
29
20
2746
29
3
4475
12115
3810
12505
13099
3
29
4475
3574
9820
18541
2
2486
16
3
29
20814
290
20
1008
336
3723
3
565
12
20
2110
12
289
20
18837
2
3
13
405
443
4590
20
19190
29
4235
290
405
20
1636
12
4590
20
1636
20
491
20
2192
289
891
20
957
29
419
4475
2781
29
4475
31376
29
424
2
1068
1348
20
957
2781
0
347
31376
0
29
424
20
957
4475
957
2
1687
986
25
347
2
5568
25
289
686
25
347
2
3494
4
596
289
1155
25
29
416
433
4269
596
421
25
29
1656
290
2568
290
1555
25
289
891
20
957
13
419
289
2333
596
583
5901
1126
290
2568
290
1555
25
289
891
20
957
13
419
289
2333
596
583
5901
6702
25
20
28982
290
1126
6238
29
433
1195
3025
29
289
1210
641
290
7996
718
0
30313
289
25
957
0
3516
596
6
25
718
0
336
20
546
12
1126
290
7996
718
0
30313
289
25
957
0
20
1126
11403
25
1305
29
1074
289
20
957
29
369
1725
413
20
29458
10545
20
1114
289
891
20
1126
20
826
29
433
20
1593
1252
6733
1486
290
20
4530
336
3326
20
1699
289
1179
12
7643
223
306
7344
347
6536
25
322
16896
331
369
2192
25
7765
0
29
1975
3587
413
459
596
290
20
689
12
336
613
315
761
12
290
20
11679
12
13
3943
24
930
0
289
1126
1130
3
322
459
596
11737
20
9835
2474
2
25
322
3875
596
4269
596
421
25
29
1656
583
47110
25
1126
1975
3587
1487
459
596
290
20
689
12
336
2027
12
930
289
1126
1130
25
322
459
596
413
11737
6702
25
20
5186
289
1058
20
1975
12
2
9968
1195
29
462
2227
20
22436
29
433
20
9811
289
2223
25
1975
3587
413
459
596
2027
12
930
336
459
596
413
11737
289
1126
826
29
11403
25
795
915
302
25
433
336
20
4530
29
9968
25
1195
29
6
795
302
8618
8971
6512
336
1842
12
413
5036
336
613
289
1126
29
6
25
302
1842
12
413
5036
8008
1656
12
413
21593
29
419
598
613
289
1126
641
29
3395
7
13561
29
402
3879
289
20
957
9512
6
25
290
4770
20
11679
12
336
4770
8
387
462
2915
20
957
915
2
20
2192
29
6733
6
1003
25
29
1033
957
25
2
686
25
29
5568
25
13
424
3800
0
1185
13
348
718
20
641
12
363
790
3649
10
915
2
2555
20
3045
29
16358
25
29
290
363
9234
306
6891
5762
25
29
54625
222
258
7737
16
25
363
5122
306
6946
20
1950
290
10
29
2150
20
2192
419
377
13562
322
5568
20
1259
29
2
25
4235
596
20
5308
276
289
20
19148
4
29
20
1155
29
2150
18822
20
2192
2192
0
6
302
25
13562
322
20
5568
29
6
424
433
972
6903
596
322
25
6
377
8342
606
25
545
20
4872
1081
7600
16
25
289
20
2192
377
24289
2
25
306
15123
5568
25
13
433
363
13
433
331
18372
2275
25
29
369
3027
1260
1827
20573
20
2224
19808
24
41702
24
13
348
20
2883
985
1524
8130
29
985
2992
3770
25
289
6568
2631
29
2
20
3248
12
13
348
20
686
289
20
1349
315
36048
195
12
20
1801
363
3463
54625
222
258
5568
10
6
28476
10
2
331
7515
2869
10
290
20
9396
4
20
11919
12
13
985
1079
16
8463
37881
20
2192
29
2147
16
322
9396
4
10
20
6757
12
29
47683
16
2
27826
20
1819
12
19160
16
39030
2180
10
29
1814
20
3204
306
8500
10
13
790
20
17429
2
1620
10
29
416
935
8
289
1058
20
4227
12
5006
20
22560
12
29
20
2192
22560
12
315
1154
12
17429
29
3342
27826
29
1033
3494
4
596
289
1155
25
13
289
2486
16
10
5006
6
20
396
221
609
13
289
10
1891
21735
4
29
289
10
20
5445
29
20
26523
29
20
7244
29
2665
20
3885
29
20
5724
29
331
290
1557
290
10
915
29
419
3135
6
596
2
20
30589
12
29
14963
6
25
2
4950
13449
198
363
5121
25
915
290
3990
20
2934
29
419
3231
29
1033
20
33319
26
29
20
17673
26
29
20
932
378
26
2
12604
20
15333
290
3757
12
20
4118
13
348
3
363
25931
26
29
363
7057
26
6
302
3
322
20
2934
9100
26
29
322
3494
4
919
3
13824
26
4086
26
2560
0
290
20
913
12
20
4118
29
3
322
20
641
12
332
17673
26
29
331
5117
2
20
2934
20
2934
20
2560
13
348
20
4466
219
7289
14346
195
2
25
331
369
24
9100
28
322
25
29
2150
5117
2
25
20
2934
20
5762
29
363
5121
2
20
2934
20
2560
915
20
2839
29
2562
20
1310
289
25
6337
20
3885
4
13
1033
20
2934
20
5762
13
5121
2
25
4950
20
637
377
419
9051
2456
9051
20
2405
6219
1406
20
1856
4695
12
6
2288
20
40278
29
20
8219
433
20
4213
6
20
40278
462
22625
338
13
433
465
290
20544
338
29
462
58172
209
29
28369
20
4297
377
29
28369
29
331
290
4583
12
289
20
19148
4
29
20
1155
915
29
6
10
2665
3135
4
6
596
3805
2
20
30589
12
443
4481
10
29
2665
3135
4
6
6064
10
2
20
43226
443
31785
10
29
523
363
24362
26
31785
10
6
302
3
462
10545
24
290
12426
2934
20
2560
336
4004
2934
20
5762
29
290
39769
12
4950
20
2405
336
26454
12
4950
20
637
29
1252
971
402
8023
306
713
387
20
1815
6
331
369
2279
421
25
20
998
2961
0
2
2628
562
20
11721
29
2026
369
2911
421
25
20
998
2961
0
2
5647
2288
596
3805
377
1166
20883
25
322
6610
12
20
8453
29
20
2839
29
290
10545
6
10935
222
405
20
2232
4
290
20
20545
20
6022
12
2
20
2951
20
9022
12
306
2657
4
20
31450
4
462
11323
2192
25
2
20
13802
406
10935
289
6568
29
21997
1950
25
6
20
7720
2
5647
10487
4
20
31785
4
290
33253
20
4583
4
13
1281
25
29
6
20
4381
289
20
37316
4
29
6
25
4049
12
289
31575
20
19148
4
13
20
3160
29
20
4690
29
20
3052
2
681
25
25541
4
29
443
336
23625
3325
20
39965
5304
4
289
20
930
29
20
501
12
333
4
406
443
32912
12
289
20
942
12
306
3900
20
4601
13
290
20
23664
302
745
9168
289
20
12953
2
33253
20
4679
290
681
16
20
10005
12
302
29514
2
25
29
290
20
23664
302
23806
289
56824
20
1155
290
23806
2
25
11886
20
5233
714
331
4838
20
5304
41537
0
336
302
25931
687
20
880
29
20
2232
12
2
20
5706
20
2560
13
419
414
289
20
1770
20
491
290
2964
20
6337
28
336
596
29
20
5304
28
336
2234
16
25
29
30
302
25
37275
306
1675
20
1349
462
23846
2
25
20
2027
336
16418
20
4004
29
363
804
6
2950
20
3770
289
387
20
1770
915
20
10799
29
20
5663
29
6
424
433
545
13244
20
4318
348
20
1255
6
1260
313
20591
24
7978
14
583
19478
24
29
1412
3871
33558
24
7978
14
583
19478
24
29
402
826
290
20
1406
28
584
915
302
20
491
1210
322
20
1770
20
491
20
1908
290
20
1349
29
20
632
1210
3269
414
25
290
20
2964
20
1758
12
322
20
1349
335
363
2166
252
10
915
2976
2
686
25
29
20
51486
840
10
1963
55424
289
10
501
28
29
1963
4518
20
3667
2
745
25
2720
2263
223
336
1846
20
2333
29
20
19987
26
289
335
25
332
20
611
26
290
4792
405
20
718
29
523
20
6155
26
25314
20
3667
2352
24
2
20
6665
29
20
880
20
2938
29
3
801
2376
16
6
3
290
596
20
6010
29
1841
387
20
880
2
880
20
4118
13
348
25
3387
2
20
837
12
336
3927
12
20
3045
1643
25
29
2885
4511
20
2122
1457
20
1045
714
377
35977
611
290
377
3233
29
363
16187
6
891
20
880
20
8023
20
13186
6
3459
20
2130
29
2950
20
4456
29
985
369
16
20
5232
2247
0
4456
16
289
5149
10
20
8869
29
331
12541
596
20
1735
29
20
880
289
20
986
29
20
4118
915
289
7100
20
2130
29
416
4453
20
13186
20
10799
29
20
5663
1577
20
4683
29
20
2721
506
5781
3489
20
29980
302
20
10799
4683
29
847
24959
12
20
2869
20
31562
13
387
970
20
2192
20
2560
985
5117
2
25
20
2192
20
5762
2
12769
12
3494
4
596
289
20
1155
18227
14505
242
336
20
4347
377
15
8
20757
25
29
52614
219
20
1636
20
632
29
419
302
10545
6
1003
20
5058
12
4475
16033
347
4461
29
416
935
8
1621
424
29
5535
25
29
811
25
20
2560
12
29
20
5762
12
289
1058
6891
20
894
29
3618
289
3248
16
25
1199
12
13099
20
12323
421
3
20
998
29
1199
12
13099
20
11679
12
29
20
1187
28
29
6337
20
2746
29
20
6526
29
402
290
44276
217
2
2486
16
25
289
913
16
25
44276
217
2
1199
16
25
414
2459
16
25
29
4680
3291
20
9407
6
387
20
4347
29
363
4531
290
387
1406
25
4269
596
421
25
29
1656
363
17624
20
1259
915
336
662
12
4679
2574
5
387
29
20
2574
20
5680
29
20
2574
20
3326
1126
38358
228
20
9407
915
336
662
12
4679
866
43635
1074
289
20
894
6
302
424
289
20
4679
13
348
10
19980
12
414
405
20
4679
29
915
13
363
1529
407
1199
12
13099
20
12323
29
20
6526
29
20
2746
289
2335
20
1621
29
348
369
32474
289
20
1326
4
10148
0
3459
0
2
1068
3429
1326
4
3
606
596
29
2
20
3248
12
1199
12
20
3574
1012
290
1199
12
20
20083
4
29
20
3436
12
290
1199
12
20
3574
891
3829
12
20
8060
29
3829
12
20
1008
840
3
13
348
20
1008
336
5038
20
2746
29
20
7753
307
5058
12
29
289
25
3800
0
942
12
6
20
2110
12
289
20
18837
2
3
29
20
11343
2
5568
3
29
5535
3
387
2443
331
3615
290
20
5006
20
1595
12
20
21541
12
290
9194
3
29
5814
3
1562
29
2536
1199
12
20
2096
289
596
289
25
1621
506
935
8
25
289
1058
20
7600
12
29
289
20
15603
12
964
952
12
17732
1319
561
0
289
596
29
1033
20
5021
13
363
2811
6
1199
16
10
2443
20
4679
20
662
12
29
2443
20
32496
6
20
7647
2
10
13
20
1126
2560
289
302
25
363
17624
20
9407
6
891
3829
12
20
5021
915
336
20
4679
20
662
12
29
416
935
8
15959
20
1893
28
289
1058
20
894
29
1555
20
3849
3800
0
6
25
1621
594
2568
1487
972
290
20
689
12
16031
0
1555
20
3849
583
4269
289
25
20
12874
4
20
1240
714
8518
1168
195
290
20
1803
336
20
689
12
29
416
4738
2279
421
25
20
998
919
25
1735
29
1909
302
290
5078
387
20
2574
363
2253
25
915
20
3177
12
289
25
302
363
3000
1008
1
322
25
331
4838
2938
0
289
25
583
4235
290
25
29
302
3716
25
290
17031
25
30
437
3079
16
25
319
25
13
11270
25
596
424
20
1636
20
1091
302
658
20
2192
6
20
5732
290
804
22944
6
20
986
29
424
3800
0
1195
13
20
6726
988
363
24243
290
16835
20
12323
29
20
9772
28
29
988
1166
20
5732
290
25
20
925
12
29
20
3221
29
3927
12
20
36149
29
20
1801
13
348
402
424
40646
4925
20
1950
29
20
986
363
697
915
2
1950
7656
322
539
596
13
348
462
697
4925
25
13
363
11619
302
16254
2
20
986
29
363
11619
4925
20
1950
289
20
4118
322
1185
4
20
4118
29
20
1265
4
20
3368
12
29
523
11619
4230
10
29
6966
196
10
29
416
6122
20
47413
313
29
25042
20
15805
26
29
20
1719
6
596
377
462
9707
20
6122
12
2
20
4925
20
3306
322
630
20
28749
29
20
7249
406
554
20
47413
2
1621
25
29
3357
25
2
511
12
2658
16
25
29
20
47413
419
377
682
16
20
4118
1157
3
25
29
424
363
37738
289
20
1349
6
290
14233
3221
25
29
3927
16
36149
25
13
363
697
6325
25
915
2
20
1819
12
29
20
19157
29
1891
20
36149
335
363
538
322
10
583
50295
686
25
354
12
18093
12
714
1963
43395
596
2
8967
16
25
13
12521
421
25
2
331
18314
2
25
7437
25
29
12714
2
25
1950
25
12706
329
606
25
20
2234
29
20
2192
29
52053
606
25
965
20
1801
29
20
36149
29
770
10
13
363
22235
25
1557
290
10
3269
419
2
4088
25
290
935
596
29
424
988
24058
965
25
762
0
406
20
3215
306
20
4318
20
2861
29
20
5663
322
20
8328
6
20
3045
29
20
9056
29
2150
10571
2
405
20
565
12
20
12323
29
20
6526
29
20
1361
840
10
2
20
4465
2168
29
348
369
6
20
7356
29
20
4465
289
10
4705
3800
0
29
3191
10148
20
565
12
20
5762
12
289
25
30
10148
20
565
12
20
2560
12
289
20
1121
13
919
1486
1691
4466
333
12
2443
2168
20
7500
1290
20
2042
12
10777
2
1079
331
29
5945
25
936
21870
713
0
13
1252
3974
20
4504
20
3288
302
8893
6194
16
25
2
2051
12
20
1079
29
20
16728
289
25
1890
0
1890
0
462
5122
421
25
29
523
20
2051
12
29
20
2862
2893
289
565
16
25
1154
12
331
29
348
369
424
363
2640
25
1326
16
25
13
363
3933
302
5022
20
2862
606
20
7686
322
20
6194
12
20
2087
13
348
424
2303
12
20
6908
29
1181
12
20
16998
29
416
369
290
1483
12
20
5210
6903
596
322
3
7988
12
20
1349
34798
12
290
20
4239
29
433
13060
20
5303
387
4770
3467
363
6094
289
25
306
20
26358
13
1562
306
20
1333
450
28
387
4770
1486
7051
290
850
336
850
4366
2219
289
6568
2078
336
539
25
29
433
883
6665
1548
16
13060
20
5303
29
416
5132
1457
16
25
2
745
25
29
782
30554
25
306
1624
25
13
1457
16
336
3022
1827
8618
459
596
433
2
43741
322
1977
12
289
10
5172
5117
302
3096
2
10
13
1457
16
6
25
29
6286
387
433
3047
985
1130
1
302
1977
12
289
10
5172
13
19975
2
10
13
348
25
13182
6
986
1
29
1455
6
40811
29
387
5732
290
8763
20
1951
29
369
1607
20
3793
209
1260
6
20
7509
12
985
2568
20
6187
1093
2568
34150
29
55855
16
20
5605
29
8130
20
31159
13
5979
24
29
416
369
20
15014
363
4824
2
850
611
290
952
28
437
0
29
369
290
20
22679
28
29
2627
20
1567
12
2185
0
306
20
1801
951
227
0
289
20
15501
29
22
2281
6891
20
2185
306
20
1801
289
1058
20
15501
348
5523
596
3805
20
1636
20
1604
20
2192
5732
0
988
50028
289
20
13802
30
20
20309
347
289
20
1281
30
8763
20
1951
347
331
2931
17143
25
29
363
5520
289
424
406
1963
1166
20
6726
289
545
20
17236
29
1963
40961
289
545
2
1068
7612
331
8938
421
25
290
20
5006
29
4117
5880
25
29
523
22592
290
25
20
20309
13
363
3933
302
4156
290
25
6
7884
20
10470
289
25
433
4083
12
413
4045
433
3875
596
4269
596
421
25
29
1656
348
387
20
13502
347
20
38471
1017
224
10396
2
25
545
20
1440
554
14
714
2084
414
289
20
1155
290
25
1126
4083
12
413
4045
348
387
20
13502
347
20
38471
1017
224
10396
2
25
545
20
1440
554
57355
750
43635
7388
421
25
29
20
7590
6
1305
29
433
16
8022
6903
596
322
10
433
3875
596
4269
596
421
25
29
1656
348
13823
319
16
5
2
20
4611
29
20
20309
13
1457
16
387
20
4611
416
2219
8
25
13
331
20
20309
433
1803
12
30
650
12
20
23075
4822
3
289
38859
3
20
1305
20
5351
290
25
3231
29
20
2938
421
25
20
17777
30
20
13714
289
2333
596
29
20
2933
290
25
30
20
2933
290
20
10828
1126
8022
348
13823
319
16
5
2
20
4611
29
20
20309
866
43635
11403
25
795
29
1487
459
20
448
289
20
5054
2
9968
1573
29
322
56191
322
319
4280
433
16
9200
3875
596
4269
596
421
25
29
1656
545
1859
25
363
32448
2
596
3125
0
29
348
10396
16
347
5822
16
29
54209
29
20
7286
29
348
681
389
302
3716
290
402
1557
419
6
1
13
19894
290
25
29
363
7202
20
3177
12
4844
0
13
348
290
780
20
3177
12
4844
0
1093
27741
16
5711
12
596
290
25
29
26337
29
20
12110
13
348
10
7511
402
449
29
26337
29
20
22182
12
13
348
10
42103
245
596
29
363
3183
290
20
10828
29
348
4793
20
1255
20234
219
29
2838
289
3
13
20633
289
3
11701
290
2950
1
306
2057
1555
1
29
363
5905
10003
1
322
3
18101
3
2
596
1126
319
4280
9200
3875
596
4269
596
421
25
29
1656
545
2057
25
363
32448
2
596
3125
0
29
348
5822
16
2
20
2158
6702
25
20
49399
29
433
289
25
3174
13
405
20
7423
7643
306
302
20
6726
290
20
20309
21749
322
25
29
1198
20
7355
421
25
29
22
2281
4240
424
289
1058
20
15501
13
405
4590
20
19190
29
416
2568
290
25
302
20
2192
14927
336
30820
29
336
1834
29
336
17338
29
20
30820
14927
336
5680
50057
5755
198
20
459
29
2192
20
23035
29
336
16010
25
30
20
2037
290
850
20
20309
29
20
1834
14927
336
2781
30
20
894
29
891
20
957
377
419
11767
12
306
402
1305
29
336
4520
840
25
30
1199
12
20
2746
29
1199
12
2486
3
29
290
405
20
1801
36840
20
857
12
289
20
2192
13
348
2811
20
857
12
20
8558
6
20
804
20
18199
29
20
1224
494
6
4210
12
20
3362
12
29
6
1768
857
16
25
20
641
12
289
630
19190
25
29
424
2560
289
20
2781
29
20
4520
29
5813
289
20
19299
29
20
7698
29
1033
20
17338
13
7224
25
336
20
857
12
13
2885
369
5078
25
2
891
20
1281
713
0
20
42359
322
20
2006
29
1610
12
7068
20
25313
12
306
20
2057
29
20
13412
29
20
12400
2
331
6030
322
2213
20
1265
12
2250
387
20
17338
2
405
20
857
12
290
811
20
641
12
29
1252
2568
336
20
894
29
18199
25
20
28104
29
20
2934
12
6
2568
322
1348
25
290
811
20
641
12
6
1406
25
4269
596
421
25
29
1656
2150
20
811
2
20
857
4
1126
20
811
2
20
857
4
7388
421
25
290
1126
972
29
416
1074
13
1406
25
4269
596
421
25
29
1656
20
811
2
20
857
4
359
289
20
2781
4
29
20
4520
4
29
20
17338
4
743
20
7698
4
13
348
20
857
12
363
5049
289
3225
10
322
1348
10
290
20
7698
4
29
416
433
545
20
5210
348
596
3805
416
29
402
2
20
5304
28
13030
12
4934
26
336
9971
3
13
4617
402
826
306
971
857
16
25
13
290
369
16
857
16
25
20
4118
6361
290
10
29
3386
290
641
16
25
9492
25
29
1529
421
25
3
25
29
3927
2
20
2269
29
20
2110
12
4092
25
29
290
369
16
857
16
25
20
641
12
6361
290
20
12876
12
29
20
970
12
29
20
18428
12
29
1363
6
25
290
20
4162
12
29
20
982
12
2
971
857
16
25
29
1127
6
25
3
25
29
571
16
6
25
20
13030
12
29
38285
16
6
25
29
1033
20
1008
289
302
20
2192
419
20
1243
347
20
1567
12
13
424
22010
20
1008
289
302
20
1243
419
20
4227
12
347
20
22560
12
29
416
935
15561
25
289
1058
20
4227
12
13
4539
3
387
290
25
13
348
20
2192
1293
22560
12
315
1154
12
4456
29
13650
12
7786
20
3
29
13656
20
1950
289
584
20
611
28
29
20
1243
289
387
331
419
20
432
313
306
20
986
29
1181
12
8583
12
20
986
289
20
4118
6057
1996
12
596
3805
29
6057
20
6238
2
935
596
3805
29
20
6238
2915
2
5074
20
935
29
20
1996
12
4712
2
5074
20
1538
29
290
462
9352
718
20
1538
29
20
935
462
4166
290
7
29
20
2192
419
20
2619
306
20
3305
289
20
5855
29
20
1567
12
443
20
2619
12
306
20
486
2
20
957
289
20
2208
29
1033
20
2047
12
289
20
1155
306
20
5074
13
290
20
22944
4
6
20
1950
915
289
584
20
14028
13
348
20
5304
29
1281
25
6
306
2708
915
331
1274
247
596
13
363
3262
20
5304
8727
20
1950
7144
12
2
20
2936
306
686
25
29
1281
25
29
7144
12
2
7988
12
331
936
25
29
7830
25
289
1567
16
25
29
348
462
1972
315
25
1281
10971
421
25
13
363
11980
322
20
13131
29
20
16821
336
20
3045
13
7144
12
13615
1950
25
2
804
20
2719
29
7144
12
20405
2
38098
1801
20
13131
714
20
4092
2
20
8920
29
20
19858
22944
6
630
20
3723
13
363
3933
302
10545
20
17130
915
289
891
957
347
2486
12
989
37383
2
25
289
1815
16
25
29
28902
301
20
2110
12
289
20
1866
290
2486
16
25
13
348
14979
2
686
25
29
9421
609
29
22310
6
25
718
20
1538
347
20
486
13
20
14548
1012
2
25
915
302
611
26680
12
405
20
432
1729
6
331
943
16
30737
3
322
50671
20
2710
29
3918
20
811
29
462
2915
6
3
6238
2
596
3805
29
2
935
25
289
20
8256
12
29
369
24
2
2992
28
539
3393
28
29
363
8727
28
416
936
24
20
4574
12
29
1064
483
24
20
486
29
49031
2033
24
718
20
4465
29
19480
294
24
831
20
2006
29
20
33947
12
29
2871
305
24
20
7647
4
20
6102
12
6
3
289
20
918
29
16791
403
24
20
797
20
25812
28
6
20
1420
2
797
12
20
4008
29
40369
24
6060
3
29
6686
3
290
527
462
1972
5078
3
290
20
797
12
915
20
28104
29
20
2934
12
29
2730
20
12230
29
14598
20
2128
2
718
20
2006
32072
0
2
3927
12
20
8796
13
462
1972
6
3
289
20
12494
375
4
970
10424
226
29
363
14564
6
20
17130
413
8456
29
363
4297
421
3
1422
13
6202
24
20
59135
4
29
3469
24
289
20
12494
375
4
8907
4
29
1963
24957
24
10633
0
23829
12
290
2057
20
24201
4
49356
313
336
2777
3
29
416
7732
24
2
20
4008
289
7408
16
3
29
289
2047
16
3
29
289
7590
3
29
2556
16
3
29
289
5535
2560
12
290
1815
16
3
13
10006
26
2
2777
3
1866
0
29
10579
26
302
3
10274
26
3503
0
29
3377
26
302
402
5055
4132
12
29
25195
26
302
20
783
12
289
20
2560
19881
20
2193
12
289
20
4706
29
25896
13
331
48443
16572
12
290
363
8348
407
20
26437
29
20
9963
13
1807
26027
596
13
348
596
3805
45621
20
2001
20
7656
29
462
2526
3
306
20
2047
12
915
20
960
29
20
4925
915
290
6733
16033
347
972
12
289
539
28104
29
363
2934
12
347
6733
6
2486
12
989
40292
2
25
289
957
25
29
1815
16
25
29
416
943
16
20
918
322
25
1100
29
20
1687
20
2172
12
402
10
416
35482
16
29
2861
16
915
20
19519
13
348
25
416
52337
1659
2
20
1178
12
29
2569
6
302
20
2358
462
25261
220
414
29
20
687
29
348
369
687
3467
13
2150
2645
25
289
1815
16
25
363
289
957
25
32247
687
0
539
1230
2
957
25
29
20
486
539
20
957
29
1033
20
19519
13
419
2556
12
322
16141
20
1950
6
596
3805
29
4165
293
331
2443
596
29
4234
25
5901
336
486
20
1950
29
20
17499
29
2885
13
3409
20
486
4585
20
2335
29
289
19190
1807
1008
6
20
11910
290
527
348
25
6807
2251
6
20
686
2
363
3436
12
29
416
5191
348
424
6996
29
523
20
8946
606
8
302
616
14
2
20
26741
12
13
348
9196
3
20
18634
322
5930
20
4574
12
2
2486
12
20
918
20
916
12
29
405
20
9196
29
348
369
16
32252
12
13
5232
20
6542
28
6
405
20
9196
3800
0
32252
12
29
363
9761
2
6807
2251
3885
32252
2478
32252
10036
2
25
29
2245
840
25
13
419
20
2801
8772
29
20
5177
22935
29
20
7079
11354
16321
20
17711
289
20
17338
4
335
363
7653
289
10
29
363
5441
13
20
31950
26
289
539
1185
289
20
986
29
20
4118
406
6
11460
20
18634
289
20
918
30
20
36819
20
12146
12
289
20
22882
13
363
9761
2
2047
16
3
331
1723
24
322
20
1255
449
3
29
462
14921
24
306
20
3045
637
3
29
2150
10997
3
289
20
26427
29
20
2006
306
1392
20
19519
29
20
5648
290
20
5120
335
1626
16
306
20
7509
12
6
302
20
7509
2556
12
322
1486
1191
2664
289
986
25
315
852
4
646
2456
20
3295
29
290
1455
852
4
3723
1807
5648
3
2128
20
19787
29
5648
20
5680
290
20
28079
13
363
3051
315
25
20
2507
12
29
20
3295
29
1252
4327
7509
30670
6
4327
7509
14845
29
8272
4009
29
30
331
302
20
8272
2556
12
322
1305
30349
13
20
7509
2556
12
322
2664
30349
363
7194
289
986
25
306
20
971
377
2915
2
25
20
2507
12
29
1198
290
1008
336
8122
3
29
462
2102
30737
3
29
11270
3
290
1281
25
306
2333
20
11978
336
596
3805
1893
421
3
20
2104
29
369
331
5648
218
25
56210
0
29
14892
2
25
985
369
20
5348
2
527
1252
2219
30737
3723
3
331
11270
3
13
2104
20
1281
2
6589
20
19519
290
539
56757
2
1838
16
25
30
2104
25
2
6589
665
3875
596
4269
596
421
25
29
1656
306
2333
20
3903
29
290
4250
302
25
6419
29
419
8158
29
11270
25
1305
1281
0
6
1490
25
2057
20
1555
29
1252
957
302
25
8158
462
10641
25
3125
0
13
2104
25
306
424
5680
29
1198
20
7509
29
6
387
2007
224
20
3531
380
26
322
20
5648
2
20
986
13
348
20
3425
289
20
7012
6
986
25
363
30510
289
5762
25
322
15496
4
1252
19160
16
6
20
4820
289
10771
16
25
6
851
16
2110
16
25
322
20
10771
12
13
363
7755
369
24
363
16580
26
3125
0
2
2777
3
24814
12
302
28555
24
6
1003
986
3
13
658
24
416
5648
24
2
20
986
29
369
24
26403
26
290
11664
6
3
29
10354
26
306
20
2549
302
363
3499
302
25
6
290
11664
3047
2150
5145
2104
331
10012
6
1003
20
986
985
369
20
2104
2
527
1252
957
20
5348
290
5762
25
331
4086
25
596
3805
462
3268
269
424
18602
0
289
1548
25
289
25
29
20
11257
20
8757
4086
290
686
25
302
424
21412
347
2138
29
20
26942
20
14420
2
686
25
13062
2
302
658
14420
0
2
681
986
25
13
348
3823
20
4221
336
12030
25
1950
25
13
985
41410
421
25
681
1950
25
13
1562
27794
6
25
539
25
29
1641
477
405
20
1838
12
14516
25
363
5813
12
302
363
10350
915
290
4465
25
6
29966
290
405
20
39659
2180
12
347
363
10350
915
290
1281
290
4086
1891
0
302
25
1252
56104
246
6
25
15496
4
5762
25
462
4531
25
424
322
10771
16
25
13
348
2778
961
20
9984
29
17130
718
20
641
12
336
2104
1281
539
25
7726
609
227
6
25
29
6
3387
348
1
348
15
16
41539
6
331
7451
25
289
290
20
986
13
6
1148
4078
0
6
424
29
1252
1386
596
3805
22
3489
462
30523
209
2
1357
20
38091
406
4638
16
12632
449
20
3045
347
290
10493
3
13
348
11270
25
315
424
7726
21126
13
348
25
1963
12685
290
25
405
20
23009
12
29
419
3491
25
306
686
25
2
39769
12
20
986
29
770
4542
25
6
331
4518
25
29
523
51160
34042
12
6
20
686
407
12
29
20240
12
38969
246
1582
6
10
29
419
302
25
416
1260
424
6571
0
302
25
3889
3074
2
20
1191
28
289
5711
3
5232
3
29
4165
293
3
6
10
29
1008
3
840
10
2
1357
20
4329
29
20
16067
13
846
947
12
20
2288
947
12
20
20050
29
20
16067
29
5762
25
29
2108
25
419
1357
20
8921
29
20
30230
15837
290
6210
199
686
25
29
419
6
10
41663
2
1357
5711
25
13
5711
20
686
289
20
8256
12
315
20
686
419
20
1834
29
1033
20
5711
289
20
10663
13
419
1357
20
28104
915
985
6635
25
4634
0
2915
6
20
11866
7437
0
2
302
25
41627
6
20
17031
29
9402
2
10
29
424
988
790
559
25470
25
2
19649
20
3723
29
790
26427
25
2
19649
20
3723
29
20
3816
407
25
29
407
596
3805
4086
302
20240
16
25
6
596
1735
29
1909
347
20240
16
25
6
686
25
5813
13
363
17454
421
25
20
28603
322
5913
424
13
387
419
20
1406
289
4590
20
2192
29
857
12
20
5304
29
5810
16
25
20
2290
20
632
289
5535
20
5304
290
491
5236
25
336
641
7412
25
29
443
578
761
12843
221
0
20
491
302
3039
6208
20
12666
29
1646
20
4417
29
4027
20
3940
12
6
290
13038
25
3940
16
25
29
6208
20
6823
348
369
16
606
25
29
363
4518
6
3139
25
915
20
9984
20
2591
29
848
21126
971
0
17617
2
25
306
50228
25
433
1487
972
6903
596
322
7
290
4031
20
1486
2591
3139
12
289
2192
25
29
363
538
289
20
2192
290
2591
20
2288
29
17272
20
3735
29
6589
15123
20
5568
289
20
2192
13
348
25
4235
23543
20
5762
29
290
7753
6
7600
12
20
2192
7753
6
7600
12
20
2234
29
416
9974
289
20
2234
290
363
9974
289
20
2192
29
6
424
5781
985
8640
306
20
1486
2982
1302
289
20
2234
29
5761
2729
25
289
20
2192
13
363
26239
24
289
3295
25
29
20
2192
290
1801
20
20341
29
290
5505
3045
25
289
20
20341
13
419
20
1195
20
3045
29
915
13
606
1045
12
20
1687
306
1342
20
4347
5489
0
3499
3467
20
3045
29
416
5781
662
12
363
31403
26
306
20
20341
20
11172
29
20
3288
29
20
5304
29
2309
1195
3045
20
5304
20
8923
336
20
22713
247
29
7130
12
20
5761
12
2
402
2447
29
20
5761
2
402
13561
2
302
363
34942
25
915
2
20
10237
12
2
615
434
347
3139
347
2547
6
1003
25
29
2309
424
315
20
24800
2
16043
29
693
11755
12
289
545
20
4601
290
539
38119
29
363
22182
12
6
658
424
6727
6
20341
20
2192
29
27826
25
20
632
302
6614
3710
0
13
363
4235
1029
25
13
20
3710
714
20
718
1720
15
3710
25
3673
8898
25
306
20
986
13
2086
25
985
3939
29
8898
25
29
3888
25
985
935
13
348
20
6951
306
986
3228
25
29
363
2102
20
1486
915
2
3710
25
29
416
13567
4269
596
421
25
29
1656
322
302
10545
20
1486
1029
25
1126
20
10470
322
302
10545
20
1486
1029
25
6702
25
795
290
1126
1487
972
2
3912
2223
29
419
606
20
9811
2
7590
1252
4086
20
1255
331
289
20
1029
55667
195
3943
7352
2
1824
1029
25
29
433
20
662
12
13124
1126
20
662
12
13124
2492
8
25
290
1126
421
289
29
12230
25
20
6716
12
29
419
1126
1212
29
20
2082
20
662
12
6512
11403
25
883
7415
29
20
28982
29
1195
25
20
3786
290
2540
12
3606
413
10687
322
13521
322
762
25
29
433
3800
0
985
13732
662
12
289
20
2192
13
681
24
578
14
1126
985
13732
662
12
13
681
24
578
14
6702
25
20
51549
290
1126
1487
6524
2
9968
1195
29
369
24
4670
26
424
29
1260
26
387
598
8
681
25
3875
596
4269
596
421
25
29
1656
1126
369
24
4670
26
424
29
1260
26
419
598
681
25
3875
596
4269
596
421
25
29
1656
6702
25
20
10271
293
29
20
2590
322
972
302
25
433
985
13732
662
12
289
2192
13
681
24
421
14
578
14
6210
598
681
25
3875
596
4269
596
421
25
29
1656
433
20
2590
2223
306
1037
20
989
28
1720
24595
10262
5505
3
5568
0
29
21866
3
2
20
1859
29
4915
3
336
20
23357
29
891
20
1940
12
29
2150
2795
336
20
598
6
302
20
4258
5396
289
2596
20
2964
29
20
1748
29
1888
20
2192
29
363
856
915
289
20
1029
12
29
363
2645
915
289
20
3927
12
29
2150
16412
681
20
687
6
302
12873
20
402
826
1252
369
289
7
10376
12
915
596
10186
2504
1588
29
2885
369
20
12873
826
0
16412
681
20
8553
29
985
3927
20
12873
26
35482
16
20
1687
289
20
2234
29
20
2192
915
302
868
20
1567
12
363
10964
322
598
359
30
598
20
850
29
598
560
5930
20
1881
29
1033
20
2192
13
363
5802
6
25
598
915
2
20
495
16160
13
6
387
29
1627
20
495
16160
6
7375
12940
20
4258
714
306
20
598
302
363
4934
915
6
1787
12
20
4008
29
302
2651
686
25
5419
12
6
3
506
906
322
459
596
20
10985
468
302
25
7600
25
883
421
20
35377
13
433
306
302
846
2838
20
598
347
1412
13
433
406
2838
13
462
16396
2526
20
3139
6
686
25
29
6
1983
421
306
1624
25
13
25915
16
20
5233
1069
1824
12
13
968
459
596
2950
20
1824
306
1469
3710
25
29
289
745
25
41950
4531
322
25
20
2421
13
4366
433
6
25
459
596
363
6286
1260
1110
3923
348
20
1188
12
1305
12
848
13
363
12353
306
29
363
8960
322
1406
1
583
433
883
421
31910
16
302
5
337
29
462
1455
6
25
2838
20
598
13
3297
3933
302
658
20
598
29
416
433
4269
596
421
25
29
1656
1866
20
1859
952
12
1126
1866
20
1859
952
12
6702
25
883
7415
29
20
28982
29
20
2590
290
1126
1487
2809
433
20
28982
1195
3025
29
433
20
2590
2223
306
1037
20
989
28
29
3941
20
952
12
290
407
6337
20
3788
363
538
302
658
6
25
3436
12
29
377
38736
227
289
25
302
20
5304
363
11980
322
1486
2795
336
2444
25
29
322
1265
12
2795
336
20
4381
289
10
29
1252
369
24
662
12
6
369
20
12146
289
20
1265
12
826
0
32247
289
20
2192
2
363
3710
13
363
11980
322
2130
29
322
4569
1950
6
1093
6238
20
3710
29
1252
4381
289
20
1265
12
1499
23
6
369
20
4224
6
20
1975
826
0
13
363
11980
3800
0
322
20
2130
29
322
4569
20
2065
13
3966
331
743
20
952
12
363
15444
2
20
6325
29
331
2246
20
952
12
2893
13
363
2135
3
2071
12
826
12
13
363
13811
407
3
20
9355
6
302
20
1931
1154
12
414
20
1265
12
29
290
38753
322
25
363
36743
21436
12
840
25
13
363
1802
20
2925
12
315
25
3047
289
3927
12
20
24800
3436
12
6
20
786
290
20
4349
29
523
20
952
12
1866
6
20
7549
12
20
560
12
363
6
20
7549
12
20
359
12
29
14
290
3710
289
20
718
606
3927
12
20
7549
363
29387
29
363
39798
336
641
20
718
6
20
59670
322
25
20
1091
302
13949
24800
20
2234
29
20
2057
29
20
4302
29
6
7917
606
20
9053
2
8060
3875
596
4269
596
421
25
29
1656
433
545
3
7600
16
459
596
413
972
6903
596
322
7
290
508
12
336
20
689
12
3431
10
596
13
2026
1510
16
302
54167
25
5264
338
29
433
2934
16
3875
596
4269
596
421
25
29
1656
1260
433
22688
348
596
3805
985
1591
5765
3125
0
2444
25
29
348
5
1591
5765
596
986
1
29
2014
16
1
29
35367
486
1
1126
1487
972
433
22688
348
596
985
57562
3125
0
2444
25
29
348
5
1591
5765
596
986
1
29
2014
16
1
29
35367
486
1
6702
25
20
3786
289
20
437
29
20
1824
12
29
11403
25
883
7415
11895
0
29
9968
25
1573
29
11853
4045
413
48021
322
3875
596
4269
596
421
25
29
1656
302
25
433
985
3974
578
14
2192
0
7726
5765
2096
25
13
348
596
3805
30162
6
25
289
35180
3
20
3829
12
1126
4045
413
48021
985
3974
578
14
2192
0
7726
5765
2096
25
13
348
596
30162
6
25
289
35180
3
20
3829
12
6702
25
20
9277
209
289
15123
20
5568
2
3912
4504
29
322
3606
413
10687
322
13521
322
762
25
302
3875
596
4269
596
421
25
29
1656
369
985
11197
1486
0
433
10958
1
596
20
11465
29
22680
8630
1
29
1112
1
336
20
1866
527
1917
16
1126
3606
413
10687
322
13521
322
762
25
369
985
11197
1486
0
433
10958
1
596
20
11465
11403
25
20
9277
209
289
15123
20
5568
29
20
38982
209
289
20
8060
29
289
25
1487
24667
24363
13
387
8060
20
2938
6
20
12530
29
433
2911
413
2855
23
12970
16
8618
21519
12
6903
596
322
25
12541
25
6
2192
1510
16
25
13
433
3068
7588
1
1827
1487
561
5
3125
0
21539
5
25
3875
596
4269
596
421
25
29
1656
606
20
9053
13
1457
16
25324
433
1457
1591
5765
217
596
377
363
12114
6823
25
1126
1983
21519
12
1591
5765
217
596
377
363
12114
6823
25
6702
25
1487
6185
25
29
20
3786
289
20
437
29
20
1824
12
2
9968
1195
29
322
6238
413
4000
6903
596
322
25
302
1486
0
8008
20
3675
4269
596
421
25
29
1656
13
433
348
5
5117
2192
0
9548
996
338
13
433
6
25
289
2444
596
29
289
13480
25
10958
1
596
20
11465
29
22680
8630
1
29
1112
1
6
20
1866
527
15
16
347
10351
15
16
1126
6238
289
2444
596
29
289
13480
25
10958
1
596
20
11465
866
43635
1074
289
20
894
289
20
1675
20
632
1910
289
25
20
12069
29
3933
985
57562
596
3805
331
11765
25
302
746
5765
20
1127
29
363
10619
1093
2492
302
972
6903
596
322
25
369
4617
20
1255
21766
3
1111
1075
25
1486
315
25
1487
6
25
13
433
6
25
972
331
1548
16
7849
2
578
290
387
4361
13
433
6
25
20
1486
3532
1
322
25
1827
598
20
4940
28
2
681
348
5
1510
16
302
6702
336
2192
29
319
25
3680
2
25
13
433
16
3716
29
17226
338
306
405
20
637
12
13
1457
16
1591
5765
596
331
289
7710
1
13
2568
16
714
822
16
13
985
443
416
5099
16
13
1464
8
7939
13
985
2158
306
5123
10
13
1457
16
6
20
4008
331
405
20
2158
13
433
24
405
20
2158
290
5123
11661
12
14282
402
1824
12
13
1457
16
29
596
348
10
369
16
6
2255
296
12
8852
12
13
2104
16
20
19063
583
17671
8
336
20
5123
13
3982
8
13
985
10801
29
985
387
20
14545
32130
13
5781
848
348
405
10627
16
1
29
1252
15
16
57562
16
319
25
6
2211
16
10
13
433
972
6903
596
322
25
6
419
7849
4361
290
20
9225
2
20
9225
20
1604
302
19931
554
2192
25
3177
12
20
46768
12
506
1790
8
10
289
1058
20
3177
12
29
739
20
2037
19931
6
1003
20
2192
1093
11853
6238
413
4000
6903
596
322
25
302
1486
0
8008
20
3675
4269
596
421
25
29
1656
13
433
348
5
16869
16
2192
0
29
416
1528
16
29
12230
5
13
336
446
20
662
12
20247
10
336
10206
319
561
5
319
1983
13
433
20
3675
4269
596
421
25
29
1656
331
46967
459
289
2057
25
290
2765
12
4454
336
596
290
952
22246
4
19931
3023
289
1555
25
985
3291
421
25
10172
2192
25
7405
289
27
2
8283
12
20
1058
166
1457
419
596
578
714
1260
10366
348
5
36514
364
15401
840
1
16034
429
338
15401
289
1705
29
861
13
443
2765
16
25
289
2057
25
29
1281
25
29
21416
724
1881
25
583
5901
336
2057
25
1126
6238
302
1486
0
433
348
5
16869
16
2192
0
29
416
1528
16
29
12230
5
13
336
446
20
662
12
20247
10
336
1983
319
561
5
319
3744
16
5
13
433
331
46967
459
289
2057
25
290
2765
12
4454
336
596
290
952
22246
7926
750
43635
6702
25
20
9277
209
289
15123
20
5568
29
289
25
290
363
2102
20
1931
985
1677
306
1675
20
1881
51153
9291
596
15501
16
306
596
29
363
724
29
363
565
12
915
2
596
919
36792
4361
302
19113
347
19113
347
18888
347
18888
347
33523
347
33523
347
37894
347
13485
421
13
985
18796
433
10366
4361
5979
16
29
421
1
15501
16
29
4361
16279
16
29
840
1
1917
16
10366
2838
28826
29
2838
31833
22541
54566
331
1565
338
29
331
363
23685
2
25
29
331
2838
7588
2
25
290
5
1735
2687
1
29
1909
57313
252
1
29
363
4267
539
1
10366
10958
338
20
11465
29
38196
848
44562
29
1112
338
6
20
1866
10351
1917
16
29
6
7917
2
387
20
8060
289
402
1770
12180
322
25
13
985
6512
20
18544
12
51153
9291
596
29
2
596
29
596
1157
15501
16
306
596
29
363
724
29
363
565
12
915
2
596
20
421
20
3459
331
5523
5997
369
29
331
462
23262
462
1972
6793
377
11623
6
8
387
29
331
15
8
6
25
11260
28
29
348
0
336
919
8
30282
12749
313
13
985
49031
16
20
18544
12
999
25
51153
20
1719
6
596
377
17167
8
6
387
29
331
15
8
6
612
22238
5641
302
17167
8
596
10366
2838
20
3680
306
20
1624
29
2838
20
26704
306
20
1687
20
2436
302
12180
322
20
1770
4142
12
11853
3587
302
20
3675
4269
596
421
25
29
1656
1975
437
20
1733
29
419
2205
5923
29
433
10366
7056
6
37455
5
289
2
3821
10
1126
3587
302
25
4269
596
421
25
29
1656
1975
437
20
1733
2205
5923
29
433
10366
7056
6
37455
5
289
2
3821
10
11403
25
20
9277
209
29
289
20
16835
20
952
12
290
1126
9542
20
9907
10366
7056
6
37455
5
289
2
3821
10
433
20
28982
1126
1195
29
40961
302
50592
2
20
2037
437
20
1733
1093
11853
459
596
413
10005
413
4000
322
13521
433
5489
0
369
3875
596
4269
596
421
25
29
1656
4235
336
2192
915
437
20
1733
1126
10005
1487
4000
5489
0
369
3875
596
4269
596
421
25
29
1656
4235
336
2192
915
437
20
1733
29
20
1897
6702
25
20
10271
293
15454
0
306
437
1733
10
29
20
9277
209
15454
0
306
437
20
1897
29
3395
7
4504
29
11853
6238
302
25
4269
596
421
25
29
1656
433
10366
7056
6
37455
5
289
2
3821
10
437
20
1897
29
369
4269
596
421
25
29
1656
985
2449
1607
12
2449
10
491
20
4371
1126
369
985
2449
1607
12
2449
10
491
20
4371
6702
25
20
952
12
290
1126
9542
20
9907
29
1195
25
20
28982
29
11853
883
21519
12
6903
596
322
25
302
25
4269
596
421
25
29
1656
433
10366
7056
6
37455
5
289
2
3821
10
437
1733
10
1126
1983
21519
12
10366
7056
6
37455
5
289
2
3821
10
437
1733
10
6702
25
1487
6185
25
29
20
9277
209
289
15123
20
5568
29
20
7590
6
25
29
433
1487
6185
25
437
20
1733
29
3395
20
9968
28
4504
29
433
459
596
413
2809
985
369
6
1
336
1486
1265
12
4324
570
2331
290
25
4371
0
29
363
5668
10
1824
0
29
29969
10
4142
12
13
348
5
2934
16
3875
596
4269
596
421
25
29
1656
1260
10366
7056
6
37455
5
289
2
3821
10
1126
1487
2809
985
369
16
6
1
336
1486
1265
12
4324
570
2331
840
25
4371
0
20
1126
6702
25
20
10271
293
29
20
51549
289
20
594
29
20
9277
209
289
15123
20
5568
29
20
7590
6
25
29
9968
25
4504
29
363
3933
302
10545
414
23524
20
3641
290
437
20
1127
12
13
658
11941
0
2
780
20
1127
12
29
20
437
6695
840
10
13
369
491
25
290
1801
29
15664
10
29
20
10120
6
20
9053
24019
29
419
501
12
433
4269
596
421
25
29
1656
6
302
21117
6348
0
289
2333
596
9548
587
3809
223
306
1975
25
36410
12
347
2108
12
4454
840
290
20
4118
29
331
289
10
1126
6
302
21117
6348
0
289
2333
596
9548
587
3809
223
306
1975
25
36410
12
347
2108
12
4454
840
290
20
4118
29
331
289
10
11403
25
1487
6185
25
2
3912
4504
290
1126
11076
413
6238
20
1953
302
363
11086
583
8645
20
4371
13
443
20
501
12
29
658
611
1815
25
2
20
1824
433
4269
596
421
25
29
1656
421
14
2
20
40441
12
13
348
20
1155
35790
2
20
1824
331
363
35790
2
20
4371
1126
421
14
2
20
40441
14373
32676
258
1074
289
20
1675
20
632
290
20
894
29
2885
4536
306
20
1770
51153
10366
919
20
19148
4
20
2131
29
331
22115
25801
23098
20
1155
28
20
2131
29
331
48848
219
23098
20
12615
29
331
19113
25801
23098
20
5306
29
331
4583
28
23098
20
7244
29
331
878
28
9555
1
1866
387
20
1770
29
1866
2057
25
29
36792
4361
290
449
387
20
1770
31928
331
289
25
49856
322
5
449
10493
3
13
985
5085
20
1770
7726
451
289
25
22246
16
28
714
6
3387
10366
348
5
36792
2
1179
4
596
20
3663
4
335
363
34942
3023
448
29
363
29604
290
449
331
3045
13
985
546
421
25
20
1824
51153
1827
1155
919
5
29
16206
596
36792
2
596
290
521
29
290
449
331
289
1
31928
331
3234
421
1
36792
2
596
290
449
402
2612
29
4136
29
418
12
29
17862
29
290
449
8087
5
20
850
29
1937
29
331
3079
29
6
25
331
3796
289
20
1824
29
20
4371
29
419
20
16754
20
13576
29
2885
4054
2738
0
290
20
1155
289
739
20
1815
27173
302
1260
10366
6
1
20
2738
306
402
2738
29
7669
20
1719
306
402
637
29
2885
7689
20348
29
2885
17644
20
11685
12
289
2192
25
433
6793
20
880
20
25363
919
20
13030
12
29
20
2108
20302
16
20
19148
4
2
20
1735
12
29
20
19888
20
2586
302
3818
380
2
20
4371
13
363
15219
7446
0
1220
20
6827
12
6
302
25
1963
28786
347
17212
29
658
2
20
1824
16305
0
606
20
4154
369
4269
596
421
25
29
1656
985
11461
289
5855
20
1824
289
20
2192
28535
7044
5
25
29
348
11461
289
641
20
1824
5168
7044
5
25
5168
0
29
1968
1469
25
289
1723
25
1126
369
985
11461
289
5855
20
1824
289
20
2192
28535
7044
39368
750
43635
1074
289
20
894
29
20
4347
290
424
302
363
746
3948
196
289
20
4154
13
4737
20
3160
29
419
11206
363
14674
13
658
331
14479
25
290
20
3177
12
1243
988
4272
25
2
2192
25
29
20
24019
2
20
1824
302
30031
20
24800
289
20
4214
12
13
985
11461
826
3431
641
1126
13931
20
24800
289
20
4214
12
1074
289
20
894
289
20
1675
20
632
13
405
20
501
12
29
2885
5078
25
3127
347
2131
289
1824
347
4371
7726
29822
3494
12
20
6886
29
1331
596
29
5509
20
7852
29
20
315
2882
1427
29
6
3387
9291
596
331
5523
596
363
565
12
915
2
596
1068
5
596
15501
16
306
596
331
5523
596
363
2281
2
20
1866
4
915
596
331
5523
596
363
11196
20
3467
915
596
1068
5
596
29
15090
2934
596
6
290
1927
682
2456
596
11032
29
363
743
596
13825
1528
596
10000
44934
219
1412
29
13190
5
348
596
1691
2138
17889
16
2
596
20
3459
29
30111
16
2
20
418
20
33690
377
363
7957
10366
10674
220
8
2
1357
1
335
363
14836
29
42485
246
8
2
5252
1
377
363
14326
10366
22889
8
31180
11494
421
8
13
363
27043
29
2838
753
16
8
29
13176
252
8
10366
17013
246
421
8
4318
5058
1
29
4475
5434
2
12076
12
29
2658
12
348
1
2838
28510
20
44820
28
20
3070
302
29505
2
20
18544
12
348
369
7352
0
13
363
2526
10
331
363
37836
29
363
8021
10
289
1112
10
13
348
25
21749
322
25
29
363
11455
421
10
13
348
25
26901
2
20
4154
29
5097
8772
2
25
20
18544
12
369
2057
20
21792
363
11455
26
306
20
27081
915
26609
12
29
433
4269
596
421
25
29
1656
363
5105
24
3013
27081
14
10842
1126
363
5105
24
3013
27081
14
10842
1074
289
20
1675
20
1091
290
20
894
29
40961
302
11086
322
20
18544
12
36410
12
29
6640
12
21265
10
2
424
1126
20
5687
322
20
18544
12
36410
12
29
6640
12
1074
289
25
13
419
501
12
29
289
25
2506
322
20
5210
29
369
545
20
5210
50584
209
2
1037
302
363
11086
29
26517
20
2782
12
714
369
11086
6
658
2
424
4108
0
336
20
18544
12
13
10902
289
7450
1195
4
25
363
289
7450
1195
4
20
20046
29
290
43486
247
2
16800
12
2
1934
347
1079
331
363
37836
2950
221
2
25
437
20
1420
12
1111
289
402
6126
27406
2782
433
883
20
52685
6903
596
322
25
6
23075
6
25
606
20
2793
7008
20
23075
363
40280
338
336
16206
13
348
5
462
399
14933
1
2246
1370
16
1
29
289
20
5687
1053
12
4375
2377
8759
7
22668
20
18544
12
29
20
632
12
4391
20
6163
306
1950
20
20046
29
289
3436
12
660
29
443
902
12
20
13802
29
6777
20
1486
28
29
20
2721
290
29996
20
1121
2
2950
20
10244
29
3933
302
6708
315
20
20046
331
2526
25
421
10
3125
0
3125
0
29
3915
25
421
25
29
27879
20
18544
12
2
1044
2223
19989
21137
407
7
3694
22036
20
1950
29
2526
306
20
1154
12
289
20
2288
13
331
23815
20
459
290
1406
915
1205
25
8650
14607
25233
30478
322
3927
12
20
2288
29
20
53781
194
315
20
20046
13
363
3933
302
2526
2246
20
11565
3125
0
29
348
6643
13
348
20
1890
8543
20
730
29
290
4498
724
20
8567
25494
302
3718
289
25
433
1486
6
1487
20
1482
29
419
306
18544
12
14933
848
405
20
10319
12
336
11661
13
433
583
26997
20
20046
13
348
5
462
1010
245
223
306
405
20
10319
12
13
10775
1562
462
14609
336
1406
20
11910
348
387
988
36991
289
25
29
523
7996
718
20
21792
20
3542
3933
302
746
50445
1148
12
4221
433
16
8022
6903
596
322
10
369
3875
596
4269
596
421
25
29
1656
985
6733
1079
315
25
1240
12
4221
20
9472
12
29
20
32704
12
29
20
1105
494
29
20
37929
29
20
23105
1126
8022
369
985
6733
1079
315
25
1240
12
4221
20
9472
12
29
20
32704
12
29
20
1134
247
29
20
37929
29
20
23105
29
289
2540
12
1148
12
4221
6702
25
20
51549
289
20
1990
29
20
49399
289
16835
25
29
20
9277
209
289
15123
20
5568
29
20
7590
6
25
29
1748
25
402
10
4504
12
29
289
2540
12
660
322
10
1148
12
4221
20
9472
12
29
20
18754
12
29
20
1105
494
29
20
37929
29
20
32704
12
29
20
23105
29
433
16
319
1689
20
9835
12
369
3875
596
4269
596
421
25
29
1656
363
21853
25
289
20
2192
20
9472
12
29
20
32704
12
1126
319
1689
20
9835
12
369
363
21853
25
289
20
2192
20
9472
12
29
20
32704
12
11403
25
20
9277
209
29
9968
25
4504
29
433
31230
433
3875
596
4269
596
421
25
29
1656
421
14
2
20
18351
228
606
33566
14
13
348
25
988
2893
289
20
5706
29
28453
20
2024
1126
31230
421
14
2
20
18351
228
606
33566
14
13
348
25
2893
289
20
5706
29
28453
20
2024
6702
25
20
9277
209
289
15123
20
5568
2
3912
4504
29
419
606
20
28982
29
24652
25
1487
47276
29
1487
37273
290
1126
1487
2809
29
24652
25
1487
459
20
448
29
433
20
12529
2223
20
9968
29
2492
302
25
369
5019
827
662
0
662
0
29
289
2540
12
23
25
1639
827
6
20
6989
662
0
29
6
20
6595
9368
16
28
1126
369
5019
827
6
20
6989
662
0
29
6
20
6595
9368
16
28
6702
25
20
51549
289
20
1990
290
1126
1487
972
2
3912
5490
29
416
3139
20
7509
12
20
2097
218
12
29
20
9354
29
433
545
20
7509
12
985
462
1972
315
20
5808
2097
218
12
29
9354
4365
306
17943
986
25
29
2150
3139
24
387
6
331
30984
25
290
20
7012
289
20542
12
20
2883
29
8307
20
10172
13
20
2097
218
12
6
2444
20
2883
20
5690
29
20
9354
6
15686
20
9332
20
39848
29
6
4973
20
2883
290
20
8648
29
369
20
491
26
12924
26
2
20
59710
29
25330
26
2777
3
322
906
20
2883
29
363
32857
26
2
20
24958
290
20
43697
29
290
20
1369
402
10
331
462
59240
24
41703
16
10
583
59009
972
6903
596
322
25
290
2883
289
878
12
27049
12
29
369
24
12924
26
2
20
1155
29
20
5445
322
20
9354
47365
15583
20
10172
20
39848
12
421
10
13
405
12722
12
915
302
10
12722
12
1195
12
29
2150
20
12722
12
20
30820
12
331
27185
20
16835
20
3490
12
29
1033
331
8898
306
20
7012
289
20
986
13
29709
29
416
935
8
3121
20
3425
12
289
20
20542
4
289
1058
20
20542
12
29
302
20
34665
6
681
20
986
363
3933
302
4687
718
20
5172
12
406
3818
380
289
20
20542
12
331
462
4531
25
424
322
486
1243
290
25
29
5781
369
20
15014
290
20
22679
28
29
369
363
21853
25
952
12
4221
289
20
2192
29
20
2234
20
2097
218
12
29
20
9354
29
20
1327
12
2
10475
10
29
20
1105
494
29
369
1260
405
682
16
290
20
4118
20
4550
761
289
5535
20
7412
290
20
2192
369
20
3675
4269
596
421
25
29
1656
985
16715
290
5012
347
894
347
972
12
347
539
25
12906
306
402
2738
290
20
1155
662
15597
4
29
1260
363
4267
915
596
1029
25
363
4024
6
25
6
25
20
880
29
6
25
20
1719
29
419
306
402
1557
8961
26989
26
21560
26
6199
26
24231
26
6
919
8
5201
26
4375
596
3601
25
29
1761
6714
29
9482
20
2565
1029
25
1126
369
985
16715
290
894
347
5012
347
539
25
12906
866
43635
1074
289
20
894
29
985
4536
306
689
16
25
51153
10366
18297
6
8
2
10
720
0
29
5548
0
1195
0
714
6
8939
336
2057
25
290
14351
3
2
7355
25
2418
0
2062
421
3
41721
12
13
2627
331
13039
25
29
363
3933
6
25
302
21270
3
1824
0
1126
20
10470
322
1887
436
20
2057
1824
0
1074
1093
2855
20
10470
322
25
29
369
4269
596
421
25
29
1656
985
822
1858
20
2574
491
0
29
4269
22246
16
28
714
1858
20
1555
1126
369
985
822
290
2192
1858
20
2574
491
0
29
4269
22246
16
28
1074
29
985
1858
433
8001
0
8001
0
6
919
8
2578
0
2578
0
363
6398
421
8
49643
0
1126
369
985
1858
433
8001
0
8001
0
6
919
8
2578
0
2578
0
363
6398
421
8
49643
0
6702
25
1487
20
3648
289
20
437
29
20
1824
12
29
20
2590
290
1126
1487
2809
29
433
2223
306
1037
20
989
28
29
3933
302
2526
6
2057
1555
25
29
6465
25
11351
12
290
693
5035
347
539
25
306
971
2552
25
13
419
501
12
1093
2492
302
25
348
462
3289
3125
0
7726
604
289
3830
195
16
25
4297
0
1126
36604
325
2057
25
606
20
7355
29
1252
2
4297
6702
25
50626
779
338
290
1126
8022
2
9968
4504
29
30
302
387
3425
12
289
20
4117
16448
306
405
20
3313
12
6
302
20
7978
6214
336
20
1378
290
20
2192
29
20
4318
22551
2
25
9820
42342
20
4117
5880
289
2107
2756
3
29
6589
12544
20
1950
289
20
2192
336
935
3
2
331
746
50445
25
289
20
718
6
3
13
405
3248
12
290
20
5535
20
2560
12
29
1033
20
5535
20
5762
12
13
289
20
2290
20
491
994
3248
12
290
10
29
3248
16
25
302
363
10545
915
985
369
1154
12
986
25
289
20
2192
29
2885
2211
1950
25
5831
0
336
17943
13
4223
29
5490
7029
29
363
3933
302
34942
3
25
1770
25
406
11086
527
11086
1950
25
29
9918
289
1571
402
850
12
302
2627
4752
10
29
20118
302
6471
290
402
826
290
3
3883
0
347
1179
12
6
27157
2
10
363
6
12576
424
29
3499
302
25
5827
20
9358
29
363
4824
2
850
12
611
290
1156
347
761
12
1114
915
302
12527
25
20
989
20
6325
2
424
29
363
54091
289
354
12
20
1567
12
915
20
5710
20
3816
28
29
348
369
5078
25
1199
12
561
13
363
2893
306
662
12
1114
13
419
599
20
7847
12
915
985
3274
306
7817
25
7988
16
25
29
985
5078
1199
12
989
13
363
4824
606
25
611
290
437
29
1824
12
29
363
6253
686
25
2
20
761
12
13
348
424
9130
3829
12
2192
25
29
4366
1858
850
0
363
16254
2
1557
2443
1199
12
20
989
2
1199
12
1770
25
13
348
369
289
1555
25
13
363
20544
421
25
1675
25
29
363
41142
421
25
336
302
4235
13
985
2568
1074
840
25
2
3883
13
1656
421
25
29
363
8943
407
745
5
25
915
302
6642
25
13
348
4738
25
5080
2
971
20
2006
29
363
6642
25
322
2419
12
331
462
41142
491
0
29
985
369
289
20
2192
13
363
13268
935
8333
12
20
2773
29
365
6232
310
10
29
363
935
6985
25
289
10
29
6
2086
9358
10
29
5710
10
29
363
21103
289
2192
25
1199
12
13099
20
1191
28
406
13125
10
289
402
1977
12
29
850
12
29
363
3499
1265
16
25
915
2
971
20
1368
12
29
315
290
5122
306
3415
16
10
29
24915
289
20
718
20
935
29
2224
12
20
3424
2
527
363
7057
539
25
29
985
30
462
25
1310
38969
366
20
935
29
6
1166
25
331
4838
2474
25
714
6
5901
336
331
369
421
25
13
348
20444
16
686
25
2
20
2192
347
2
20
1567
12
7726
4114
45150
195
13
20
3829
12
289
2054
12
20
686
29
985
20099
16
6
25
797
12
4008
1191
28
13
363
3933
6
25
302
10545
20444
0
2
20
797
12
13
424
30
2755
3047
12
29
2885
2211
686
25
289
17943
3269
369
421
25
289
20
2234
55834
302
2192
25
18563
29
6
5901
1111
1252
369
6
584
6
1624
2886
25
433
1486
6
576
5
4173
20
3384
2568
11661
5304
0
13
433
20
2192
1819
12
29
20
1819
12
13449
12
29
682
6
20
4940
302
36276
686
25
29
1010
2
25
336
302
290
682
6
25
289
20
2192
1154
12
986
1093
31744
686
25
29
915
13
1735
20
986
363
8893
915
3777
12
20
1819
12
13
6
1972
2192
20
17130
290
1349
7711
25
29
5149
25
29
2869
25
583
24058
289
405
20
1819
12
29
363
36276
13
348
290
10001
7711
25
289
2192
25
13449
363
5813
12
4475
4367
0
29
4475
11021
0
20
1675
20
632
956
363
538
6
20
5304
290
3305
25
290
5172
20
2192
29
4508
12
20
554
12
29
20
4601
12545
302
20
5304
2795
289
491
2192
25
336
302
39973
6
4118
25
29
6
641
16
25
1033
3139
20
4118
13
20
3735
29
20
11575
29
331
2795
840
25
290
3940
12
13
348
2568
22679
0
290
539
3139
13
363
9761
2
25
985
369
2192
25
289
6827
12
347
407
3066
5013
12
29
348
6512
20
8897
12
1029
25
347
315
4008
363
3735
315
3
29
363
11575
13
348
369
3673
24882
306
20
7227
1156
0
347
761
0
713
0
347
5122
306
302
13291
2
20
9070
13
6
25
424
29
348
462
1972
6
25
565
12
20
4730
306
20
7227
29
363
20
971
12
306
20
46073
2
20
9070
13
2037
25
15547
297
3139
22182
12
13
348
25
3990
686
25
2
745
25
336
20
27043
12
29
6
387
964
22
2281
289
1058
20
15501
29
682
2811
20
15501
20
16086
322
20
1801
2
20
1178
12
29
1252
369
1198
6
2569
20
15501
2
891
20
18298
29
20
9354
29
4973
20
2883
290
20
7330
29
6
5625
302
24882
583
15553
596
6
25
880
0
347
736
0
641
583
7639
20
2883
289
289
25
13
348
369
2444
20
18298
29
20
9354
363
50028
289
20
15501
29
419
1000
12
20
1361
336
20
7396
13
1079
1357
20
693
5035
29
20
7396
527
363
3615
6
25
965
1012
2
302
363
50028
289
25
29
22
2728
1838
12
20
15501
289
6568
10
13
348
25
49457
915
306
20
4813
28
290
2746
20
986
29
1033
3139
20
641
12
13
419
20
957
377
2795
840
25
289
20542
16
25
29
4248
25
1463
4
25
29
5058
16
25
13
363
538
29
302
39973
290
25
1111
20
2192
7144
12
11258
322
25
1687
0
45922
336
1996
12
20
971
377
11258
25
20
2192
30
20
2537
29
20
1127
29
20
6007
29
7144
12
11880
421
25
1687
0
369
396
8878
0
322
10
289
20
2234
30
20
957
2
20
554
12
29
4601
20
12874
4
13
348
25
289
20
850
13291
2
539
25
290
58811
20
4679
29
15349
20
16379
28
29
289
20
2192
416
2795
336
302
11962
2
686
25
13
3966
331
13313
336
3305
25
14927
336
1636
28
20
1636
20
491
20
957
2
5172
20
2192
29
20
2192
5713
289
20
20542
12
5172
16
28
5274
20
6643
28
29
20
59710
29
289
3177
12
20
2389
5172
16
28
20
2537
29
20
1127
29
289
20
31376
5172
16
28
17424
25
306
20
4105
12
29
17424
25
9311
0
29
289
20
4248
5172
12
826
12
29
443
20
6007
13
405
2131
5172
20
5172
12
20
1012
20
5274
306
20
6643
28
433
18848
413
34973
681
8
3875
596
4269
596
421
25
29
1656
985
15
8
5304
28
347
2192
302
363
52022
44541
8
662
12
1114
29
8991
27
1126
18848
413
34973
681
8
3875
596
4269
596
421
25
29
1656
985
15
8
5304
28
347
2192
0
302
363
52022
44541
8
662
12
1114
29
8991
27
6702
25
20
28982
29
24652
25
29
1487
6185
25
29
20
3786
289
20
2073
29
1487
47276
29
1487
37273
13
402
290
9732
20
6643
306
20542
12
13228
227
12
6
20
3177
12
714
3532
13
6
25
302
24074
306
6643
25
290
739
1662
25
662
12
1114
29
8991
27
348
369
5304
0
347
437
0
29
1824
12
348
369
2938
0
29
523
2
1240
12
2500
20
491
302
658
20
9732
414
4208
20
20542
12
13
1252
8307
20
1486
20
6989
29
6481
10
289
20
6643
714
8307
20
6595
13
6481
10
289
20
6643
462
44096
6
25
20
5274
606
20
14223
2658
25
596
583
19910
20
6989
29
5198
9732
25
20
632
302
658
20
6643
1691
0
790
20
6028
289
25
29
4680
20
5274
306
20
6643
29
348
462
1972
1641
454
1111
20
1483
12
2100
12
2
20
4381
289
25
289
20
2964
6
302
289
25
565
12
306
20
3248
12
2
1901
49318
20
7509
12
13
348
25
363
4680
20
5274
421
25
29
6354
20
7755
436
20
4504
20
1091
302
363
658
289
6568
2389
20
8307
7408
13
348
27616
2
527
19160
1759
20
2389
462
44096
20
5274
421
25
29
6
20
14223
1406
2003
348
25
4680
331
4838
746
948
217
306
20
1486
29
419
7964
4000
6903
596
322
25
29
363
9761
2
25
6
18138
20
1265
12
840
25
29
11249
20
27577
289
20
2192
289
402
739
29
20
54996
20
16191
4680
20
5274
421
25
2885
369
20160
0
363
4717
3027
12
20
822
290
455
25
29
6354
20
41957
377
5575
306
1759
20
3274
2
27762
6
302
20
1265
12
8865
336
630
424
13
363
1919
915
302
658
20160
195
29668
331
2246
20
10005
28
17330
369
13
1033
985
7068
545
1624
20
822
29
7068
20
3701
2
20
18757
12
462
44096
20
5274
421
25
20
1604
302
363
19910
20
6643
414
20
5274
421
25
13
348
4973
13
20
1012
6
25
3863
20
24958
13
348
10741
306
8307
20
822
28
4810
20
1931
302
24074
306
20
6568
20
12713
6
1759
2389
20
8307
363
306
20
6564
29
1455
25
331
4453
5274
0
306
1624
20
822
290
20
6643
29
985
5274
2
662
7746
19036
225
25
29
20
1012
302
4235
290
3185
12
20
1901
29
4436
25
302
24074
9557
25
29
6550
25
1382
12
826
12
290
539
4540
1126
5274
25
4269
596
421
25
29
1656
306
20
6643
29
6550
25
6702
25
883
7415
29
20
28982
29
2861
25
29
1487
6185
25
290
1126
20
18866
12
29
3297
2861
25
20
9811
29
883
5585
12
1198
1330
3875
596
4269
596
421
25
29
1656
29
1790
25
302
23786
20
745
28
29
3633
34623
7746
20
6989
290
745
25
306
34623
7746
20
6989
290
1486
25
29
24074
25
2
302
8543
7746
25
336
558
12
686
25
29
3633
34623
7746
745
25
20
6595
306
1842
25
290
6550
20
6643
29
4401
10
336
1469
20
822
29
2885
5274
2938
0
714
6733
347
5304
0
714
3625
9524
970
20
1567
12
7726
35872
306
437
29
1824
12
29
581
20
1114
20
662
12
8888
290
739
1662
25
414
20
5274
306
20
6643
13
1252
9732
20
6643
289
20
2234
29
5274
289
20
2234
714
2568
29
3532
289
20
2192
739
20
10098
713
0
5274
662
12
1114
29
8991
27
290
739
20
10098
336
20
10098
290
20
437
20
1604
13
985
2830
16
20
3160
290
20
437
20
1604
462
1972
6
25
302
19931
915
414
8307
20
1486
28
13
22009
1486
5
25
29
5198
9732
20
6643
29
18375
5
739
20
1662
29
12944
20
1861
290
739
20
1662
29
1252
3532
414
9732
20
6643
289
20
2234
714
2568
414
20
1662
13
6
25
302
24074
662
12
1114
6
302
20
1483
12
416
11354
20
9732
554
20
2037
714
363
790
20
28603
290
20
1662
13
1033
985
5274
289
20
2234
714
6733
10741
306
354
12
20
2938
28
29
40961
6
402
290
2205
9732
20
6643
289
2234
347
2192
302
25446
20
6643
29
28464
331
289
25
2721
0
290
418
12
347
17862
347
9875
12
1093
2492
322
1983
870
12
302
25
433
1927
3875
596
4269
596
421
25
29
1656
2
8447
25
13
9732
578
7
13
1075
9225
13
39582
20
641
714
16569
2
25
13
2568
16
290
25
418
12
13
433
4269
596
421
25
29
1656
290
369
6094
2
596
29
20
437
20
641
13
363
14921
8447
25
583
28464
7
1126
1983
870
12
290
369
6094
2
596
29
20
437
20
641
13
363
14921
8447
25
583
28464
7
11403
25
20
51549
29
289
25
290
363
2102
20
5172
12
20
632
12
20
59710
2
20
6592
2098
0
322
20
2883
606
20
10019
2150
17454
20
2883
2
302
658
1758
0
322
20
1770
414
0
1252
18796
840
25
462
9677
25
17590
20
6827
12
348
19435
347
13964
29
419
20
414
377
363
24385
25
2057
20
1770
289
32584
3
6
1646
20
1265
12
20
4381
840
25
29
6354
348
5085
306
20
2883
3127
347
2131
13
4680
20
59710
29
348
369
20
2883
1908
0
29
6354
348
12558
840
25
6
14396
25
289
437
25
347
414
437
25
6
1093
20
2883
407
745
5
25
13
6
25
20
59710
29
6354
348
12558
840
25
6
14396
578
50228
25
13
363
4680
6
25
20
24958
29
7062
25
3777
25
4475
2
3308
347
2
539
3308
29
1252
369
2795
840
25
6
10632
12357
12
347
5733
347
6
406
4065
210
4956
25
2
25
462
44096
6
25
20
59710
406
421
25
302
643
4868
247
2
20
4065
210
20
13229
29
5022
2345
20
12357
12
29
2885
10817
6
25
20
2883
29
1627
2647
25
29
348
10817
6
25
3308
25
462
1166
2647
25
6
331
289
25
290
16323
12
29
348
1805
2
3308
20
713
14516
25
20
2285
29
348
1805
2
18276
462
7062
25
13
985
462
1972
315
25
2883
29
3974
302
8418
199
13
491
331
7062
25
891
20
2883
2885
6912
20
1361
840
25
2
20
891
29
424
2
20
4381
2296
20
1770
29
3993
20
1975
29
891
20
7859
290
20
17609
29
20
693
711
13
348
3939
20
2883
289
1975
25
347
3939
7330
0
2
20
2163
290
25
14516
25
1250
12
20
3177
12
6
7953
25
289
20
891
29
348
957
302
25
22
3289
20
2883
289
641
20
739
13
20
1012
302
19931
2
20
59710
289
491
20
739
13
348
20
972
363
19983
2
25
29
491
20
739
8489
596
59710
1487
972
6903
596
322
7
13
5781
6
25
57789
400
199
29
6769
20
689
12
6615
840
1
13
433
347
12785
336
302
6481
10
29
2885
2211
20
2883
414
20
9176
289
20
3177
12
462
31499
3177
16
25
29
462
7062
25
20
24958
29
985
29
762
25
554
20
9176
289
20
3177
12
14516
25
20
24958
29
2885
891
13
462
3289
7726
5777
228
2487
0
2591
0
421
25
6592
21137
290
25
7695
29
848
34125
421
25
30
289
25
414
2327
7746
7
1934
12
13
24074
2
10
1112
25
29
8021
1934
12
660
414
4973
20
9020
29
19028
20
7746
29
24074
2
10
745
5
25
336
7475
5
25
13
348
462
12170
2
1934
12
826
12
630
745
5
25
1934
1934
12
660
29
2798
12
20
41480
289
25
331
935
8
25
289
1058
20
20542
12
13
363
12806
25
714
985
4269
2
25
11767
12
826
12
13
6
25
302
2836
828
331
5523
2
424
20
59710
29
348
3974
20
1127
407
11767
16
28
13
421
25
302
5198
20
59710
6
20
3177
12
20
632
12
13
363
19931
11767
16
28
915
2
59710
28
29
363
3933
302
8418
199
6
3177
12
554
1571
739
10
13
348
1330
29
1627
421
25
1250
12
20
59710
29
40927
606
5274
20
1112
17255
12
20
3177
12
29
1252
2211
290
20
2883
331
4976
25
6
545
20542
16
25
12706
21409
223
714
6
8418
199
414
25
59710
0
3663
0
20
5172
12
20
1091
12
289
20
3177
12
20
5546
12
20
2537
29
6
25
302
7194
289
402
826
12
290
20
1624
29
20
2471
29
20
6464
306
22246
16
28
29
523
2
2500
662
12
20
491
302
2783
10
289
4601
10
13
1252
2250
16
1646
13
20
3217
15135
20
6321
20
632
446
9918
20
2537
13
1252
16566
20
6321
14516
25
20
6321
29
1252
1910
289
302
25
16566
20
2537
347
20
6321
14516
25
20
6321
20
1091
446
363
40292
2
2938
29
363
2
5304
2980
13
348
1330
14516
25
20
6321
406
348
1910
289
302
3784
25
2938
347
5304
14516
25
20
6321
29
348
21638
414
25
302
25
5304
6
302
2617
20
5304
363
19445
13
6
1972
19589
0
606
20
857
12
29
348
1910
289
302
3784
25
1081
16566
20
2537
319
363
414
302
2219
302
25
5304
462
9466
25
424
6
302
20
857
4
363
9234
421
10
29
387
402
25
985
369
289
2192
1558
17338
1029
20
2192
290
558
12
20
1311
12
29
20
1181
12
289
25
10270
13
363
538
290
1996
16
25
29
20
2192
419
20
27886
290
6568
20
1567
12
315
3482
20
5078
2
12912
1190
13
20
25942
29
7352
20
23757
498
682
6
25
20
35816
29
419
377
363
7661
6568
0
2619
0
29
363
13515
5304
0
331
462
21853
6575
20
850
29
363
10354
302
34942
9430
20
850
12
29
11856
10
335
4235
2057
20
850
12
840
10
6
20
18091
29
1033
20
1977
12
13
20
5304
290
10
3933
302
34942
20
11856
20
9046
245
12
743
335
682
16
2
9046
245
12
29
1252
8850
20
5304
336
20
850
6
2104
1557
3939
25
462
3161
552
348
369
424
1349
25
331
462
34942
20
6575
29
348
462
1972
424
419
20
1349
13
6
25
20
35816
1111
2250
5304
0
2
20
44548
6260
194
29
20
2037
290
25
29
1033
1181
12
20
2192
13
2
578
1687
662
12
20
491
20
1361
336
20
6575
290
20
850
377
5377
306
20
1567
12
2
25
20
632
20
5377
306
20
1567
12
662
12
1114
13
6701
0
4475
289
850
347
289
4875
20
1091
947
12
20
1567
12
29
348
462
57029
506
985
3625
306
6568
826
662
12
1114
2443
437
20
1571
462
1972
6
25
20
35816
414
25
29
348
462
57029
306
20
1567
12
29
369
6
25
4092
29
419
3638
402
437
1779
25
29
523
25
1945
436
421
25
29
14107
13
6
25
302
3161
552
29
348
2992
16
20
354
12
306
56511
220
20
1406
28
6
302
25
23354
2
2052
25
29
5304
322
20
1349
2
947
16
25
29
363
19401
12
2
947
12
20
11792
306
6568
826
315
13458
20
1950
29
363
1529
407
302
658
387
20
4092
4649
0
347
539
25
29
363
407
302
13798
20
354
12
347
20403
29
363
407
302
14107
20
2037
6
2421
363
4086
31276
25
662
12
1114
347
6
539
25
1111
35816
3875
596
4269
596
421
25
29
1656
13
2537
289
545
20
5012
4
2904
12
761
437
0
306
6568
826
1126
2537
25
4269
596
421
25
29
1656
289
545
20
5012
4
2904
12
761
437
0
306
6568
826
6702
25
883
7415
290
1126
6575
413
12830
289
939
12
20
1363
13
3625
2
508
12
2904
12
761
1824
12
363
19931
915
22246
16
28
29
6
20
9811
290
1126
1487
2809
3625
2
508
12
2759
12
761
437
0
18246
20
3177
12
29
6
1983
7415
2131
12
761
2
1147
20
1468
29
289
2540
12
6
25
1240
12
761
29
2560
20
681
302
25
1252
29236
20
4649
6
29236
35816
25
1111
363
2811
6
20
2120
2
2904
12
761
437
0
29
20
2560
302
2537
25
369
6
1348
25
5304
0
363
6
1348
25
4927
0
3344
0
387
2811
20
2537
29
1033
2811
20
30483
13
419
302
658
1135
16
28
402
1135
12
2904
12
13165
197
29
402
47083
662
12
17732
29
402
2109
952
12
1879
1709
12
29
402
1709
12
662
12
8367
29
2811
20
17338
302
363
658
23035
0
6
1937
5
25
6053
0
290
7
29
363
6053
0
290
4000
25
29
363
846
20
1637
12
6053
12
290
1514
10
29
363
302
658
290
421
25
20
986
6053
0
290
20
4078
315
20
5572
29
363
658
8664
0
289
1891
718
347
1309
1310
347
891
43958
5680
290
2162
8842
347
7556
2
20
2645
407
20
1305
28
29
2
20
3248
12
13
363
10545
20
1310
915
289
4347
29
20
4347
419
20
4763
13
348
369
6057
424
20
4347
5680
0
29
5641
424
20
4347
6
369
363
30632
6
2192
25
13
2192
25
22182
12
29
363
4680
289
25
20
35816
29
1033
20
31309
289
20
2192
2
4323
20
12110
29
539
25
13
363
4531
20
5172
12
406
402
2192
17752
20
4731
322
25
13
363
8898
421
25
2
20
5172
12
29
1252
369
6
25
18199
23
578
7
17338
29
20
641
7698
29
369
2
527
1252
462
1972
20
18199
6
25
20
7698
6
369
20
17338
2582
0
2
6777
25
29
6
369
363
5813
12
10545
6
1003
25
13
6
25
20
35816
29
20
26680
12
20
12953
26
289
20
918
290
539
4347
2223
2443
20
18634
6
2486
12
20
5021
20
916
12
289
35816
3
1901
29
20
5147
302
6
3
20
35816
20
5172
12
20
1604
12
20
1127
407
20
1624
29
20
2471
289
15099
7
29
407
20
2758
29
20
6464
289
15099
7
13
424
3800
0
1812
289
402
2192
1558
17338
29
289
4681
25
289
20
2192
20
2799
1406
23
714
348
822
20
2471
336
20
1624
21393
218
20
1127
407
20
1624
29
20
2471
289
15099
7
554
20
4925
290
20
1624
29
6
33050
6
20
1624
29
39922
199
29
606
20
4925
4824
6
20
2471
29
11633
20
59710
491
0
348
369
2389
25
20
59710
29
363
12543
407
7
2
611
290
59710
29
1567
12
13
348
822
20
2471
462
44096
29
348
16566
20
1127
606
20
12299
2
3177
12
20
2471
4810
606
20
22671
209
29
6
25
1112
289
20
4182
1111
363
5338
363
6
8030
1147
20
857
12
406
20
4731
6912
20
1127
29
387
1127
29
2150
20
5172
12
289
20
2471
13
9438
20
857
12
289
10
29
1033
20
1624
44679
306
20
938
714
985
14210
290
20
13609
28
27173
302
4956
407
16835
20
13609
28
1033
20
2471
13
363
501
12
414
10
29
523
20
501
12
335
414
20
1624
19931
10
414
20
4925
290
20
2471
4475
7352
0
347
2938
0
6
302
25
1252
4269
5050
12
20
1624
554
20
2471
6
12303
16
20
13049
12
29
443
2781
12
306
1112
29
1252
3974
302
4824
20
952
20
33199
12
554
20
1624
29
20
952
20
33199
12
554
20
2471
28985
1153
407
27
554
20
11767
16
28
2301
5
501
12
20
1624
491
0
714
501
12
20
2471
714
11767
12
20
1624
714
11767
12
20
2471
714
501
12
20
1624
20
22246
2377
15701
721
414
20
2389
29
363
3933
302
21103
20
42544
289
20
2192
13
331
14479
25
290
3725
10
611
988
8893
25
290
20
4141
363
3201
29
416
15124
20
4731
421
25
29
6912
6
25
14327
10
306
20
4105
12
1001
363
1945
436
322
20
5761
12
2
804
10
29
348
646
20
1624
336
20
2471
13
2931
306
387
20
2744
29
363
32839
2
3392
5050
12
20
1624
414
20
2471
289
20
739
20
19299
6
302
331
6
25
804
363
13039
289
387
20
739
29
1198
4670
289
20
2758
29
20
6464
29
20
10558
29
985
822
347
646
13
414
20
4925
290
20
2389
16254
2
630
20
4599
29
17463
20
630
2
20
10558
29
348
2130
6
25
935
20
1624
554
2037
739
25
7726
242
668
306
6026
25
315
20
2471
630
0
13
419
857
12
20
1127
6
302
25
2150
11980
322
405
20
857
12
4475
2042
12
20
780
347
2042
12
20
5292
322
739
20
2471
29
424
5680
29
20
5377
421
25
5680
29
348
462
9467
20
1624
583
2568
739
25
4475
6
4154
347
6
4092
13
6
25
302
2783
20
1624
315
20
2471
29
363
658
11941
0
6
302
20
2192
506
6253
322
1330
20
3177
12
1093
6253
322
935
10
29
10339
302
5191
348
20
1624
2150
3381
1673
985
5377
306
1330
10
554
2037
739
10
29
523
20
3217
302
739
20
1624
29
20
2471
2250
1509
0
289
20
2192
407
20
13609
28
29
6
424
1166
306
20
58362
222
269
1646
20
1624
985
18881
16
554
20
10442
29
6
424
38736
227
302
363
15780
20
13049
12
29
363
20
2744
407
20
1624
29
20
2471
606
5292
20
1624
1033
985
822
20
2471
306
20
1624
462
44096
6
302
331
414
20
4925
290
20
1624
419
377
1968
739
0
6
20
2471
1111
8949
302
16254
2
20
2471
290
419
13225
306
780
20
1624
347
306
5292
25
29
10019
20
2421
349
575
6
20
1127
30
10019
20
2192
29
780
20
1127
12
3800
0
290
5172
20
2192
29
443
2395
12
3800
0
2
26564
20
12874
4
29
1252
16566
20
1567
12
414
302
4269
20
2471
13
6555
739
20
2471
289
20
2234
13
421
25
1673
20
2471
29
331
5615
2150
369
21759
222
0
2
1037
302
3040
20
10019
336
2037
739
20
2471
20
5172
12
20
1931
12
20
52776
7352
0
369
3875
596
4269
596
421
25
29
1656
19931
306
4105
16
25
10351
1917
16
2
25
18544
16
25
1126
369
19931
306
4105
16
25
10351
1917
16
2
25
18544
16
25
29
43554
306
20
4105
12
7388
421
25
290
1126
1487
972
29
43554
3875
596
4269
596
421
25
29
1656
306
20
4105
12
29
682
306
20
1619
828
20
7352
289
20
32525
29
20
25383
915
20
24920
29
3933
302
2651
25383
25
49678
290
32525
25
29
363
7062
25
20
45720
3410
336
599
4270
2
25
6
2130
2
804
20
18544
12
13
348
369
289
20782
13
6
697
20
32525
29
20
25383
13
348
25
2188
421
25
29
1033
2483
20
554
12
13
363
1166
363
289
5855
20
3177
12
29
363
289
5074
10
29
523
8815
20
718
5553
322
20
554
12
13
6
1972
289
630
3177
16
25
4475
1393
0
6
20
554
12
347
8664
0
289
8815
20
718
6
846
6
25
558
12
6196
289
10
13
1252
5372
18544
16
25
322
20
718
5078
0
2569
16
3177
16
25
915
985
5372
10
336
20
554
12
29
1252
5372
10
32659
0
29
2537
20
4770
462
31499
3177
16
25
29
348
2992
13
289
25
1901
29
348
457
227
16
2
25
20
18544
12
13
18690
16
462
31499
3177
16
25
6
302
424
988
13268
3392
25
29
682
421
25
25383
19408
1111
20
17083
539
6695
840
25
2
1901
331
1252
5372
32659
0
13
348
25
42384
6
20
19408
2
20
24920
20
5172
12
20
2436
12
20
52776
6
20
9311
1812
289
20
2192
29
437
222
2
20
32525
29
20
25383
29
363
27934
6
20
2575
6
302
424
24888
3436
12
20
5172
12
29
970
25
970
20
7352
523
3933
302
2344
2369
2
20
3177
12
1393
0
6
20
554
12
6
302
20
8432
289
2478
12
363
16293
421
25
289
25
2
1901
20
7352
13
348
289
17271
20
18544
12
29
348
369
20
7845
2
745
25
1293
16293
29
1963
12774
20
3177
12
13
13666
421
25
424
29
363
3933
302
15219
289
41703
12
12430
12
4844
0
13
348
1330
2569
16
3177
16
25
2
1901
331
1252
37743
16
18544
12
20
7352
41703
12
29
682
421
25
302
40646
20
6028
306
686
25
2
20
28603
290
20
41703
4
335
363
10964
20
718
322
10
3215
0
29
402
6053
290
3127
347
4918
347
2131
13
6
25
302
19931
20
11767
12
7352
0
347
9311
0
506
935
8
25
289
20
52776
20
5172
12
20
1953
12
20
6007
29
419
289
20
4248
56932
31617
211
302
27632
915
985
1216
2938
0
714
6733
13
421
25
6321
424
20
437
29
348
1216
5304
0
11172
0
714
3625
13
421
25
20
6321
29
348
3625
42218
13
682
421
25
20
11073
2084
12
20
4371
29
348
1216
5304
0
306
5377
20
4248
462
7062
25
406
6
25
302
27632
985
3974
29
20
4248
1243
290
20
6007
29
20
2537
1243
290
20
6321
6
20
2037
322
3185
12
20
1901
29
4849
25
682
289
1800
12
20
1646
2
1901
20
42218
13
348
25
289
1800
12
20
1646
29
1963
17454
421
25
424
2
9810
32247
289
5711
16
25
915
985
369
20
4248
9466
2
25
13
20
6432
1243
13
405
2131
5172
3929
662
290
10
2
20
2192
20
1558
29
443
20
2537
29
20
6007
29
20
5274
662
12
1114
29
3929
17622
290
10
2
20
2192
1558
0
369
347
2799
0
29
7
2962
20
1127
12
29
2962
20
1646
606
1673
20
3177
12
2
20
59710
29
1033
3177
12
20
22577
12
9311
0
29
7352
0
13
289
25
1901
29
20
18609
4681
25
289
20
2799
29
20
1127
407
20
13609
28
289
25
1901
29
20
3217
3851
25
2
20
1558
29
1033
3177
12
20
2389
7352
0
29
9311
0
6
20
2936
13
363
3929
2
20
2192
29
6354
5648
20
5351
12
29
6354
1673
20
3177
12
289
20
637
2
20
59710
606
1093
20
2883
406
12458
289
10
20
2234
29
20
2192
2885
2211
16
1801
10
13
348
1457
16
13
20
957
2
405
20
5172
1081
1166
306
20
5304
3305
25
554
20
2192
319
40961
6
25
424
13
12545
302
25
348
369
13225
0
306
780
20
5274
29
20
2537
29
20
1127
29
20
6007
29
780
20
52776
7352
0
29
9311
0
462
7062
25
957
2500
20
35816
289
424
6
302
20
35816
682
2
2781
421
25
29
1033
957
5172
12
20
59710
4723
668
223
6
302
1093
20
2883
682
840
25
915
302
10545
306
28056
3853
19983
2
3266
1569
25
347
658
315
25
289
20
718
687
5122
306
44327
310
25
606
20
1265
12
13
6
25
302
17681
336
739
20
1265
12
1033
985
369
10006
770
20
2883
29
462
1972
315
25
4723
668
223
20
3305
363
5813
12
13
348
1457
16
20
59710
2795
840
25
6
3177
12
462
3618
414
739
10
13
1562
1166
957
20
20542
12
6
3177
12
414
462
19698
29
1963
363
19698
13
3871
290
407
25
29
407
20
10005
12
3546
12
363
10136
915
289
501
12
4723
668
223
554
1717
20
894
5855
20
2192
29
7062
25
3305
20
11734
363
5813
12
985
369
10006
302
25
363
3289
289
20
718
290
9352
290
25
6
302
20
2335
20
913
12
29
1730
10
29
331
363
14105
336
20
2781
915
2
25
13
419
2781
29
402
331
3638
29
15664
25
2370
0
2560
0
306
20
5828
29
6
25
1037
363
14105
840
25
915
2
1147
424
20
1037
306
739
20
7612
16678
221
1147
3305
20
1037
363
5813
12
30
957
20
11734
554
739
20
894
29
554
1476
16
25
13
363
5145
3966
6
20
5304
302
41167
7370
20
2192
331
462
9352
387
20
971
290
957
20
59710
29
348
369
13225
0
306
6337
20
5172
13
421
25
302
9352
3800
0
20
971
377
935
8
25
290
957
20
59710
29
6337
20
5172
13
348
25
985
462
4086
20
971
20
1812
6
5172
12
20
2192
462
790
25
20
15259
421
25
13
348
1457
16
348
25
348
462
9352
2798
12
20
52776
7352
0
29
9311
0
2635
9466
25
29
2303
16
25
348
4269
302
846
3177
16
25
6373
12
29
443
539
2781
12
13
1562
658
957
10
2781
0
13
3871
290
20
2781
302
363
19931
20
31376
306
13665
20
2645
13
20
52776
315
20
1662
29
20
41703
12
29
336
539
20
554
12
29
290
539
6321
2500
20
3177
12
29
4330
10
5680
13
421
25
302
9352
331
40734
224
2
25
322
20
22577
12
20
6373
12
2721
0
322
20
3392
289
20
7698
4
13
387
994
957
331
15124
322
20
5304
289
2192
25
20
1636
20
632
331
20850
290
20
3443
12
2
804
20
2192
29
419
957
20
554
12
29
20
17566
4
29
424
3800
0
2781
289
20
2234
29
523
289
20
2234
290
4976
25
290
21279
7388
421
25
12263
25
322
891
20
554
12
29
16379
18558
20
739
26838
31150
322
891
957
20
739
29
20
5304
416
22981
421
25
20
554
12
29
416
49457
421
25
20
739
13
363
538
6
25
290
20
957
2
4508
12
20
554
12
29
20
26383
1033
4508
12
20
554
12
13
443
662
12
4590
4068
12
30
20
16884
2
20
5445
29
20
3066
29
20
8777
29
8326
12
30
20
16884
2
20
5306
1489
10
29
1258
10
29
16354
10
29
32169
10
29
9285
12
29
443
20
3052
13
1033
20
4068
12
29
20
8326
12
13
6343
2
3429
20
918
13
919
718
289
25
2999
3614
4086
302
25
306
4548
20
1393
347
1489
25
347
21636
25
347
21845
25
55834
424
29
6
6976
25
29
1198
20
5306
416
7643
289
545
20
918
13
4539
3
424
29
11703
0
12794
306
17079
424
1111
6
402
850
29
3282
970
641
29
1033
20
9285
12
13
4508
16
10
13765
336
18235
12
29
336
8094
12
1033
20
18235
12
13
20
3160
13
363
538
302
16736
554
20
2037
290
20
850
302
20
3160
606
20
10098
3022
3381
290
25
32639
407
20
17939
28
347
306
20
1357
20
6989
347
20
6595
347
11612
336
20
13812
2109
195
49901
290
424
13
348
20
3160
363
23720
289
20
918
20
2154
12
405
20
2032
13
985
2444
424
13
2885
2219
20
10098
2
2909
25
377
22
9913
25
2219
20
554
12
2
25
29
1198
16736
2032
20
3160
290
25
739
20
2471
13
348
25
289
7421
20
739
28
2795
336
20
554
12
2
20
1368
12
29
387
3800
0
6
331
369
5484
2
20
918
13
682
790
41585
2729
25
29
1033
20
554
12
739
20
2758
13
348
10
8748
2
6568
20
10442
29
424
2
302
6280
302
20
3160
29424
322
4548
20
1393
347
443
17509
12
336
1112
25
347
29021
25
29
2
20
12917
3800
0
2275
20
554
12
6
20
6464
20
873
12
29
2
7238
20
3160
2275
20
554
12
6
3177
12
20
7165
13
30
302
20
3160
7643
306
20
554
12
289
20
12874
4
20
1240
29
523
5484
424
2
20
6187
29
20
3165
13
348
20
24880
29
20
9460
730
12
29
348
369
16
10862
12
289
558
16
28
13
363
538
290
3305
424
3800
0
29
523
416
23178
20
2758
29
20
6464
414
13353
12
20
12917
13
363
790
25
302
24289
306
20
554
12
2
25
13
421
25
302
18558
6568
20
7315
29
419
20
6052
377
5191
6
25
20
20036
13
348
25
6052
30
20
3490
363
3463
942
16
25
322
6568
25
29
424
4475
302
658
306
29021
20
1393
347
306
32466
25
20
4280
290
1624
25
347
32466
25
20
7878
289
20
918
20
2154
12
290
508
12
29
289
20
918
20
2174
12
30
20
1699
29
331
9560
10
31657
289
1163
12
20
1393
27205
386
424
29
331
2219
25
289
850
25
7726
2187
196
421
25
289
20
718
402
25
915
985
2992
20
2192
13
348
20
3546
12
1111
414
16
7335
1099
20
3160
29
1099
20
7315
29
1099
20
24880
29
20
9460
915
302
5654
289
1517
2192
25
336
918
27173
302
6642
2057
20
12876
12
347
10682
405
20
12555
29
419
1393
21279
785
20
850
583
8429
6
25
424
13
2885
3305
405
20
4508
12
13
6
25
302
10754
421
10
13
348
2400
6
25
302
25
9891
290
558
12
20
554
12
336
558
12
660
290
20
558
4
20
952
27173
302
5602
29
348
18690
322
1838
12
16390
12
20
554
12
29
523
462
4235
322
558
16
10
462
7062
25
20
1646
29
416
6635
20
11910
1901
0
289
302
20
2122
558
12
20
10005
12
347
1357
10
29
40349
2811
424
306
4008
1111
433
24
348
1457
8
348
20
2122
20
1357
13
4443
11619
387
315
414
20
7510
29
348
1457
8
348
20
2122
20
558
12
13
20
10169
289
20
2574
348
3158
558
12
20
10005
12
29
419
1220
2
13802
25
322
12476
12
20
10005
12
363
1901
289
302
25
363
19214
3177
16
25
29
416
2950
24
289
10965
2811
20
1901
289
20
558
12
29
20
1357
29
363
538
491
0
290
2628
2811
1163
12
20
1357
29
1163
12
20
558
12
13
2811
1163
12
20
1357
302
4223
1435
0
1252
2568
514
12111
290
407
1357
5
25
336
4213
20
10005
12
363
2095
2
25
29
1677
290
831
5
20
514
4988
2377
10289
2377
29
405
947
16
25
29
20
514
20
1220
290
1435
20
14483
5122
302
25
1220
290
407
1357
5
25
13
405
947
12
1163
12
20
1357
29
1033
1163
12
20
558
12
13
4680
289
10
302
8697
1900
20
514
20
977
290
407
20
1357
28
336
20
10005
12
290
539
302
18572
20
4988
2377
322
30635
20
514
406
363
18572
20
4988
2377
915
985
4478
20
514
336
1300
12
2619
12
443
826
12
13
1252
354
387
20
514
306
20
15355
12
336
6337
20
1300
290
4548
10
347
1489
10
369
16
1794
20
4988
2377
22133
34342
322
1163
12
20
1357
29
523
363
4235
322
1163
12
20
558
12
30
20
514
377
1528
8
421
25
1163
12
20
558
12
13
348
25
1252
971
20
10005
12
306
1900
424
20
514
6
369
20
10169
1393
0
6
558
12
20
10005
12
363
6
1357
10
1029
847
20
558
12
331
3718
407
514
28
25195
7
20
10169
1393
0
6
558
12
1220
28
290
20
1357
28
13
4256
1900
0
7
289
1004
20
1469
407
20
1357
28
306
4988
12
1268
12
13
331
3718
407
20
514
28
20
1220
28
290
20
1357
28
13
419
1004
289
20
558
12
6125
12
331
407
20
514
28
13071
2
2950
20
514
28
29
2
20
414
322
20
10005
12
29
405
947
16
25
421
25
20
998
13
985
2628
2811
20
1357
29
20
558
12
13
3871
377
9973
606
8
289
20
7079
302
20
2122
20
1357
348
369
16
20
10005
12
988
790
2140
16
10
29
348
369
2795
336
20
16884
421
10
6
11249
2140
16
10
13
4976
2483
20
558
12
13
1033
891
20
1357
606
20
2486
12
13
2624
421
25
29
1033
20
8201
2
20
558
12
606
11249
20
7898
12
13
5553
421
25
20
1058
29
20
501
12
29
1330
20
11679
12
6903
596
322
3
29
20
4182
1033
20
1058
13
1406
25
3805
29
18915
13732
4894
24
5038
14
7764
25
446
974
25
29
290
3958
558
12
20
10005
12
5191
416
10874
1112
25
7764
10
29
1033
20
501
12
13
331
2492
322
3875
596
4269
596
421
25
29
1656
302
25
433
6
2057
20
689
12
331
407
20
2758
29
20
7238
14959
1126
331
407
20
7238
29
20
2758
14959
6702
25
20
28982
29
24652
25
29
20
3786
29
433
9248
29
1487
6185
25
290
1126
1983
21519
12
29
20
2758
3718
306
4548
2057
20
689
12
29
20
7238
306
5572
3
13
1968
3875
596
4269
596
421
25
29
1656
630
331
3718
407
7
14959
29
2149
12
20
10005
12
363
15691
2
331
407
20
7238
29
20
2758
29
2150
15444
2
424
558
16
10
29
2492
387
20
7590
3800
0
322
972
29
1487
25
6903
596
322
7
29
1033
1330
20
11679
12
6903
596
322
3
13
331
2492
302
2574
37837
369
24
289
3177
12
20
7165
2
20
689
12
1393
28
6
1555
20
3849
30176
4733
219
20
10005
12
6
302
20
689
12
407
7
13
5781
6
3
1100
416
724
16
20
554
12
336
20
10005
12
13
23714
24
289
1517
20
3177
12
290
539
891
4785
12
1126
348
2057
37837
369
24
289
3177
12
20
7165
1393
28
6
1555
20
3849
13
5781
6
3
3068
348
20
554
12
416
724
16
336
20
10005
12
13
23714
24
20
1126
6702
25
1305
290
1126
6238
29
4251
0
421
25
290
1126
1487
972
315
3429
29
462
11380
421
3
29
4434
2574
3
6210
20
554
16
28
29
1163
12
20
1357
290
20
689
12
336
508
12
363
2275
915
2
4508
12
5702
12
13666
20
1008
289
10
13
1562
6555
24
424
306
20
27545
12
289
1517
20
3177
12
29
289
4298
12
20
1824
29
5553
3800
0
290
1330
3
302
3
413
24
20
4679
2296
508
12
29
289
6337
918
20
1741
29
462
5126
24
551
1868
0
606
2126
12
20
58811
29
1163
12
20
1357
363
8748
915
2
1640
20
1008
20
5702
29
1033
20
4182
13
419
302
20
1265
12
8865
336
20
2483
29
1084
20
4679
289
630
11886
20
1155
29
363
790
1163
12
20
1357
915
2
2358
5702
12
462
5575
20
4731
2
20
1008
289
10
406
1963
24663
211
322
20
14008
289
957
10
13
1562
42226
681
20
4731
421
10
13
1166
20
8201
2
20
558
12
6
20
1368
12
29
1033
2909
479
12
20
947
12
335
947
8
10
29
419
4893
558
4
20
687
289
952
558
4
13
1406
25
4269
596
421
25
29
1656
289
5535
1646
20
1265
12
363
8811
24
2
10
20
554
12
29
363
912
5562
31031
195
29
523
1241
24
347
1819
24
1126
363
8811
24
20
554
12
29
363
912
5562
31031
195
29
523
1241
24
347
1819
24
7388
421
25
290
1126
1983
8971
29
433
387
2
20
689
12
29
20
7238
306
5572
20
1393
2
10
29
20
2758
306
4548
25
13
13567
322
558
16
28
29
5172
289
558
16
28
29
800
424
952
558
4
29
462
15191
2
4350
578
302
558
4
20
687
790
302
5677
289
1148
347
2131
347
761
29
17330
369
13
331
970
20
3701
406
20
558
4
6288
289
20
5138
4
1084
306
3045
12
20
1310
29
682
6
25
915
952
558
4
21845
29
2123
29
4548
29
1489
13
369
16
20
558
4
2
20
837
12
336
20
1310
289
2560
20
1008
952
0
29
20
4731
363
15131
915
306
713
405
20
5138
4
13
1624
302
20
2122
20
558
12
29
424
8072
681
20
7356
289
10
29
3305
2
25
6179
12
20
554
12
13
1033
1163
12
20
1357
13
348
10
2275
2
1996
12
4682
1046
508
12
322
514
20
25435
29
4682
1326
4
2950
10
29
419
414
10
322
491
3841
12
289
20
7238
714
2102
424
3800
0
289
1435
20
14483
714
9369
578
7
2
20
641
29
2795
289
25
336
1000
4
29
1801
1558
12
29
20
4731
539
6102
421
10
1891
0
13
3966
20
971
377
421
25
20
998
363
538
290
3305
25
290
4508
12
20
554
12
1099
20
7238
29
20
2758
289
20
10098
29
1099
20
3160
739
20
2471
13
2
387
6890
20
7612
13
348
1457
16
13
1252
2568
20
5304
290
539
3305
424
1081
460
2600
13
3871
348
369
718
25
306
3066
5013
25
289
10
58811
347
369
315
25
289
20
718
12876
2
4508
12
20
554
12
10683
2
2507
16
25
29
12876
16
25
29
5122
306
6861
25
13
363
460
2600
29
348
462
1972
315
25
1557
290
424
24129
6
302
25
22
4270
6
7612
20
2483
29
462
1972
416
1677
957
25
13
2250
424
30
957
20
59710
29
539
25
13
348
3305
405
20
4508
12
29
9421
469
421
25
20
681
2
15521
9744
347
780
20
3305
29
462
3289
289
20
718
290
20714
25
13
421
25
302
19931
289
20
739
306
1068
637
25
714
421
25
20
1646
1846
4793
319
9891
29
20
13387
682
6
25
915
20
6861
51153
228
290
19983
15742
25
29
12876
16
25
348
369
10805
25
14231
0
289
20
554
12
29
348
369
16
20
554
12
2560
12
13
6
25
2185
1406
402
2664
11903
25
2
424
289
2234
347
2192
29
682
6
20
13387
29
363
6
20
14420
302
10545
289
6827
12
682
289
10
290
2102
4508
12
20
554
12
527
2795
336
20
16884
506
682
6
20
11889
302
4824
2
850
12
682
289
10
8272
687
2
7071
20
4731
406
7062
25
20
3058
12
336
527
3289
290
4086
25
986
25
29
6354
348
462
1972
289
20
850
915
8272
30670
13
421
25
20
3058
12
3800
0
1111
363
4680
6
25
2185
7079
20
30670
406
20
2507
12
1037
6
4681
2647
20
7079
506
289
20
2540
12
29
348
369
2082
0
2
20
8037
14143
20
637
289
20
2507
12
29
20
31309
13
6
25
20
2647
2885
462
3289
290
6
25
2507
12
2560
12
6
302
20
5304
289
20
918
363
5122
302
3750
322
2507
12
20
10017
28
13
348
13854
25
28291
0
6
20
12434
347
331
12990
421
25
20
1327
343
199
347
7352
0
6
10480
421
25
3093
2489
1093
1624
31309
25
29
10016
421
25
2647
1406
25
7726
1552
539
25
29
1198
985
13854
25
10350
306
9182
12
2162
3619
1281
25
5680
347
4518
290
25
43958
0
347
1618
12
290
539
302
4086
302
377
4518
25
290
1112
9984
13
402
424
31309
50028
289
20
2507
12
29
4531
290
2647
20
7079
29
20
2540
12
29
20
2232
12
29
1033
1996
12
4601
20
12874
4
20
1240
13
363
538
290
10
13
739
20
1624
3618
2
20
10098
13
348
402
736
363
538
302
3718
6
25
289
5855
20
4371
1442
14378
289
831
20
2758
714
363
3262
10070
336
739
20
10098
714
4518
289
20
1154
12
289
558
12
20
7238
29
363
3262
2893
336
20
10442
13
6
13274
20
5304
289
6568
347
6
13513
1266
0
12111
0
29
6
4086
306
1469
20
1442
714
6
4934
414
1053
12
13
348
13854
25
289
20
17943
13
462
3618
414
739
20
1624
29
718
25
289
1996
12
424
302
4934
289
20
850
739
15349
20
16379
20
4172
1442
968
16
25
13
348
369
713
0
662
12
12572
2
822
25
13
2885
2250
1198
289
20
2192
29
2104
289
20
1154
12
4269
13
348
3139
421
25
1148
12
8367
29
1520
0
2
822
25
1858
739
20
2471
1111
1442
402
736
2
822
25
1148
12
8367
29
1520
2
20
3067
714
1442
20
10098
2893
402
437
348
369
2192
25
290
491
20
3165
29
348
369
290
491
20
6187
13
10070
402
437
29
5505
331
2102
2
25
1442
20
10098
20
7450
49226
3042
2023
223
20
5304
29
9119
29603
3429
20
1442
2
25
289
402
739
29
348
2219
1099
20
3160
290
1393
20
554
12
739
20
10098
29
369
289
20
2192
289
6568
1624
16
20
554
12
289
25
2
2909
641
46591
302
2102
20
739
2
20
3160
2
302
18284
407
1357
5
25
713
0
348
369
16
1198
289
20
850
29
1033
739
20
2758
30116
2
20
10442
29
523
416
17954
20
5445
20
2758
322
25
27173
302
4934
336
831
20
7238
13
2885
1624
11731
289
20
6638
3614
290
20
1155
971
19134
1093
1858
739
20
2758
29
1033
20
6464
13
2102
2
13353
12
20
12917
29
419
20
4029
12
13
348
369
16
13824
12
322
25
2
5445
13
2102
25
2
3013
29
20
12555
20
4848
29
3927
16
10
13
348
424
658
414
13353
12
20
4029
12
29
1033
20
7165
13
2326
289
20
491
14378
0
30
8630
20
11638
13
363
6645
2
25
336
302
40674
4770
714
3499
12012
14308
363
460
1025
6450
25
2
20
1357
6
3013
25
13
387
491
20
739
433
4269
596
421
25
29
1656
682
20
7165
3297
29
1127
407
30
289
25
29
2150
20
7165
3297
29
782
1794
16016
10007
306
20
660
29
1363
7
1126
682
20
7165
3297
29
1127
1723
25
2150
20
7165
3297
29
782
1794
16016
10007
306
20
660
29
1363
7
29
1010
336
302
25
14308
6702
25
1487
6185
25
290
1126
1487
6524
2
9968
2223
11895
743
20
2321
12
2
20
1723
29
20
16016
16
28
29
6
795
290
1126
5449
413
421
682
20
3641
20
14378
289
20
6638
523
25
20
14308
20
3150
29
9968
25
1195
29
1010
2
25
336
23
25
14308
29
416
24289
421
25
2
20
2964
29
424
3067
363
787
289
25
406
20
2185
306
2486
12
2730
20
12012
1046
0
6
302
4008
0
5828
24
302
20
7165
9234
554
20
3160
2
952
2964
29
387
3087
6
302
424
419
20
3641
20
8158
29
377
935
25
20
4813
26
23
25
5183
306
20
3160
2
1770
16
28
29
387
3067
29
523
363
2185
421
25
13
348
545
20
2964
4737
14308
12
10685
12
29037
609
4770
23524
10
29
545
10
25812
12
13
13666
4770
23524
10
29
5484
424
289
20
850
3429
0
13666
935
25
3047
11794
20
2964
6
302
4086
2
10
2163
739
20
7165
29
414
25
13
1033
1838
12
491
20
7165
13
363
790
2159
25
2
1770
16
28
2335
0
29
306
20
3248
12
13
985
2084
16
952
2964
336
23524
2218
20
3160
2
4682
1770
12
59240
302
25
20
7165
20
8158
29
985
13010
1908
290
1770
16
28
6466
23524
20
7165
20
3816
29
3040
407
20
7165
28
971
5297
5
1770
12
2
20
3067
12725
289
25
302
25
290
739
20
7165
20
3816
347
20
8158
29
419
3628
3013
20
12012
29
2730
25
554
8328
1046
25
13
290
739
20
1910
3933
302
5022
20
11172
20
16024
29
2062
20
1268
20
10558
421
25
29
363
19931
3177
12
20
7165
583
24950
5
354
12
20
1910
13
985
2615
4269
29
1252
3974
17130
302
5122
306
20
787
739
0
2619
0
13209
289
25
3530
3846
0
29
1585
30466
25
29
19931
20
7165
5013
0
2
25
462
5122
306
424
13
682
1996
12
424
289
565
12
20
3027
2335
0
406
363
538
290
5622
12
6
20
2547
29
20
1910
29
363
2185
915
306
20
6609
29
363
2185
289
20
6609
915
306
302
13515
20
2691
36790
0
289
20
1046
583
4717
45674
247
20
2667
12
29
416
12872
289
387
1127
290
20
1255
730
2139
26
554
20
739
29
5553
421
25
331
11853
883
3519
20
28982
289
785
25
2
9968
25
322
5449
413
421
302
3875
596
4269
596
421
25
29
1656
433
402
24
29
29782
24
29
363
42517
12102
199
20
15143
20
17407
29
402
24
29
29782
24
583
11593
6
14
20
3150
1126
5449
413
421
402
24
29
29782
24
29
363
42517
12102
199
20
15143
20
17407
29
402
24
29
4323
24
583
11593
6
14
20
3150
433
20
6148
11403
25
883
3519
20
28982
289
785
25
29
433
1195
3025
29
419
506
935
29
11403
25
883
7415
3800
0
29
387
5868
289
1610
12
20
4029
12
433
883
3519
29
289
20
1675
322
12366
413
7688
29
1983
4583
29
7615
12
413
52933
29
419
1126
1195
3025
29
20
486
306
387
606
2057
20
957
29
433
1487
2809
6903
596
322
7
402
24
29
29782
24
331
4838
20
2691
15143
0
433
1242
20
3025
28
446
14378
0
13
985
363
3933
302
10754
915
306
3013
20
2667
12
29
30
302
10
45674
247
866
55882
29
2150
2795
20
5304
336
1996
12
20
4601
6
302
25
416
13536
2
20
3177
12
554
20
3985
583
363
18492
421
25
20
5687
347
554
20
4154
583
26225
13
348
1349
686
25
306
5292
20
3177
12
336
302
59240
13
4600
686
25
2
7995
5810
12
491
20
739
29
7125
4192
3729
12
20
5687
29
3729
12
5292
20
4154
336
20
21638
29805
322
3305
957
20
4601
13
348
20
1341
4773
20
4601
363
4931
10
48