1058
5535
20
4227
45
141
218
45
419
20
1058
20
2436
290
2413
20
1483
4
290
1528
6086
2358
20
986
4134
199
596
20
3520
20
6700
292
45
1719
6
596
377
6664
20
3047
12
306
1866
12
3045
25
29
10657
16
25
2
302
2147
16373
3
336
53328
16
25
29
46982
3168
3
290
20
35010
2
2486
12
43717
222
25
29
4511
16
25
29
2108
6891
3
2
33680
16
25
29
52898
16
25
29
56116
289
4318
3
20
1008
336
24467
20
4118
29
3757
16
10
583
37789
1492
2
4227
16
25
402
290
17218
16
20
8561
322
11686
13
617
16
25
13
58588
2
12769
12
20348
4
1112
25
3805
289
8256
16
25
29
26208
200
2
424
322
20
6238
2
20
937
29
348
369
290
6097
560
16
25
29
20
3177
12
306
1096
8
534
1096
57309
25
29
1866
16
25
29
306
10376
29
11679
16
25
1883
12
20
584
29
9644
16
25
1033
414
13
348
6
20
1255
3429
0
730
0
289
20
4227
12
29
20
22560
12
29
12422
8759
7
306
20
660
29
315
302
402
826
12
290
7
363
33609
322
39030
2180
31746
322
10
29
5006
4996
336
840
10
29
2109
611
20
5058
29
20
58712
336
1855
20
4227
12
29
12422
10
306
20
22560
12
29
331
935
8
25
289
1058
20
7600
12
290
5810
12
20
22560
12
29
20
431
46241
12
29
20
431
1253
12
8708
21452
331
1281
840
25
20
611
26
290
1855
20
3865
31167
200
29
20
8256
12
13
1386
20
7210
322
20
584
289
424
1185
29
2915
424
2
2660
1675
28
20
1675
20
491
289
906
20
9960
29
20
11208
289
10
20
1675
20
632
289
1386
20
7210
322
20
584
2
4893
20
5006
29
20
39030
2180
20
1675
20
491
289
906
20
9960
29
20
19432
29
935
11208
20
610
28
289
424
1033
20
9960
1093
7335
289
10
29
1624
387
20
3429
407
20
1187
28
13
2489
336
1855
20
4227
12
29
12422
10
306
20
22560
12
13060
20
5303
29
1536
413
17569
29
7415
20
9889
29
5810
413
24971
29
2279
20
15014
29
1982
413
43909
29
34278
20
54403
29
2
449
20
20299
29
433
611
20
1187
28
2
4117
5880
20
22560
12
29
2892
1449
20
7011
29
20
2096
29
20
10798
29
20
45940
336
20
4940
28
29
20
5542
12
2
3
289
20
986
1024
0
306
20
448
29
20
11465
29
1281
336
387
1725
413
20
29458
29
20
1593
29
1487
1983
6765
29
4561
413
22206
12
29
1487
11615
26825
29
5780
29
4024
413
459
596
29
1487
59221
29
1487
20
1482
29
20
14223
29
795
413
27697
29
1581
12
29
20
20825
322
20
2746
478
20
1179
4
14927
336
1179
4
3306
12
7643
306
20
2109
336
578
20
1548
28
29
336
1179
4
20452
12
2
331
3882
336
518
12
20
2109
18227
9532
196
1100
3306
4
847
20
1179
4
6
27250
20
9960
289
10
29
331
419
20452
2
935
20
518
12
23787
25
606
20
1568
6
20
39030
2180
29
20
5006
13
4667
416
2492
322
972
6903
596
322
25
302
25
433
12984
24
2
3168
14
290
20
4227
12
29
433
1487
1815
28
20
4227
12
5058
12
29
433
20
5810
15090
2
596
2967
0
29
2
20
3424
32517
0
29
2
20
2793
23126
0
29
5781
3469
596
1242
0
11197
20
1255
831
0
29
433
883
20
3397
20
17850
6
7415
20
9889
2723
338
433
2731
322
20
4118
29
18297
6007
1
20
641
12
5346
290
20
1255
6726
1
290
20
2612
29
433
20
1195
2658
25
596
1179
4
34456
27
290
20
15603
12
54900
1487
8590
13
29805
18528
20
1255
13
1656
780
20
13737
4
13
2250
566
0
29
780
20
14733
13
1624
16
25313
16
25
4730
1890
0
13
7720
1558
0
29
433
18323
1487
20
2855
1130
8
302
20
970
12
761
12
4780
2759
12
290
10
289
20
4616
29
20
3542
289
4227
12
20
1255
29
433
1982
413
1305
6
421
413
2
2181
331
47217
1
306
20
1029
12
29
416
369
14516
20
1555
13
433
15
16
29
1412
2001
47217
306
611
290
387
15
16
500
21418
20
1255
29
363
35694
3
29
433
13060
20
5303
387
739
20
8110
29
8598
12
20
4191
29
433
545
3
15
16
289
4171
12
29
315
8
2001
290
20
6419
12
13
17095
315
8
2131
0
363
7047
6
25
2288
0
13
1457
8
6
25
1827
387
416
1127
8
596
29
26337
731
2131
29
363
9927
1
54093
8
29
363
9774
8
13
7754
1260
1890
20
3
363
3079
7957
29
363
681
557
31279
25
14479
6846
50158
20
16354
29
2392
957
0
13
2303
16
25
20
11808
29
20
8110
29
433
1536
20
3719
480
6
1486
34756
714
18528
29
6354
433
20
3397
413
27461
400
29
5781
369
4000
413
6238
3797
20
33116
29
2245
20
3083
29
4617
20
2096
1193
3
851
1
424
826
0
826
0
583
780
10
402
10
29
369
1260
363
30818
6
20
6951
302
5329
211
402
10019
6
25
29
5781
6
972
413
459
20
2138
1252
9170
16
6
8
13
433
2489
20
4925
13
363
4925
915
606
596
3805
29
433
20
5810
348
5
6
6491
6
20
1486
606
5
745
0
985
6
29178
5
302
363
8375
421
29
985
1570
16
302
363
2245
338
29
433
883
2279
20
24113
338
1519
20
3397
1487
27461
400
10927
306
1675
1881
25
1111
1075
25
4297
13
13735
2676
16
25
13
48619
25
13
1968
24074
20
958
29
1260
1674
17606
16
1827
3397
13
968
29
1858
1881
25
13
331
1464
414
424
306
1675
1881
25
583
6702
16
8549
16
25
29
369
1689
413
1983
29
8874
29
1725
413
4045
14516
0
4191
7
2
20
21538
13
462
658
0
41691
20
689
12
6
1127
12
29
363
539
10
583
5099
0
2
20
21538
29
433
1982
413
43909
2934
16
13060
20
5303
1260
29
596
377
363
4267
915
419
1674
862
16
20
4227
12
29
433
3027
413
459
596
1455
290
1996
12
20
1255
13
348
1
363
2055
331
658
437
20
1420
12
13
348
1768
7361
12
369
290
52476
1890
0
29
1858
545
20
9009
306
7688
20
20266
13
433
6
25
7751
1265
12
433
3047
433
29
331
443
433
302
363
12413
5
29
363
18372
29
363
51216
29
433
1486
6
3516
5117
302
48358
1
13
433
985
5099
578
8
13
290
23284
20
641
433
596
433
7726
50445
223
1100
29
5781
6
20
5810
348
2087
1487
1
1260
6
31910
16
302
5
289
1204
5476
20
1255
29
363
18939
209
13
20184
20
5810
29
433
1827
18054
421
10887
0
7915
10
13
433
363
18100
3
29
363
18939
209
29
433
20
5810
3800
0
290
29412
12
2983
20
1486
3927
12
7011
25
29
433
1487
2809
6903
596
322
7
1243
20
4124
513
289
25790
1555
1
363
3489
29
363
3489
13
405
19432
20
17509
28
336
20
4227
12
935
11208
20
17509
28
336
20
22560
12
29
1112
2861
10
13177
1807
2
1406
25
3805
29
363
846
24
30
801
7786
24
29
7335
24
20
3494
12
29
26996
25
3805
13
936
407
4318
14
50768
306
20
1255
2
20
804
20
3230
29
387
4504
6
302
20
5149
2
25
7786
20
4258
29
3429
20
9960
289
6849
1058
596
29
3229
20
4317
12
29
20
5149
2
20
936
12
4973
20
39030
2180
290
20
3538
29
443
20
1801
20
4164
12
6
20
4239
20
4763
12
6
20
6363
4
29
20
4227
12
363
42853
424
29
13177
24
2
1406
25
4269
596
421
25
29
1656
20
4940
10459
9396
29
363
1866
13
1699
363
31808
29
363
21377
1126
20
4940
10459
9396
20
1126
1074
289
20
1675
20
491
290
5535
20
7600
12
29
387
4504
6
302
25
2321
12
336
1835
199
12
3467
20
3045
22049
2
804
25
20
431
1253
12
29
363
3618
999
25
20
1195
20
3045
377
348
39123
936
29
936
29
523
25
780
20
22560
12
17429
0
2
686
25
29
891
0
6
20
998
12
290
539
25
29
13177
24
2
1406
25
4269
596
421
25
29
1656
290
2910
20
1581
12
9374
9236
46767
12
20
1741
290
7004
25
29
433
290
2910
20
1581
12
6759
4
13
5351
16
25
12588
12
1126
290
780
20
1581
12
6759
4
13
5351
16
25
12588
12
6702
25
1305
290
1126
1983
21519
12
29
416
1074
289
20
1675
20
1931
290
1058
20
9984
29
20
5680
29
26996
25
4269
596
421
25
29
1656
290
3274
10003
20
1305
28
29
20
1305
26
289
1741
53537
1093
9236
46767
12
20
1741
290
7004
25
1126
290
3274
10003
20
1305
28
29
20
1305
26
289
1741
53537
1093
9236
46767
12
20
1741
6702
25
20
51549
29
20
12529
289
20
4227
12
290
1126
1487
2809
2
3912
1573
29
387
4504
6
302
20
5149
2
25
20
1581
12
335
4251
16
21860
3
306
3784
2
1044
20
1805
12
13
20
2037
421
3
6613
29
424
2054
12
2
20
1548
29
2037
421
3
29
424
7698
6
14914
20
3045
336
3784
38896
4956
1548
3
29
363
658
424
915
2
20
1805
12
290
20
611
13
20
2054
12
13421
4164
6
20
4239
12
13
682
289
387
1568
6
20
4227
12
29
13177
24
2
10470
25
4269
596
421
25
29
1656
322
20
3058
2246
662
1111
433
290
3058
17086
25
2246
662
6759
4
1858
20
2158
1126
290
3058
28016
195
25
2246
662
6759
4
1858
20
2158
6702
25
883
7415
290
1126
1983
21519
12
2
9968
2223
29
433
4269
596
421
25
29
1656
363
5145
6
28730
1305
302
26820
17086
25
2246
662
29
20
778
2
20
7753
3618
20
546
12
1126
363
5145
6
28730
302
26820
17086
25
2246
662
29
20
778
2
20
7753
3618
20
546
12
7388
421
25
290
1126
6238
743
1406
25
29
20
778
2
20
7753
3139
289
25
20
51549
29
377
3039
2
20
7753
7281
336
20
546
12
29
433
290
3058
17086
25
501
12
13
419
41950
22528
958
25
1126
290
3058
17086
25
501
12
13
419
30
15155
958
25
6702
25
883
7415
290
1126
1983
1077
798
20
3713
29
1392
25
53014
228
413
1983
53014
228
29
9968
25
2223
433
24
29
20
4227
12
3058
12
2
20
1178
12
29
387
4504
6
302
20
5149
2
25
20
3474
306
20
1255
29
20
53781
194
289
25
2
1891
20
2288
29
20
998
29
20
22560
12
20
6757
12
13
363
3618
289
25
780
20
22560
12
2335
0
290
539
3474
315
302
20
3058
2246
662
1812
289
6568
28
578
7
302
2627
289
25
1959
0
6
20
12587
289
20
1154
12
20
632
302
2627
6
686
25
998
12
289
25
29
20
10470
29
348
369
359
0
13
419
5090
306
331
2456
20
6568
28
20
30349
28
2
2909
331
2492
322
8022
6903
596
322
10
302
20
3675
4269
596
421
25
29
1656
3058
10
6210
20
894
12
29
20
6902
29
545
2667
1126
302
25
4269
596
421
25
29
1656
3058
8022
6210
20
894
12
29
20
6902
29
545
2667
1457
16
2150
3058
7853
405
20
354
12
506
11403
25
883
7415
290
1126
8022
29
11227
421
25
13
419
606
25
1191
29
2492
322
972
302
25
4269
596
421
25
29
1656
18528
1911
25
29
14873
290
27
930
0
29
5114
336
1716
12
6
25
29
443
5676
16
25
13
11214
2759
0
29
761
28
437
0
13
2026
5085
5781
6
25
348
1
15
16
289
10
2759
0
29
761
28
13
433
20
930
416
658
2759
0
29
761
28
1126
972
302
25
4269
596
421
25
29
1656
18528
1911
25
29
14873
290
27
930
0
20
1126
7388
421
25
29
757
16
8022
6903
596
322
10
302
20
3675
4269
596
421
25
29
1656
433
363
5145
6
1305
302
26820
17086
25
2246
662
12
1114
915
302
658
3673
363
7402
41996
222
198
25
1126
8022
363
5145
6
1305
302
26820
17086
25
2246
662
915
302
658
3673
363
29966
41996
222
198
25
6702
25
1487
12366
29
433
3025
20
1619
29
20
9968
29
1126
8022
606
1983
7415
743
20
3987
2
9968
2223
13
387
5868
289
20
3941
29
306
387
11086
1406
20
1195
2658
25
596
527
433
3058
23
20
23760
2163
12
336
596
13
348
424
18932
336
20
2793
1111
20
16572
12
363
3615
1620
10
29
935
606
534
413
972
20
4686
318
1486
3058
1486
0
583
5099
13
433
387
1557
822
1074
289
25
4008
1689
413
1983
29
8874
369
4410
0
6
3841
413
4343
583
5099
29
4173
413
23567
369
4410
0
6
459
20
3520
413
15461
29
14614
12
369
16
4410
12
6
24574
12
29
369
23860
220
4410
0
6
10817
413
14254
583
5099
0
29
402
424
2526
306
2140
16
3
998
16
3
289
20
4410
12
29
13177
24
2
331
2492
302
1486
0
8008
20
2999
6
49289
289
25
13
41089
2
25
336
3875
596
4269
596
421
25
29
1656
13
433
363
6286
2838
29
363
578
290
14
6
4730
578
14
289
545
868
20
1741
1866
6
25
290
5058
12
578
14
1029
25
952
28
359
0
1126
302
1486
0
8008
20
2999
6
49289
289
25
13879
7370
2
25
336
3875
596
4269
596
421
25
29
1656
13
433
363
6286
20
1126
6702
25
20
49399
290
1126
23672
220
1487
998
12
433
1487
459
20
448
1260
26
348
1126
25
9772
29
6354
935
25
1487
37273
289
753
4
20
1187
28
29
20
2560
302
387
2150
369
6
331
289
25
290
780
20
4461
315
3291
12
29
15664
25
289
5855
20
1741
2
2909
331
11853
322
1983
21519
12
6903
596
322
25
302
25
433
5012
8
315
3875
596
4269
596
421
25
29
1656
13
9714
8
2
839
289
25
59221
2591
12
20
2883
13
433
826
290
20
4008
1252
18528
16
20
1255
289
387
20
839
29
1023
11188
424
583
8002
25
6
3875
596
4269
596
421
25
29
1656
13
433
4269
596
421
25
29
1656
363
6286
13
348
3770
578
14
289
2333
596
1866
290
3177
16
25
289
2057
25
1148
28
359
0
3068
8459
26
302
19358
596
6
14
29
1786
26
20
546
12
1979
224
24
289
2333
596
13
348
25
290
4869
289
2333
596
40639
198
10424
12
6481
25
596
20
546
12
1126
1983
21519
12
5012
8
306
1800
3875
596
4269
596
421
25
29
1656
13
9714
8
2
839
289
25
59221
2591
12
20
2883
8499
12
13
433
826
290
20
4008
1252
18528
16
20
1255
289
387
20
839
20
1126
6702
25
20
28982
29
433
1195
2223
29
20
2590
29
433
2223
306
1037
1305
915
302
20
28982
433
2131
28
359
0
29
13177
24
2
331
11853
11076
413
2999
302
25
4269
596
421
25
29
1656
433
348
20
8926
14716
20
1310
30
14716
20
14901
4518
20
37111
12
29
20
2364
12
29
20
17733
12
29
5485
14
29
20
15988
29
306
14
2
20
359
12
29
20
1581
12
29
20
4679
1126
11076
413
2999
20
8926
14716
20
1310
30
14716
20
14901
4518
20
37111
12
6702
25
795
29
20
51549
29
1259
25
753
4
915
302
289
25
5643
0
29
387
2150
3974
2
25
290
18528
554
2309
20
3700
199
29
22
2281
994
424
29
302
424
17752
322
25
915
6
1368
12
935
11208
20
17509
28
336
12422
20
4227
12
13177
24
2
1406
25
3805
4695
12
322
1536
421
25
20
998
58883
30803
1006
29
331
17226
26
290
743
596
29
9735
919
5
20
3494
12
714
433
3805
13
2026
18528
3
29
331
22092
26
290
743
596
10817
8
6
25
13226
29
6872
29
3395
1968
8
3675
0
2321
12
336
302
424
2
3829
12
20
4227
12
29
387
4504
6
302
22560
12
20
15292
363
3436
12
289
10
915
1617
16
3
336
20
986
29
606
20
7686
290
4210
16
3
13
363
1112
915
3058
3
29
2150
20
2288
289
22560
12
20
1305
28
29
331
289
10
290
20
3829
12
6
331
11853
302
25
5781
1827
3875
596
20
24958
290
878
46299
4454
840
1
347
290
405
20
693
711
335
54877
290
10
20
1255
13
433
406
290
405
20
693
711
17898
0
6
3829
12
3855
20
1305
28
1126
5781
6
25
4269
596
421
25
29
1656
20
24958
290
878
46299
4454
840
1
347
290
405
20
693
711
335
33484
290
10
20
1255
13
433
406
290
405
20
693
711
20
1126
6702
25
20
51549
289
20
1990
290
1126
1487
972
29
289
25
2861
29
2492
302
25
4269
596
421
25
29
1656
6
331
15710
2
20
1555
2664
336
19040
6
13209
290
10
13
985
20
4132
20
7491
242
289
37740
20
11443
29
416
932
258
25
20
1255
2
3855
3
29
3
18739
290
25
29
13209
26
13
16791
995
290
25
29
433
1765
48919
13
433
20
2809
348
387
20
18340
11575
416
932
258
29
2694
269
2
20
3855
10887
0
5103
1
2
11575
30666
290
387
290
878
46299
289
20
1555
13
433
1765
48919
290
387
377
13209
290
25
20
1255
50383
3829
12
3855
20
1305
28
13
4323
290
25
1126
6
331
15710
2
20
1555
2664
336
19040
13209
290
10
13
985
20
4132
7491
242
289
37740
20
11443
416
932
258
25
20
1255
2
3855
3
20
1126
29
289
25
13
433
1765
48919
290
387
377
13209
290
25
20
1255
11403
25
20
7050
209
289
899
508
12
290
1126
1487
2809
2
3912
4504
29
290
2540
12
23860
220
9772
0
974
25
13
3966
1562
24289
2
8352
20
15292
29
20
27673
306
8352
20
1305
28
315
3927
12
20
3829
12
289
3
29
13177
24
3800
0
2
1406
2911
421
25
20
998
29
348
462
7402
24
848
13
18528
26
29
302
25
12291
336
20
4227
12
606
20
7686
290
3
29
433
3805
289
1859
20
16214
29
985
18528
50575
29
331
22092
26
915
596
13
347
24
336
20
16214
7709
6
14
919
14
290
2658
16
25
681
3
2
20
4227
12
29
416
18528
3675
8
4269
596
421
25
29
1656
15522
0
6
331
43486
1302
29
47832
25
29
1858
20
839
29
681
1859
25
2
8352
3
29
20
3058
12
336
1155
20
16880
12
1126
8352
25
4269
596
421
25
29
1656
15522
0
6
331
43486
1302
29
47832
25
29
1858
20
839
29
681
1859
25
2
8352
3
29
20
3058
12
336
20
16880
12
20
1126
11403
25
2911
413
1842
12
289
20
33800
29
290
718
25
20
49399
289
20
11218
322
1487
7090
9772
0
29
11403
25
1487
1689
289
20
2620
4
290
2540
12
1487
7090
421
413
1983
4142
413
459
20
3520
413
20
14106
413
4561
9772
0
3800
0
29
1463
25
290
2540
12
1983
1656
12
20
27940
322
1487
2809
915
302
1487
1689
935
302
20
20203
28
4893
24
2042
5807
289
20
839
29
935
2911
413
1842
12
302
8618
961
1127
2042
459
20
5506
29
681
3
302
3618
24
3875
596
4269
596
421
25
29
1656
839
3
29
33800
2911
413
1842
12
18609
20
33800
29
935
2911
413
1842
12
3800
0
302
25
681
1859
25
997
1858
20
839
2
20
2037
336
1155
20
16880
12
29
6
1983
7415
290
1126
1983
2911
681
8
20
3675
4269
596
421
25
29
1656
302
22926
336
1155
20
47480
433
20
49399
29
9968
25
2223
29
6
795
290
1126
1487
6524
2449
8
3875
596
4269
596
421
25
29
1656
336
20
47480
29
11853
1487
13979
2
9968
1573
29
290
718
25
20
49399
289
20
11218
290
1126
319
1656
12
348
2
1155
20
16880
12
880
0
363
22184
578
606
25
13
29197
24
2
918
25
20
1126
714
13392
24
2
25
336
20
689
12
414
302
1623
596
1179
16
25
29
387
3800
0
8352
322
20
15292
414
20
7686
290
3
13
348
25
4269
596
421
25
29
1656
462
24200
20
1305
28
29
363
290
2370
1741
25
290
20
15292
29
2057
20
16214
462
24200
545
3
545
0
29
3
4940
26
29
2150
18528
24
20
15292
29
2150
20
1008
289
20
4227
12
290
20
1305
28
29
13177
24
2
1406
25
4269
596
421
25
29
10376
29
1656
6
1015
413
5036
20
11400
6
331
433
1827
3875
596
331
20
6122
12
433
682
242
217
1555
1
29
653
1
421
1
4950
1
29
39420
306
14741
16
1
29
11853
302
25
5781
6
25
4269
596
421
25
29
1656
446
20
1255
1243
433
4940
6348
2
686
25
29
1281
25
289
2333
596
3805
5781
714
290
433
1486
17571
289
839
290
20
15988
22092
919
25
29
7917
20
1255
290
449
25
29
433
4269
596
421
25
29
1656
348
596
5329
20
459
20
2690
20
7235
20
8447
1126
348
596
5329
20
459
20
2690
20
7235
20
8447
6702
25
1305
290
1126
1689
413
1983
29
8874
29
289
20
2415
2
405
20
7423
1008
13
1033
1406
25
6
459
596
413
5036
13
363
790
13898
25
915
306
331
2219
25
4269
596
421
25
29
1656
25314
20
18802
12
290
637
25
29
302
15135
20
1555
369
6108
198
2
25
29
13182
6
25
290
20
22560
12
13
348
25
462
12527
630
20
11679
12
2
424
23098
736
846
998
16
25
289
20
4227
12
363
289
20
22560
12
506
416
846
998
16
25
289
20
23049
289
20
1555
29
302
363
4235
336
20
4461
29
424
363
5553
306
302
780
20
4461
1243
29
289
22560
12
20
1255
6348
12
29
12608
195
12
29
6
424
433
4269
596
421
25
29
1656
377
39798
20
1255
29
24882
306
31104
3
1866
290
377
363
39798
20
1255
29
363
24882
306
31104
3
1126
377
39798
20
1255
29
363
24882
306
31104
3
6702
25
20
28982
29
1487
6185
25
290
1126
1487
972
29
462
2227
20
28982
20
22436
433
989
290
1859
20
3675
4269
596
421
25
29
1656
29
20
718
826
29
306
387
11086
1406
25
4269
596
421
25
29
1656
1486
17571
22092
919
25
29
7917
20
1255
290
449
25
13
387
2321
12
336
12861
2
2869
25
5097
8772
20
1255
2
22560
16
25
29
1406
25
348
596
5329
20
2690
20
8447
2321
12
336
23357
20
19157
29
1724
20
930
12
29
424
363
2347
2
20
4227
12
15837
290
11295
17571
2275
25
1315
12
20
1255
29
14
290
22560
26358
363
935
6
25
29
363
930
12
13
387
1568
6
681
363
2347
2
20
4227
12
29
13177
24
2
331
2492
302
25
4269
596
421
25
29
1656
433
6
1859
25
3068
25074
5434
199
2
1866
20
1255
433
24
25324
1827
3875
596
13
1010
2
745
25
974
20
2758
29
433
1486
10697
2
7845
10480
25
289
2333
596
3615
302
7553
347
33232
421
25
3068
25074
5434
199
2
1866
20
1255
414
25
29
1010
2
745
25
974
20
14332
29
433
1486
289
14901
25
4824
20
3177
12
29
31998
20
7789
12
29
4086
584
596
289
1281
25
18528
14370
20
1255
1126
3068
25074
5434
199
2
1866
20
1255
433
24
25324
433
13
1010
2
745
25
974
20
2758
29
433
1486
2104
2
7845
10480
25
289
2333
596
3615
302
7553
347
33232
421
25
20
1126
6702
25
20
51549
290
1126
319
13718
915
302
25
433
974
20
7238
2098
20
2758
29
289
25
1487
13979
11403
25
2
20
322
6159
12
29
6
20
28982
29
20
3786
974
25
11895
0
290
1126
1487
2809
433
20
28982
1126
1195
13
985
1624
302
405
20
4508
12
363
6727
289
10
290
20
831
28
13
363
538
290
1386
20
7210
2
20
1454
2
5006
20
4227
12
29
39030
2180
10
29
34749
12
545
10
2
20
545
6
11554
20
584
289
10
20
1675
20
632
289
5006
20
4227
12
29
39030
2180
10
29
1386
20
584
289
1621
10
12545
302
3429
20
1255
289
387
22010
3429
3
289
5810
12
20
24189
29
20
26633
221
12
29
416
935
8
302
424
5484
2
3429
20
3723
29
20
1829
2
1068
331
2290
8
25
290
8858
4
20
24189
29
5006
25
13
30
424
20
1406
956
1267
289
25
18227
1182
491
0
5006
20
4227
12
29
443
13765
336
5006
2172
12
29
17868
12
29
20
2172
12
13765
336
331
790
290
6057
20
7565
4
289
20
8256
12
29
20
22213
12
306
20
5058
12
29
20
1538
29
1704
12
20
957
29
336
4642
290
4614
20
3926
209
335
4270
20
1310
6
10
2
20
22560
12
30
20
28104
29
20
8106
12
29
20
8110
322
20
681
2
20
2082
29
20
10470
322
20
9248
29
2705
15344
20
2869
290
20
5568
20
16282
12
29
20
811
20
10343
12
290
1464
307
20
3467
29
1033
20
17868
12
4239
9961
336
331
790
290
20
6057
2
20
8256
12
30
2053
20
3393
289
8256
16
25
336
331
14980
290
48084
4
4270
6
10
2
20
22560
12
30
20
1008
336
3757
12
20
4118
29
4273
20
3045
421
10
29
13131
25
289
20
1255
29
13131
20
1255
289
25
29
16851
7068
25313
16
25
2
20
22560
12
29
20
495
2563
2
3467
3045
20
27746
289
13881
222
25
347
3467
5828
25
347
22860
16
25
347
11917
228
16
25
347
20
495
2563
2
7693
25
29
6935
3045
16
25
29
336
387
8960
24688
5006
20
4227
12
13
6
43789
10
289
1148
5006
20
3436
12
20
1012
20
9170
6
20
5058
12
29
20
1538
29
20
28476
2
33680
12
596
3805
322
33680
12
20
3045
29
20
17429
2
8788
6891
596
3805
289
681
20
4118
29
20
641
12
29
31575
20
1050
4
29
20
1155
13
348
424
9149
4925
0
29
363
4925
315
20
22560
12
13
20
4227
12
4048
12
840
25
29
6
387
433
545
20
14828
363
4166
578
290
20
8256
12
915
2
20
4495
2
1058
596
3805
29
20
9928
26
2
1058
596
3805
332
801
8077
24
290
20
4118
2
935
596
20
4032
26
596
2
596
3402
24
2
935
596
29
5099
24
2
935
596
29
6120
24
596
2
935
596
29
363
1910
289
302
1807
5731
3
20
22560
12
322
20
1538
29
20
935
13
20
4227
12
1012
2
3
29
6
424
369
4269
596
421
25
29
1656
289
5855
681
25
6845
622
289
2999
27406
29
52271
840
25
583
1691
289
25
2066
20
18802
12
1126
369
4269
596
421
25
29
1656
289
491
681
25
6845
622
289
2999
27406
29
52271
840
25
7388
421
25
290
1126
8022
974
25
13
369
11980
2
3963
27406
2344
17500
289
25
20
1126
13
369
20
3045
363
20271
5518
322
596
13
369
2
13802
25
315
20
3045
29
2
1950
25
931
0
306
596
3805
583
369
20
1255
10006
26
302
8618
4142
3228
25
13
7274
20
3675
4269
596
421
25
29
1656
322
27335
3
25
2
596
13
433
1252
15
16
10603
0
3228
0
6
3469
16
8618
4142
3228
0
29
523
1242
14
3228
596
1126
1252
15
16
10603
0
3228
0
6
3469
16
8618
4142
3228
0
29
523
1242
14
3228
596
6702
25
1305
290
1126
1487
6524
29
416
1074
29
1023
7340
20
1127
407
22560
12
20
1255
2560
0
29
20
4273
306
596
964
0
915
565
12
20
18802
12
13
363
3933
302
2237
378
402
4504
2
686
25
289
3404
242
289
424
29
363
8949
302
4389
1326
12
545
20
6526
840
25
1093
906
322
20
25214
302
25
433
1412
35694
596
731
662
28
501
12
29
20
1255
10006
26
302
5
35694
3
29
387
2150
37738
6
20
30817
2
1490
596
27335
0
363
3040
6
539
25
289
25
16418
29
424
539
9248
13
289
20
1333
450
28
2
1490
20
3045
290
39798
20
1255
2
13802
25
29
419
363
14674
331
1260
29
363
331
5191
6
25
6
10592
7716
25
6
10194
25
406
377
58404
25
4866
40646
421
25
681
0
290
1687
4118
25
1093
10720
25
20
3
2
527
39798
20
1255
29
363
16774
2
3
29
363
7057
2839
3
6
3291
12
27335
25
29
681
20
641
12
6664
606
20
14197
13
363
45026
424
289
25
29
523
20
1012
2
20
611
28
20
5542
12
2
20
4227
12
29
6
424
5781
6
545
20
14828
331
377
3974
24
2
20
8256
12
29
1855
20
4227
12
13
433
35238
26
2
424
5074
20
1538
12
29
6288
20
2358
289
4318
3
25599
209
24
913
12
2591
12
29
39972
24
14226
12
20
1996
12
29
5781
6
545
20
15517
331
47217
1
306
20
1029
12
13
433
331
1412
1029
5
1412
27746
596
3805
985
3613
16
302
50730
338
6025
16
1058
25
29
985
3613
16
302
1412
2050
19137
16
29
5781
6
545
20
14828
336
446
1557
23206
2
14
20
20513
29
20
8256
12
13
433
336
20
6238
2
596
29
433
13060
413
59221
5827
16
1536
1487
17569
2658
25
596
289
918
20
4530
13
1457
16
6
25
1827
1536
780
16
26322
13
433
331
51824
16
2
20
3822
915
51160
1574
2
2172
290
17285
336
17285
13
290
41873
1260
4805
540
347
21660
347
2420
29
5781
6
5012
294
20
38072
975
3192
1
363
19092
13
331
4531
1
290
4124
12
2096
1
433
348
5
2808
3078
12
1950
5
289
4124
12
290
606
25
46750
29
5781
6
20
1195
1827
8618
1725
51160
1486
462
24216
551
10927
0
915
1029
25
2123
9250
12
13
433
20
1195
985
30537
1302
42431
621
2
25
13
1008
24
840
25
1069
437
13
433
24
6
20
1195
387
20
1486
377
7274
23112
2
25
29
1010
24
840
25
13
5615
840
25
20
1195
29
433
6
25
1827
459
596
18372
416
44473
16
840
1
20
4227
12
13
331
4531
1
290
4124
12
20
1255
13
433
681
4092
338
322
20
1255
433
13
331
4531
1
302
2728
387
20
1486
377
5191
6
25
20
1195
13
14639
840
25
13
433
681
4092
338
322
20
1255
29
322
20
1195
13
433
6
25
20
1195
29
331
5367
20
4092
47118
596
13
433
348
5
1216
29
6092
407
3047
12
29
8630
13
1548
16
302
31488
686
5
2
2271
596
3805
306
20
3047
12
29
20
29839
290
20
8630
13
433
6
25
20
1195
2838
1827
459
596
6638
25
606
5
290
20
1195
13
20
3495
331
2838
421
25
29
5781
1519
58442
20
8234
10927
1111
23034
25
5051
413
23353
13
433
6
25
58442
331
1075
4361
433
11195
16
6
18294
4361
13
433
58442
331
15
16
5476
302
578
0
2102
919
25
40125
7821
2
539
25
29
433
20
5810
985
1548
16
20
1824
931
0
2756
16
2
25
29
1457
16
3157
218
2
919
5
29
985
1548
16
20
7165
6555
338
24599
16
7506
12
1019
20
1255
29
302
48078
338
290
44131
322
919
5
29
433
459
596
413
4045
34004
6
290
3402
289
20
4118
29
3402
289
20
641
12
5781
6
25
29
1562
424
433
50730
596
289
20
4118
29
29297
25
289
20
641
12
29
433
5452
20
14763
20
867
6163
20
4940
29
12509
16
25
289
20
8256
12
2
33680
12
919
25
29
433
4000
413
2696
290
462
49255
2
3186
12
596
1735
29
1909
322
3186
12
20
11291
28
1093
1457
957
25
29
13830
1950
25
29
12503
972
25
29
433
1487
20
1482
331
4454
637
290
12303
336
596
3805
29
18625
322
545
20
1191
28
302
25
433
1519
1412
6899
289
545
918
20
4530
985
1412
2
6199
1220
290
545
847
20
5445
13
2026
1008
840
14139
336
2335
5740
12
29
11600
2
10
13
1457
16
6793
596
25952
421
2
20
1008
840
1
13
433
387
348
5
19975
16
289
387
20
2999
13726
0
1558
0
46261
1950
5
289
20
4730
322
20
4118
29
2057
10
13
2992
289
424
4456
5
29
1150
289
25
4555
13
4738
16
596
3805
302
363
2651
6617
290
1114
5
289
6348
12
1950
5
13
3796
25
596
322
20
4179
29
936
25
20
1029
12
29
20
10300
13
2026
1008
16
840
1
19777
302
40661
289
20
681
20
491
13
840
1
322
5
13
348
5
36792
290
521
10593
20
7465
28
29
3423
20
769
16
28
714
19435
29
1979
323
25
290
2950
20
17095
289
20
4118
714
724
1112
25
322
5
714
21936
745
5
25
29
433
840
1
322
5
1827
4118
6
13193
13
14939
5
29
23132
13
7001
714
433
6793
290
43511
4318
20
7465
28
290
12509
12
20
797
12
29
14226
12
20
5643
840
25
331
21415
247
4318
3
322
935
20
16217
29
322
20
11878
20
8526
29
1127
3
3
289
935
25
13
363
1557
33483
606
3
290
33680
16
25
714
5615
29
419
1260
25363
25363
13
985
289
20
8256
12
6238
2
935
596
29
2892
1449
290
1996
12
596
29
289
713
424
5781
29
348
5
57524
210
18374
209
29
331
484
7209
218
12
3631
5944
0
290
1
8824
9474
0
29
6702
290
407
20
6669
6
6939
3532
322
1
20
686
2
20
964
6035
0
29
6
424
433
545
20
14828
2150
746
17269
20
1310
290
686
25
6
8256
1069
25
322
20
5810
12
20031
481
15656
12985
12
20
1255
29
17860
20
11685
12
322
686
25
2
20
1348
315
3
13
985
369
16
1069
25
6080
12
891
20
1029
12
6
15013
2
10
306
20
1538
12
29
23805
20
957
29
20
970
12
29
416
5781
20
28476
290
3117
4
20
9156
13
985
405
3436
12
12999
12
29
523
289
584
545
20
15014
29
290
37738
6
25
2
5074
20
935
20
6238
2
596
347
2
5074
20
1538
20
2615
289
1996
12
596
13
20
16141
6
25
1243
290
402
331
2347
2
20
22560
12
13
348
2303
12
20
5058
4
29
8583
12
20
2982
4
302
7957
20
1310
2967
0
6
596
7465
0
2
596
29
363
2967
12
915
2
20
6238
20
4234
2
5074
20
935
29
363
1996
12
915
2
5074
20
1538
29
4925
20
1950
1037
289
402
826
290
7
29
363
4925
315
20
22560
12
20
3436
12
20
632
12
20
4642
2
20
4227
12
322
20
23323
335
4270
20
1310
6
10
3215
0
2
20
22560
12
29
8375
290
10
289
20
8256
12
29
443
952
12
20
8106
12
29
20
22860
12
29
20
28104
29
20
8110
322
20
681
2
20
2082
29
20
10470
322
20
9248
29
2705
15344
20
2869
290
20
5568
20
16282
12
29
20
811
20
10343
12
335
18868
10
20
2269
306
20
4118
1033
20
8106
12
13
985
2219
16
290
1058
8858
4
20
4950
290
2413
20
29422
4
5038
10
2219
16
302
20
19413
322
10
315
20
22560
12
3459
363
20035
290
10
915
20
2599
26
13
348
1483
12
20
1255
1315
12
20
23613
17149
2
5384
20
1255
29
20
26487
223
2
10
29
20
52776
2
14226
16
10
29
443
7251
16
3
29
12509
16
3
29
840
10
13145
50772
219
290
11685
16
3
289
20
8256
12
13
348
39123
16
3
29
3272
16
3
2088
199
16
29
1568
16
6
13361
596
3805
29
348
11227
15
16
4024
0
29
20
11866
578
20
932
4926
28
29
348
10570
16
39526
781
29
780
24
424
20
932
4926
410
59005
23554
217
13
7287
24
8106
12
336
8106
12
29
1963
3139
24
306
20
8106
12
29
1224
24
336
20
14844
29
20
13924
29
1033
20
681
2
20
2082
29
20
10470
322
20
9248
13
419
290
3229
20
986
29
419
2781
506
22
2281
994
25
289
641
387
20
2413
29
290
39123
20
1255
13
363
11980
322
2486
12
20
9248
4
13
348
11227
24129
596
2
25
29
348
10570
1568
6
2665
290
20
5441
1111
1963
8543
25
891
20
6204
322
10
336
13496
241
443
1157
988
13567
322
25
5855
29
289
20
4227
12
6204
290
387
13
348
20
681
289
5920
25
2168
29
20
1420
2
25
8729
29
822
968
883
4142
6903
596
606
5186
0
29
433
7008
20
1255
348
14
10071
276
313
405
20
3494
12
1827
7008
801
3949
24
421
14
2777
14
363
9466
14
290
8458
985
51613
6574
199
29
348
14
4474
26
10
289
539
6568
10
29
348
5
2934
16
3875
596
4269
596
421
25
29
1656
1260
985
2699
20
1255
20
9248
13
462
7553
218
25
17632
302
16194
3
596
2
6176
1126
1983
4142
348
14
10071
276
313
405
20
3494
12
1827
7008
801
3949
24
421
14
2777
14
363
9466
14
290
8458
985
51613
6574
199
29
348
14
6
4474
313
10
289
539
6568
10
20
1126
6702
25
1859
20
16835
433
20
28982
1195
2223
29
416
433
4269
596
421
25
29
1656
348
596
6
6642
20
459
583
1260
6
25
331
1641
1
985
1548
16
20
9248
302
13106
25
13
985
30040
596
6
459
894
16
25
433
1827
919
43268
16
1
29
6643
16
20
1255
1126
348
596
6642
20
459
583
1260
331
1641
1
985
1548
16
20
9248
289
20
4118
302
13106
25
20
1126
6702
25
1487
6185
25
290
1126
1983
1725
20
56180
2
9968
1573
29
387
985
17644
290
1934
347
681
363
24243
29
1996
12
1471
424
1341
12
29
289
25
2130
29
289
20
4227
12
6204
29
289
20
681
2
20
2082
29
20
10470
322
20
9248
4728
12
6
20
6363
4
29
6777
6
39030
2180
20
3538
506
5781
29
14
2714
16
289
2506
14
290
8963
12
29
416
6471
20
27146
12
20
1619
6942
29
290
8720
20
681
2
20
2082
11096
421
25
3215
0
13
348
25
30
4213
17509
2205
20
1310
302
4824
25
13
25494
302
6890
421
25
13
985
3793
421
25
1260
1827
6
34109
780
16
25
17509
0
3047
1252
2211
9015
0
19152
24
20
8219
583
6645
25
2
14348
12
6
15355
29
2838
20
437
363
3738
20
9015
13
571
3
29
6547
2
686
1
29
1033
20
28104
13
419
20
9089
20
23545
377
460
1025
306
20
19530
196
29
20
38077
20
28603
322
25
29
402
290
39123
20
1255
24113
3
29
290
24113
3
33905
195
3
29
290
33905
195
3
1814
956
1814
24
289
25
29
25042
506
25042
24
29
1455
331
7062
289
25
20
13123
13
348
1
348
39123
16
2111
452
303
29
462
3207
402
826
290
7
2
1112
7515
25
1496
16
17863
0
840
7
630
0
29
348
41609
16
7
15
16
290
10493
20
1255
29
433
4269
596
421
25
29
1656
34544
290
10493
20
1255
6210
20
1112
28
2281
1807
2
1112
29
1807
2
1112
1126
34544
290
10493
20
1255
6210
20
1112
28
7388
421
25
290
1126
1983
21519
12
29
433
4269
596
421
25
29
1656
348
290
449
20
1255
6210
20
1112
28
2281
1807
2
1112
29
1807
2
1112
1126
348
290
449
20
1255
6210
20
1112
28
6702
25
1305
290
1126
1983
21519
12
29
419
377
554
25
29
1455
331
1166
289
22560
12
20
1255
6589
20
7784
29
20
3425
12
289
25
29
363
11980
424
322
6461
4475
289
20
2335
29
4475
289
20
1154
12
29
6589
20
12917
12
2
20
2006
322
20
3723
26996
1
1562
2838
29
1562
23132
29
2838
289
20
5762
7656
20
1950
290
6399
25
29
387
13123
11460
433
1607
1252
1858
561
848
13
1501
16
13013
16
5
2
745
5
6
1571
25
6
7120
16
302
8985
289
3134
12
20
16695
28
29
369
20
5810
10927
0
1029
25
289
20
2574
20
5680
13
1075
840
25
561
6
25
13
433
6
25
331
1075
4361
433
20
53328
12
1827
8618
421
13
433
443
29
596
2
20
330
334
200
12
7849
1081
3572
915
302
31582
848
29
2363
3237
6
1
29
23114
848
29
36900
6
1
4475
302
1663
322
5
347
10456
322
1
29
433
545
20
2746
331
4454
596
459
0
915
4454
302
363
4035
2
25
29
1858
23860
220
306
20
7655
4561
13
433
1562
2838
1827
4561
13
3474
421
25
29
433
462
462
12889
338
2
598
20
4940
28
13
433
6
302
630
20
1305
28
331
4251
24
306
1901
16
1
13
7120
16
302
6396
8158
0
13
290
7976
25
302
40734
224
387
20
28603
7726
4114
245
20
1255
29
915
35717
269
2
5305
1392
25
289
3134
12
20
16695
28
1093
369
20
5210
10541
325
26
29
40734
224
26
289
1406
3
1562
1216
16
29
1562
6092
16
29
1562
2838
29
1562
637
1
29
289
20
6520
322
25
13
369
2006
3
322
3723
20
986
363
322
3723
20
4118
433
7688
20
20266
6
5201
20
18757
1562
2838
289
686
1
433
2380
17099
1538
25
7688
6520
25
29
433
1827
5201
20
998
12
290
2456
20
27960
29
20
8462
12
289
20
546
12
29
369
985
5781
6
3519
4269
596
421
25
29
1656
1562
1216
16
433
1216
16
363
13607
1147
331
8974
29
363
6979
1382
331
475
31279
29
1216
16
27609
0
2
652
29
20
1866
402
25
289
745
13193
29
363
5808
19424
290
5
29
369
20
3397
413
27461
400
985
5781
6
25
1562
1216
16
433
1216
16
290
15807
10431
28
2972
4062
20215
8
29
7577
16372
8
29
369
883
20
52685
985
5781
6
25
1562
1216
16
433
1216
16
2
1866
348
26079
16
290
20
2158
29
369
13060
20
5303
985
5781
6
25
1562
1216
16
1260
1216
16
9850
6210
336
6210
29
3322
199
6210
336
6210
29
1574
290
6210
336
6210
29
5781
6
58442
20
8234
1562
1216
16
433
1562
2978
1486
985
38215
363
14674
302
25
2978
29
985
1216
363
14674
302
25
48895
29
5781
6
4000
413
2696
1562
1216
16
433
1216
16
289
972
10070
29
17031
3968
29
5781
6
545
20
14828
1562
1216
16
433
1216
16
363
18080
913
16
5
6
27796
5
29
363
686
5
6
10113
29
5781
6
4765
1562
1216
16
433
1216
16
20049
5548
919
5
29
41548
3127
25
26941
29
5781
6
534
413
2249
1562
1216
16
433
331
5828
1
19527
55829
402
437
336
20
641
12
1135
12
29
5781
6
5201
20
18757
1562
1216
16
433
1216
16
20205
910
8462
12
437
336
20
1824
13
5781
6
25
25699
16
289
8462
12
289
402
20
1114
13
433
20
8462
12
437
363
432
2210
596
3805
289
25
29
5781
6
1486
29
419
32067
2
686
25
331
637
1
13
433
29
331
637
290
2205
2192
0
1758
0
2
363
3139
29
3618
5123
0
27807
0
2
363
32517
29
6862
336
880
2664
2
363
894
12
29
5781
6
8526
1487
1983
14576
331
637
1
433
331
637
290
7957
714
11279
714
12136
29
433
1487
1815
28
6
1486
1562
637
1
13
433
29
331
637
290
421
25
12951
12
3105
12118
29
419
9901
13
1858
1487
1815
28
1770
25
13
6702
6
25
936
3105
13
1382
10
840
25
29
433
12951
12
1387
269
2
10
986
1
29
12951
12
650
2
10
306
686
1
29
13412
1
29
462
1972
606
25
539
10
714
433
29
596
363
9555
578
0
322
637
25
2280
0
29
2150
1330
424
6
302
25
7120
302
658
2006
25
290
539
1589
2
681
25
13
658
2
424
13881
2464
0
16695
0
1093
369
2006
3
322
1687
20
986
29
3723
20
1950
289
2982
12
596
29
348
4738
24
322
1687
20
4118
13
322
1589
29
5377
306
20
1420
2
331
3499
6
3
290
20
1265
12
29
433
545
3
348
5
6
4747
28195
0
369
24
363
10541
325
26
29
1252
970
578
3
306
1242
25
2
630
331
3233
25
462
4531
25
29
5476
1100
28195
0
10541
325
26
29
44433
583
322
20
8465
12
289
20
1555
29
1252
58196
245
578
3
6
1490
12
290
1281
1242
25
6
1641
25
13
1081
387
915
2536
20
28104
29
20
13123
29
3494
12
424
302
1
3489
387
1260
1562
2838
29
1260
20
641
1562
2838
13
20
6066
363
3615
20
6520
29
20
2525
16254
2
20
2006
29
363
8101
29
424
6
1996
16
3
2
302
424
322
28104
29
3009
29
3631
20
4318
363
10964
322
32579
29
20372
29
20
10765
12
20000
2
20
2006
433
20
1195
2150
369
24
1260
26
20
998
421
14
985
1656
16
29
596
20
4318
29
1033
1100
13
1562
1216
16
52857
1
596
1562
2838
16591
1
596
13
348
2104
8
2
1406
3
369
16
12722
12
363
3468
12
13
348
5523
24
3474
24
421
8
29
348
5523
24
363
29
2150
433
424
6
302
20
1311
12
26996
1
1562
1216
16
12722
12
29
433
1486
6
576
5
4142
413
16101
1562
1216
16
13
331
5080
25
29
433
1617
8
290
405
20
12722
12
29
433
2150
1662
387
289
4770
20
20309
377
369
5229
20309
33591
324
2
20
4530
290
20
2793
20
8364
369
20
1486
19947
25
5774
25
36410
12
13
1260
1562
1216
16
290
20
20309
29
19947
25
6640
12
13
1260
1562
6092
16
29
20
6325
302
20
9301
289
3215
20
1483
4
682
11980
322
2665
290
20
8531
29
20
28104
29
20
13123
29
402
424
30820
545
25
7698
29
545
25
16010
25
29
289
20
4227
12
20
6204
290
424
13
348
290
5827
20
3045
29
462
50100
21408
199
2
5568
3
4329
1302
24163
3948
7112
223
410
59005
23554
223
29
34416
211
24
6
38797
25
32880
986
3
289
25
29
5361
986
25
29
4118
25
289
20
7492
290
3
29
1033
2705
198
12
20
2869
988
8075
25
290
5568
20
1255
29
811
3
13
419
9089
19418
5489
0
27293
6
25
20
14197
1621
0
322
20
17673
28
13
363
54091
20
1310
30670
0
354
12
315
1348
25
9248
0
421
25
289
5762
25
915
29
1252
7198
686
25
336
331
554
4124
16
25
6
6555
407
7
7786
12
289
20
13124
12
322
20
2645
29
1064
1347
25
1111
13515
6
20
2645
2
3927
12
20
2486
12
443
8
306
20
2869
13
6890
1814
25
29
1460
7231
25
6
25
29
2150
20
20627
322
25
3291
12
1814
25
289
20
1950
13
985
2250
396
44237
0
2
2950
20
2486
12
17632
302
48276
20
565
12
20
20627
12
29
45798
20
2869
6
20
2109
840
25
347
6
331
743
25
29
2885
2992
16
2486
16
25
6
20
28079
290
539
25
4165
211
20
27161
290
686
25
29
6
424
18665
299
20
10517
336
20
11860
3047
12
596
421
25
13
5049
4124
16
3
289
302
746
44237
331
606
25
29
5049
4124
12
20
5710
289
1460
7231
331
13121
6
25
290
20
3047
29
1198
20
1008
336
20
20382
28
29
20
10003
12
387
2105
25
289
20
2869
290
18246
1008
25
306
3500
12
3723
20
11679
12
29
20
1187
28
289
20
5058
12
29
20
18091
322
20
4118
13
363
3262
4934
336
686
25
2
1357
20
12342
4080
29
336
5058
16
25
2
1357
20
4165
293
29
331
4838
2627
686
25
13845
0
13
363
11980
322
3362
12
20
7356
2110
12
289
20
3573
29
342
1470
0
6
20
18837
29
290
1008
336
20
3723
20
3215
12
306
2057
20
4770
29
18938
3
322
596
29
4273
3
306
20
4118
29
25399
3
20
23323
1460
624
681
686
25
2
3545
2110
12
289
20
1866
14131
10
289
1950
25
29
424
419
20
17487
29
4976
289
1547
20
2869
2536
5647
20
1866
29
20
449
1621
0
322
2486
16
25
29
2
405
20
1640
12
2102
964
1406
25
4269
596
421
25
29
1656
606
935
20
1191
28
14960
20
2658
12
1126
606
935
20
1191
28
14960
20
2658
12
682
6
25
2335
289
20
1126
20
10031
29
2150
419
290
1406
13060
1487
59221
6354
11403
25
1487
20
16781
289
1754
12
10657
12
20
10657
12
29
2150
20
2658
12
1571
20
546
12
29
1019
596
29
682
11086
606
20
935
1357
424
29
523
804
25
29
419
8558
20
2110
12
290
20
1950
29
942
12
20
2269
306
20
18837
2
3
29
20
52477
3269
419
3396
6
25
290
20
5663
29
20
7953
29
3628
20
2658
12
1330
20
1866
29
3628
1330
20
1866
20
2110
12
29
3628
20
2110
12
935
3723
20
1191
28
13
387
2811
5687
20
2658
12
29
20
3287
290
19662
387
20
2288
606
20
18428
30
20
3287
290
3100
25
29
419
302
606
935
20
30670
28
14960
20
12593
12
6
302
3927
12
935
3
35663
306
20
2869
681
20
23323
29
20
12593
12
443
20
414
29
3628
20
414
290
596
419
20
23323
29
20
18938
322
596
2
20
4273
306
20
9196
20
4367
12
29
20
13737
4
20
3142
12
363
306
20
1112
20
744
29
3628
20
23323
2962
7693
10
29
10393
200
10
322
20
1950
29
3628
2962
20
7693
3392
20
6238
2
10
2
3927
12
20
5647
985
369
387
637
935
20
1191
28
29
20
30670
28
13
331
5828
1
2
2486
16
3
406
416
2963
2
424
3875
596
4269
596
421
25
29
1656
527
433
713
20
27746
20
3467
30
713
20
6410
348
462
15418
217
2
28819
25
5132
4361
290
7654
25
1126
713
20
27746
20
3467
30
713
20
6410
20
1126
7388
421
25
290
1126
1983
2911
13
30
331
302
20
7654
9707
2
20
9332
29
363
4035
2
25
13
30
424
8072
20
2645
306
20
1950
29
419
363
4035
2
25
29
433
713
20
27746
20
1191
713
1242
20
11252
348
462
21401
6
1
290
25
3738
7654
25
29
6
387
3871
290
2219
290
687
3589
12
1893
421
25
4695
16
10
3631
16
28
8759
7
302
10
8106
12
29
20
632
12
29
443
6664
7
302
4695
16
10
35663
306
20
11866
28
681
847
20
3589
12
29
6890
290
4318
3
1460
7231
469
20
8837
421
10
13
658
424
804
0
6
33036
847
20
22182
12
13
348
25
2885
1814
289
10
13
8564
424
1382
20
9465
29
433
1562
9890
387
290
0
29
402
8
10290
26
336
713
25
583
20
2746
29
20
5058
29
1252
4638
302
713
424
363
2062
421
25
687
29
363
21580
375
9211
3653
6
3274
421
25
20
8837
15837
290
736
6378
607
306
20
4118
29
7745
518
1127
10
29
14050
4312
306
1490
20
38301
12
29
14685
10
29
28466
306
686
25
21036
10
29
11355
302
20
11679
12
6903
596
322
3
462
20073
223
24
2777
3
322
1490
20
38301
12
29
1963
21055
421
25
2
4649
421
29
57141
29
55861
289
686
25
302
424
462
1972
6
891
20
584
406
6
891
20
38301
12
13
387
20
5138
3087
28466
421
25
681
20
38301
12
29
16647
10
290
20
23323
29
20
2869
20
31562
9657
336
6040
20
18651
4
29
20
18938
322
20
1195
4
406
336
2120
20
18651
12
956
363
18651
12
289
25
2
20
13898
306
14163
20
13737
12
6
1945
3504
2
25
29
419
290
3918
53190
20
8926
29
6
424
1790
596
20
27022
199
28
6
20
8926
289
10
2
1406
25
801
10758
26
20
1406
9820
1124
313
5505
25
29
1934
4269
596
421
25
29
1656
6
424
713
0
29
433
713
377
8261
10758
20
970
12
714
363
1912
915
3027
331
10758
30
713
1486
8008
5446
0
13
433
6
25
1827
5446
9792
211
848
15997
12
290
14901
1
13
433
11942
12029
1866
15997
12
289
10
13
2489
421
25
20
998
13
2104
2
7622
8654
20
14901
1126
713
377
7057
20
970
12
714
363
2526
290
10
915
449
331
7057
30
713
1486
8008
5446
0
13
433
1827
5446
9792
211
848
15997
12
290
14901
1
20
1126
6702
25
1487
6185
25
290
1126
1983
21519
12
2
3912
4504
29
402
290
6460
18651
4
20
9644
12
13
387
3191
25
3800
0
29
988
5553
306
2962
1814
20
1557
322
20
1950
2
804
8771
25
29
2486
16
25
302
611
20
1255
985
767
24
1305
0
33949
289
4371
2490
8050
24
424
290
25
5891
0
8708
16310
336
5138
3
4257
25
29
416
21544
290
4235
20
12874
4
322
4601
10
29
363
31746
322
25
6270
3
13480
34033
469
322
5292
20
4248
315
302
3177
12
826
12
11914
780
10
20
4257
606
4008
29
696
20
8908
12
606
4008
29
780
4248
2490
402
25
363
11914
25
29
363
804
6
25
915
302
20
3177
12
9511
29
20
14875
289
10
988
13268
13
6890
1814
10
2
20
2486
12
322
20
1950
29
6
424
1252
9732
20
8272
9332
0
290
12434
347
9020
0
290
2489
347
4323
290
23232
2076
12
8050
16
25
20
5232
29
14413
11475
10
29
416
8075
289
513
1558
363
8943
915
2
331
419
3053
305
6
20
1255
29
363
9890
290
25
424
29
20
8106
12
5492
290
20
19548
13
1562
363
846
5492
290
9732
20
12434
29
523
3927
12
5647
20
8106
12
29
2486
12
20
932
4926
28
8881
1814
10
322
20
4318
29
7768
306
20
686
681
10
13
28621
6
405
20
3918
5346
290
20
1255
6726
1
290
20
2612
4849
1
363
12579
290
3
915
331
2893
289
2269
1
306
20
4118
29
13149
16
1
322
20
641
12
29
28466
421
1
20
22182
12
29
13615
2110
16
1
289
20
7565
12
13
348
2211
16
27746
0
45319
596
2140
16
25
29
1815
16
25
13
20
3495
223
29
363
19812
25
29
31340
25
29
363
7049
211
223
13
348
10
7892
12
20
11257
29
9717
12
20
4940
29
2615
302
20
27746
20
1191
1866
290
20
1029
12
29
302
20
1029
12
1866
290
20
27746
20
3467
29
2885
2628
16
405
20
6849
29
5401
16
2869
1
29
6267
16
336
637
290
1510
16
22560
16
25
462
14029
421
1
302
20
1012
20
16086
2
20
4227
12
347
20
11978
840
25
2
20
7816
12
29
26337
302
4059
3306
0
306
20
4227
12
347
20
7816
12
2
302
8759
7
1012
1111
402
6766
13
1728
20
1406
289
25
2
363
347
3047
2123
290
20
1406
11460
29
363
584
289
20
6766
915
20
7071
20
3436
12
20
1091
12
20
6204
290
20
4239
29
20
6363
4
29
3669
12
20
986
29
20
686
322
20
4137
289
10
29
20
1568
6
7514
10
29
5489
0
10964
20
918
322
9299
4
29
4239
29
6363
4
13
20
17571
322
3
289
998
12
290
10
433
459
596
413
3606
413
20
1360
6
331
935
3875
596
4269
596
421
25
29
1656
20
4239
29
1790
10
29
433
985
1548
16
20
1255
4399
16
12081
3
29
6643
16
2014
4
3
29
369
24
3297
29
1776
407
7746
25
1457
16
13
331
18876
338
13
433
20
3495
1555
1
29
59610
421
1
4950
1
29
12984
331
2275
11197
331
13106
29
421
1
2
681
20
560
12
11197
322
1
681
20
359
12
1126
459
596
413
3606
413
20
1360
985
1548
16
20
1255
4399
16
12081
3
29
6643
16
2014
4
3
20
1126
6702
25
883
7415
29
20
3786
289
20
437
29
20
1824
12
2
9968
1195
29
11853
883
1725
20
56180
302
25
4269
596
421
25
29
1656
433
25494
302
658
1866
1281
20
1305
14901
0
6174
2
10
27300
20
5445
29
2032
20
2387
4156
15742
25
290
20
4239
290
17285
336
17285
1126
1983
1725
20
56180
25494
302
658
1866
1281
20
1305
14901
0
6174
2
10
690
317
20
5445
29
2032
20
2387
4156
15742
25
290
20
4239
11403
25
20
9811
29
11853
459
596
1487
6524
302
25
4269
596
421
25
29
1656
433
22
2281
306
20
1255
4770
363
8375
15899
986
986
25
915
290
435
15742
25
290
1977
12
336
1977
12
29
290
17285
336
17285
29
290
27491
336
27491
30
20
18170
377
19491
253
5781
6
25
29
4443
424
1827
3875
596
433
985
462
29676
20
4460
12
915
2
23323
596
3805
13
985
369
424
20
4770
862
16
20
26633
221
12
433
24
29
1562
1827
3875
596
29
416
681
210
8
2
20
17792
433
985
369
424
20
4770
369
17487
20
1486
306
745
14078
25
13
348
462
1972
6
25
883
23
13
306
745
5
1514
16
25
29
3079
25
13
348
462
1972
13
306
745
5
5059
16
25
433
24
29
1562
424
1827
3875
596
433
22907
313
25
2
4569
20
745
9820
499
246
331
363
26556
583
18064
25
424
2979
20
25042
12
1126
1487
6524
22
2281
306
20
1255
4770
363
8375
15899
986
986
25
915
290
435
15742
25
290
1977
12
336
1977
12
29
290
17285
336
17285
1074
289
20
24189
29
387
20
1126
29
348
369
289
20
26633
221
12
13
20
4227
12
3287
12
290
25
1111
363
26204
20
12465
322
20
4460
12
29
20
22560
12
714
363
8893
20
4460
12
915
2
22182
12
596
3805
29
4334
16
3871
387
347
302
424
20
4770
13
1674
369
387
2
432
1729
554
387
20
2471
29
6
1003
25
433
13060
29
596
1674
862
16
20
4227
12
29
433
1487
6524
6903
596
322
25
935
3875
596
4269
596
421
25
29
1656
1114
20
4239
12
29
1114
20
21049
1457
16
29
331
20
21049
433
997
363
29966
20
1486
27746
25
1457
16
13
13340
18876
338
348
6555
16
424
20
4770
433
1723
686
1
29
36751
29
6481
24830
433
1457
16
1827
3875
596
38143
16
348
1858
306
20717
433
13
22573
1555
1
1457
16
13
348
1858
306
13172
433
13
22573
2574
1
29
2510
1924
3297
29
2470
306
20
28290
29
1457
919
5
596
583
12603
1126
1487
6524
935
3875
596
4269
596
421
25
29
1656
20
4239
12
29
1114
20
21049
1457
16
29
331
20
21049
433
997
363
29966
20
1486
27746
25
20
1126
6702
25
883
7415
11895
0
29
20
12529
289
20
4227
12
2
2309
25
29
289
9968
25
606
20
12529
5643
29
1463
25
883
7415
2
1154
12
1486
1392
25
2380
2795
336
1996
16
25
29
433
1689
6
331
7542
336
20
2037
1114
14684
12
363
915
302
18004
621
3815
0
6
25
1357
23
12876
2377
29
4950
15759
2
20
14845
9548
24586
223
29
2
20
4940
13
23364
322
25
29
433
713
8
29
713
14
30
713
4008
369
24
306
26788
12
4405
13
1519
332
1198
5735
26
1111
5907
16
7654
20129
12
1621
24
20
718
13
41410
421
3
13
433
545
3
20
718
1069
20
4548
13
2104
24
289
10
13
19089
24
29
8458
24
29
433
545
3
1069
20
1489
13
2104
24
289
10
13
19089
24
29
8458
24
29
1412
197
641
26
29
2547
24
583
2489
16
20
7654
29
3212
16
20
718
13
6733
24
13
18528
1689
29
1581
12
315
25
2910
24
20
4239
29
462
39798
24
915
414
10098
20
4239
29
322
1487
972
6903
596
322
7
302
25
6
331
1130
25
302
20
1534
6903
596
322
25
1917
336
20
773
4697
25
13
8557
25
306
2027
12
662
12
1114
13
433
6
25
3022
3572
13
433
20
773
13
985
315
25
43122
16160
29
1528
13
433
405
1528
3
29
1805
16
3
13
433
363
6615
336
1528
3
29
363
13399
3
13
12632
13
433
348
5
3532
1
1126
0
13253
8008
20
3675
4269
596
421
25
29
1656
3908
297
25
407
20
4118
29
20
641
12
13
4271
20
641
12
306
20
4118
29
348
1
5842
12
290
3875
596
4269
596
421
25
29
1656
29
596
363
4135
10
578
290
14
2280
0
29
331
2147
10
322
14
915
6
377
419
1866
6
14
13
12632
302
5901
13
15079
25
1487
972
29
20184
29
433
1591
5765
217
596
290
4558
347
6899
1126
1487
972
302
25
6
331
1130
25
302
20
1534
1917
336
20
773
8557
25
306
2027
12
662
12
1114
20
1126
29
289
25
302
25
4269
596
421
25
29
1656
1866
407
20
4118
29
20
641
12
13
4271
20
641
12
11403
25
20
51549
15454
0
306
20
10031
11403
25
289
20
1990
2
935
939
12
20
1534
11895
12
29
462
3387
306
2027
12
662
12
1114
29
6354
11403
25
20
10271
293
2
974
25
29
9968
7
1195
29
369
289
20
11679
12
761
12
1879
13
331
6643
1114
20
4239
12
611
290
952
28
1486
0
29
1464
23860
220
289
1555
25
13
5781
6
25
289
424
13
433
2645
20
4770
29
31619
20
9644
12
29
2026
4660
22206
12
2537
25
2
20
21538
29
14516
25
5781
6
25
6
3495
16
20
2537
29
780
16
2574
3875
596
4269
596
421
25
29
1656
13
433
1548
16
4679
14
39125
12
29
1904
14
24381
12
29
20
16185
12
289
35175
14
1682
12
29
956
674
3269
6420
289
25
8462
12
13
3966
20
2721
290
20
6363
4
29
13297
4
20
4239
1794
5006
20
4227
12
20
3436
12
20
1604
12
20
6204
290
449
20
1255
13
348
3
57910
217
333
12
2
20
8106
12
29
333
12
2
3467
20
5828
29
20
2550
12
2
20
3143
4
29
20
15810
20
8158
12
335
460
1025
20
4403
2
10
29
7144
12
2
20
22860
12
347
20
6461
13
1963
802
26
290
1
290
20
811
347
20
5906
331
363
2970
6060
3
26648
25
9820
1364
313
424
9739
12
606
3
22058
6517
6
739
3463
1192
12
6
20
449
13
985
18528
16
3
50193
16
290
20
4992
322
630
424
29
6
424
433
545
20
14828
6
539
25
7588
1
1555
28
1866
290
761
12
1879
3105
331
721
433
38414
269
20
1965
348
9051
16
2
1824
29
6267
16
2
20
4371
554
20
2405
682
6
20
1406
8850
12
997
2326
2
15859
658
347
2
2191
29
363
1910
302
290
16100
2
20
1255
29
2072
3
289
811
3
363
30510
290
27083
29
3127
14110
20
5828
2
25
29
25195
302
25
6869
6
12478
4
25
29
5168
20
34042
12
421
25
29
49653
343
39659
2180
12
2456
25
13
20
1255
2885
14413
2269
3
306
681
10579
26
402
13585
12
421
3
332
20
3127
47845
469
29
416
14413
2269
3
306
20
4118
13
363
10006
26
2
539
3
915
20
2269
421
10
433
20
15971
985
18353
1330
20
6951
18353
16
24118
25
29
4375
331
24385
25
290
19758
29
13945
2967
5
25
2
1406
5961
16
25
13
1216
289
1824
290
20
1910
9744
29
416
5781
23213
12
20
20127
36131
3467
20
5828
2
20
18257
29
2665
20
449
377
19947
25
20
1310
290
7011
25
29
3673
21364
2
25
730
12
29
11703
0
2589
304
2
7071
10
13
956
935
8
25
2321
12
336
24688
10
29
289
20
4227
12
6204
290
630
10
29
336
387
1010
20
611
3673
4271
20
4227
12
13
433
883
20
52685
7274
3923
25
18625
10031
0
29
433
20
2502
290
1719
20
1255
29
462
23786
3
714
2
363
3
5711
290
22351
29
2250
2
20
1029
12
39244
0
10668
200
25
20
3823
29
20
5617
29
433
972
6903
596
322
25
289
20
4227
12
3078
12
290
20
10283
20
3467
29
5781
6
459
596
413
20
15210
3068
2728
20
689
12
13
433
331
2084
289
10
915
27083
3047
12
347
2756
2
15960
12
29
433
1487
20
15164
1528
1242
6
8
1033
414
13
348
20
1255
369
24
5347
5903
3904
2
25
13
2250
24
9089
363
5347
6
25
13
435
290
3
6726
1
290
20
2612
29
369
545
20
28934
24915
5740
0
29
1260
419
12290
289
25
662
18998
348
2934
290
5
462
17506
421
29
348
21464
289
1112
25
39582
290
5
29
348
32245
16
421
25
462
16535
13
2934
20
3167
424
13
433
20513
338
289
20
11096
307
29
369
545
3
416
14516
20
12980
29
20
9742
13
5781
6
25
424
13
433
462
493
13182
290
1029
12
29
363
20327
262
290
5123
29
363
27746
0
14440
290
11676
29
433
20
1195
6903
596
322
25
1510
16
20
894
13
2934
3490
20
32874
2
424
29
369
3800
0
290
6526
596
13
433
2
43741
302
1
3572
20
894
13
15044
16
302
48358
1
13
433
6
25
20
1195
58098
571
8
6680
1158
26931
596
421
8
348
5
16568
302
1170
14709
13
2627
545
8
290
545
331
8296
325
210
421
25
29
405
2321
12
336
3436
12
660
289
20
4227
12
29
419
3266
20
7068
306
20
986
29
20
25313
12
29
20
5568
29
20
2719
29
6337
20
15496
4
29
416
8921
596
6793
25
20
30268
28
13
433
10579
3
20
14420
11860
290
20
42359
29
433
20
2502
29
363
6441
348
2830
16
322
20
566
3047
12
29
523
6441
0
302
19678
20
31331
29
363
11980
20
1310
289
986
25
29
4118
25
29
5568
25
29
5814
25
322
15496
4
20
1012
289
20
986
29
20
4118
7068
10
29
363
3051
20
998
12
315
16851
10
29
433
883
20
52685
369
20
1255
3281
0
363
9875
289
25
13
20
1255
20
437
9875
0
363
3281
289
25
985
369
387
970
4770
25
29
419
289
5016
20
2218
20
491
13
363
3933
302
12725
289
302
20
873
449
29
433
13060
413
59221
433
848
13060
20
5303
289
20
9178
12
289
913
16
25
29
289
20
8922
414
2459
16
25
48848
290
1996
12
20
1255
13
348
20
4642
290
3
2168
29
363
20220
302
5
1548
16
331
20795
915
3673
2219
16
29
433
545
3
11195
16
336
4000
413
2696
29
419
1889
1029
25
29
985
8654
416
782
13742
25
306
6512
16
25
13
2489
54210
25
13
433
571
25
1827
387
387
363
9466
29
363
22036
29
419
1866
290
27746
20
3467
29
5781
6
545
3
331
1079
1
306
302
51793
20
1255
433
7120
16
302
8802
221
2172
29
363
6560
29
405
2321
12
336
2705
198
12
20
2869
290
5568
20
10283
20
3467
29
433
883
20
52685
19151
24
596
29
20942
24
20
1255
13
348
3
331
6512
24
1624
23075
915
3883
31031
29
363
1624
6331
915
13947
1302
29
363
1950
4940
915
10739
1302
29
433
545
3
48848
20
7011
13
348
25
13182
6
986
1
29
1950
1
29
18101
6
2962
20
1193
322
1
6
302
25
4366
3927
16
20
7011
8249
16
20
1193
29
16293
20
1420
2
20
630
29
433
545
3
10570
290
2275
29
363
18660
336
290
363
2275
20
3436
12
20
1931
12
302
17212
13131
20
1255
322
1
29
17212
13131
1
322
20
1255
13
1033
5643
13131
20
1255
322
1
13
289
25
5006
13
348
3934
20
1255
2303
12
363
8748
13
17429
20
6951
2
1959
686
25
1012
29
290
27831
20
1193
29
7878
10
1235
20
8549
12
29
5069
12
20
3288
29
1235
20
24776
29
20
31889
389
4
29
289
10
19041
20
4601
29
1568
6
20
8858
4
714
416
16790
322
545
10
20
9021
29
8811
289
10
20
11076
297
29
363
790
6589
402
20
17637
34510
6
25
1462
16
2
584
11661
29
2537
16
289
584
8
29
13515
424
804
14380
12
1093
5781
290
462
1785
3288
0
289
739
20
5069
12
4178
2061
2793
25
34798
12
290
794
1505
25
985
479
306
7953
25
29
290
21206
20
1255
402
3
2
20
6248
5984
24
322
25
402
3
29
1252
5498
26208
200
24
29
6008
3
2
630
20
1193
363
5122
421
25
20
34665
6
25
2950
20
1824
29
20
4371
13
1562
290
6
25
1185
6253
25
289
986
347
4118
433
3606
413
20
1360
3927
12
20
4302
3927
12
20
15896
307
29
433
1487
20
9045
3127
1
290
2599
1
21541
13
363
912
27492
219
290
20
11679
13
348
20
9089
611
331
5591
25
658
290
20
3735
347
20
11575
29
433
20
14223
2658
25
596
2335
402
14380
12
29468
20
2082
336
20
50285
29
1033
5643
13131
1
322
3
13
419
3800
0
3436
12
12999
12
13
348
290
1008
336
3757
12
20
4118
29
2981
16
10
2524
2269
25
29
36768
2
565
12
20
2269
13131
25
29
363
2627
915
20
7285
12
289
611
20
3723
9820
225
8772
2
424
29
2885
18528
462
8075
29
985
462
8075
462
6863
223
29
462
25005
29
6
424
433
596
3805
29
363
27872
1357
5
1
336
331
2111
8
2
25
7806
0
290
3
29
433
4269
596
421
25
29
1656
10775
24
336
290
419
743
14
29
363
6615
24
336
290
419
2246
14
13
348
25
15365
302
363
15462
211
24
3047
12
596
421
14
1126
10775
24
336
290
419
743
14
29
363
6615
24
336
290
419
2246
14
13
348
25
15365
302
363
15462
211
24
3047
12
596
421
14
6702
25
1305
290
1126
1983
21519
12
29
433
3706
413
459
596
15
16
500
21418
20
11860
13
462
18888
932
22395
0
15
16
5476
9332
0
5505
290
9332
5
29
18544
12
1574
25
290
18544
16
5
13
10927
16
20
5710
13
45699
16
29
22694
302
20
22671
209
2658
25
596
2568
290
1675
785
20
29714
29
416
11964
1487
459
20
970
289
9093
25
13
19404
25
331
2699
290
1195
637
25
29
1195
869
16
25
27824
0
1406
25
3805
29
1968
8
545
14
6
545
4239
12
2363
6213
29368
714
433
25324
47217
29
18080
29
369
13
9709
0
30294
13
377
419
289
1555
25
363
7538
295
2
713
405
20
4239
13
348
290
3135
2981
12
20
4118
13
4475
302
20405
986
25
29
7437
25
31544
355
336
302
38883
5936
12
20
4730
29
419
681
290
20
4730
347
22269
2110
16
25
56504
292
289
891
20
4118
41101
339
17487
0
11276
0
1033
289
20
4118
13
2
20
13131
377
26130
289
611
20
4601
13
682
402
290
4272
20
4118
45247
1025
6
25
29
1033
289
20
641
12
13
23357
25
24467
20
4118
306
935
596
3805
29
20
11978
840
25
29
6
424
433
1487
20
31542
985
369
1675
20
13449
290
831
20
7257
1050
210
336
20
16844
290
831
20
2719
1010
336
302
20
13131
18868
289
20
637
13449
0
20
3436
12
20
2436
12
20
6204
290
2486
12
20
7693
307
29
20
31999
29
12608
195
12
36815
3
29
5568
3
13
348
2140
12
20
4839
443
20
13830
20
6115
5781
6
20
21303
200
569
44845
16
31655
433
290
20
1008
336
20
7693
307
29
16283
302
25
1858
421
25
883
9947
12
13
433
289
20
1210
348
290
5039
596
1913
10007
4340
25
596
322
7
331
419
1866
290
7
1126
290
5039
596
1913
10007
4340
25
322
7
331
419
1866
290
7
6702
25
20
51549
2
9968
4504
290
1126
19315
290
5039
16
1913
10007
4340
16
25
322
7
20
546
12
29
6
25
29
6
795
974
25
290
1126
1983
870
12
2
3912
1195
29
6
20
9811
290
1126
6238
1260
596
19388
1
29
3805
985
24996
16
22356
2
3423
316
25
714
4730
4340
16
25
290
7
20
546
12
2205
1357
5
25
13
331
377
4340
1
13
433
289
1688
20
693
11755
12
4340
338
596
290
7
302
25
30
16640
2140
12
20
7693
307
29
2838
290
3
29
433
1487
1815
28
2934
16
1486
0
1260
1008
16
336
4839
333
12
13
54739
421
29
433
57963
6
402
1557
8567
29
8567
20
2108
20
1008
336
20
7693
307
29
433
20
14223
2658
25
596
331
10927
16
4839
0
915
2211
16
20
831
377
4135
25
290
13802
5
30
302
25
19248
421
290
20
831
20
641
29
405
20
5006
331
2443
20
2509
28
2395
12
2
20
9971
20
17868
12
20
3142
12
29
523
10
3800
0
3929
2
20
986
13
348
20
1310
2885
495
8772
2
2140
12
4839
462
29966
302
2237
4926
223
29
302
17577
331
419
3503
596
13
985
495
8772
290
539
25
2
8106
12
347
3467
5828
347
11917
228
12
347
22860
12
347
539
424
462
24882
322
6393
16
25
29
402
424
8543
336
2645
20
986
29
289
20
4227
12
998
12
322
630
424
13
4539
3
8858
4
20
4227
12
12545
302
290
20
9971
20
2172
12
29
20
17868
12
331
20814
2
20
5542
12
2
20
539
29
363
2915
424
915
2
20
22560
12
13
402
331
20814
290
20
22560
12
14479
2
20
4227
12
29
7995
25
290
8858
4
20
4227
12
13
10775
336
5006
20
22560
12
29
20
16120
840
10
331
443
29
443
20
1043
29
20
3305
29
20
7653
29
20
14329
29
20
14564
29
20
48541
29
20
3865
24759
29
20
20844
29
3187
20
13140
29
52683
196
16
25
289
20
1420
2
20
1193
29
25399
20
9606
29
2516
12
20
3293
290
2486
12
20
3723
29
20
1546
2
10
13
6
33573
424
13
348
10
290
5006
20
22560
12
29
443
2131
20
3436
12
20
1012
20
1043
29
20
3305
29
416
935
8
1621
7
289
1058
20
957
29
7
6664
20
5058
4
289
20
4118
29
363
11619
424
915
2
20
22560
12
915
302
20
2358
730
12
29
322
545
10
45425
227
12
29
545
10
3368
289
20
4118
13
20
6690
336
20
3305
6
331
419
2389
421
25
1360
2
20
4227
12
29
348
3305
20
2389
29
369
363
22314
290
25
20
4137
289
20
2358
29
2699
20
17429
2
20
5058
12
7726
28804
1060
29
348
369
5122
306
20
8485
289
2358
20
4731
29
20
2983
13
20
4227
12
289
584
25
554
20
3305
2303
12
20
29425
29
6
387
433
20
3719
480
29
539
25
34756
714
18528
13
290
18528
554
20
3305
13
419
289
20
611
22047
4601
25
2
4154
347
1538
289
10604
29
2303
16
25
302
10720
20
4601
2
49407
12170
10
29
363
30510
289
811
25
2
20
13802
29
20
1950
322
2665
290
20
13745
26130
3271
25
29
24888
486
25
2
527
363
14674
29
363
30510
5138
25
289
596
29
7737
16
25
322
11628
25195
10
29
49255
2
10
29
322
16286
6373
12
26723
25
289
10
13
658
289
611
3723
25
7212
12
6
20
8926
29
419
2627
686
25
290
20
5058
13
20
957
419
2335
20
986
13
363
1866
289
4227
12
20
17711
29
20
23674
14892
290
363
10274
20
5058
12
289
20
8256
12
29
363
2102
630
331
7062
289
10
13
3191
20
686
3191
3288
2795
336
2853
5177
907
8770
25
13
20
3288
20
14420
985
16008
2
686
25
322
20
2853
554
302
9352
20
1388
9371
363
5813
12
1570
25
13
363
12772
20
4227
12
915
2
20
687
29
1033
20
1043
13
289
25
13140
3459
2885
479
16
857
12
20
2093
29
20
10612
29
2885
369
20
5078
1567
12
20
3221
29
20
2892
1449
2
20
1859
29
20
8796
13
419
17487
20
986
29
416
935
8
1112
424
289
1058
20
957
29
970
289
20
687
289
387
20
4770
302
24200
348
3974
998
12
986
25
13
348
25
363
2627
4754
0
4272
3436
12
6
986
25
406
363
961
915
6
2288
23829
746
1407
2
25
20
17711
289
1688
20
17606
347
20
4101
6256
14105
2
25
336
2408
3717
20
13355
29
34364
2
25
336
20
2162
29
10196
289
1688
20
1572
12
29
20
38578
12
29
3823
957
10267
289
25
20
7964
29
363
4272
3215
0
915
6
20
2519
336
20
1074
306
20
5913
29
3330
20
925
4
29
5421
44206
20
2128
13
1807
402
3
11914
20
986
29
20
4683
20
8352
322
3
13
348
40658
961
6
596
29
4525
364
2
20
957
336
596
13
1157
20
28079
20
8352
322
25
29
20906
20
957
290
25
29
387
363
14131
289
850
12
594
12
611
290
826
347
1753
348
40658
29
363
3933
302
2237
378
20
1310
2
1406
13060
3305
8
20
957
6
539
596
13
12632
20
957
302
658
915
6
596
13
348
20
11910
9352
26
6
539
596
714
5901
26
336
596
29
14362
336
5016
5998
20
611
28
290
3
29
1841
3
302
3
5099
24
29
3
25042
247
306
891
20
4118
39508
2558
9036
421
10
347
4820
26
322
10
29
17850
26
289
10
29
682
20
1210
30
20
7898
12
29
29990
302
20
957
377
1010
840
25
13060
419
957
20
1126
29
4472
20
3424
29
1996
12
1815
20
12323
29
20
11679
12
13
348
289
10
20
13672
29
20
5226
29
419
804
6
4728
12
20
2936
290
596
13
348
462
4687
289
20
637
2886
289
20
17805
29
1033
20
2288
29
20
8037
20
2536
377
2347
2
11155
20
2982
4
29
2290
20
6363
4
20
7964
290
25
29
20
1901
363
5575
20
4820
289
25
6
20
4118
336
596
406
363
3262
28359
195
289
2269
25
336
641
972
25
29
3631
331
12541
8
25
387
20
1058
348
3305
25
20
10612
2110
12
289
20
4118
13
4680
302
33394
289
25
1111
16087
302
20073
1262
2
25
289
641
972
25
13
348
25
15048
2
20
13672
2
596
29
20
21071
289
20
641
12
29
20
5226
290
20
4118
29
424
988
14131
289
20
7423
29
4472
20
3424
29
363
14131
289
2288
29
363
289
1901
29
363
289
7964
13
363
3933
302
55884
20
1310
686
25
13
348
20
13845
20
687
2
7953
25
7800
637
0
290
20
14420
20
26942
347
20
29205
20
42137
29
402
687
14413
2269
25
306
20
1043
25494
302
658
4347
25
20
2647
29
20
3221
29
3168
25
35010
20
686
289
20
637
2
12319
20
535
404
306
20
23674
29
20
13295
421
3
159
37714
12
20
957
20
48618
1126
8858
12
20
957
20
48618
20
2082
331
11403
25
693
28
289
13155
25
290
1126
421
413
1983
961
2
3912
4504
8858
12
20
957
20
8265
29
8858
12
20
21660
20
48618
506
433
4269
596
421
25
29
1656
29
6
424
22694
322
3027
302
25
6133
2131
12
761
1462
625
0
290
1528
20
7423
335
2934
10
29
369
363
2474
29
1260
348
5
20205
910
302
3532
13
6
424
363
3532
29
1252
4178
910
16
302
363
3532
6
1662
16
29
6
424
433
1662
8
1675
290
3725
20
4118
29
985
433
20
1486
1662
8
13
2150
1260
6013
24
848
29
433
16
1604
12
20
14771
12
6
13060
20
5303
3047
20
1486
2838
5641
2110
16
1
289
20
4118
433
5660
45224
2110
16
433
16
289
20
1126
29
6
424
433
883
2279
20
24113
338
290
7153
347
891
20
1126
347
14979
2
20
2192
1093
5252
336
20
4118
13
405
8858
4
416
9869
8
421
10
289
1058
20
957
29
20
4683
20
28603
2
20
4227
12
29
780
20
2892
1449
290
20
1859
331
7976
406
377
4272
20
4118
2
4341
25
29
1043
25
13
20
8946
6
25
348
369
17673
0
289
713
387
20
4770
302
5022
25
13
1674
4375
883
2279
20
12529
527
433
571
20
4820
28
289
7600
16
1
29
20
3305
290
1
13
682
6
1
290
3
1281
29
363
2191
2096
20
16515
12
6459
20
964
985
14552
1
31213
781
29
985
12869
16
322
3
24610
781
290
23034
1
290
3
369
421
1
8650
0
29
985
2568
369
421
1
5186
0
2057
13123
29
22860
12
50286
29
24959
12
13
363
796
378
2
1038
3
421
1
13
331
4347
3
20
957
406
20
3221
29
20
1281
29
302
5653
781
1656
0
336
347
1083
3
29
5874
3
29
12474
0
289
1265
4
3
348
2537
16
289
4347
290
5874
3
369
24
5492
15727
217
714
1785
26
4381
3
840
1
7558
12
421
1
29
18939
25
584
0
2781
0
6
7286
29
6068
26
421
1
302
6775
1046
1
29
3221
1
29
986
1
6
3
13
36594
3127
3
29
33377
1908
3
29
2304
3
29
1720
3
29
13643
269
6
3
10500
10
29
416
15
16
8272
0
29
846
6
3
1187
0
32252
0
414
302
15
16
25770
0
401
0
29
6
424
5781
8352
20
359
12
25313
12
3663
12
13
387
2811
2288
25
29
348
11977
545
10633
25
29
419
584
29
4375
13
348
1
3489
20
1498
28
289
1070
1541
29
999
584
2325
17292
12
4839
12
3673
7548
840
3
13
11627
25
15852
11351
25
840
3
29
2627
584
25
2781
0
421
3
29
1963
363
5484
840
25
331
462
19969
2
5548
6
25
306
20
43958
714
348
20
1498
20
12406
416
14858
322
20
1420
2
424
290
1281
25
13
363
3262
12146
0
336
3725
20
19787
29
18947
209
20
13449
29
20
26951
12608
195
12
20
28393
20
13844
583
4655
6
25
306
545
5038
20
56210
1281
5680
714
363
3262
20
1230
13145
198
25
29
3359
25
29
26013
25
14619
2458
223
336
302
8375
840
25
331
5122
25
3047
12
17648
251
290
606
25
421
25
714
3040
289
12608
195
12
20
1636
12
306
1859
25
348
2443
407
3
4329
25
20
2760
26
29
665
218
25
336
20
36815
29
1457
12
20
4557
29
20
5663
322
10623
4276
4
20
1621
29
20
1420
2
17757
20
1193
2
20
2664
29
348
14159
16
407
3
24610
25
20
32193
2
10765
5319
29
12066
24
421
25
29253
20
46596
353
29
20
59169
228
13
363
3262
289
12608
4
3
289
20
4118
29
289
1402
12
331
4518
25
29
12543
25
421
3
289
20
53375
29
20
10255
302
25
315
387
20
16197
402
25
2901
686
25
2
20
42406
29
15181
10
2
9354
20
13745
29
1260
6
10
363
45254
5
322
19109
1
13
2150
2838
2
331
49954
9920
17130
12
1112
596
3805
29
6767
12
4731
3875
596
4269
596
421
25
29
1656
29
7508
12
957
986
596
29
1268
12
2
7479
12
1643
20
957
290
5058
596
29
2128
20
19787
363
4000
6
10
29
443
6474
12
6
20
1888
29
446
1787
12
1157
290
54617
2057
20
957
13
23212
3499
20
986
29
5902
519
2057
25
29
1252
462
1972
7212
12
6
20
8926
6
957
2
3545
6183
302
2645
20
4770
363
804
6
25
915
3927
12
5913
5497
20
11910
801
10350
26
331
3289
26
29
363
8348
26
407
20
9984
29
20
5680
13
21949
3
7978
20
23674
14619
1262
50598
306
20
23323
14272
57783
222
469
18837
2
3
29
34661
6
2506
3
29
6
424
5781
331
35482
16
20
10422
12
915
2
2645
20
8440
29
331
35482
16
20
8440
915
2
2645
20
2746
47762
2882
2
596
290
20
13745
29
20
13830
13
348
25
20
9089
377
682
6
25
5347
20
3436
12
20
632
12
20
7653
29
20
14329
1033
20
14329
2
20
1255
13
2
20
4465
29
20
2982
12
29
424
363
22314
915
2
20
22560
12
29
20
6690
840
25
10290
336
780
20
4227
12
31657
289
4461
290
20
22560
12
302
891
1940
12
20
4731
289
25
506
935
8
25
289
1058
20
4465
13
348
369
315
25
1281
1252
8875
2
25
37817
0
6
10296
25
13
20
4227
12
1243
6
25
985
2341
228
16
1748
20
5632
289
20
611
336
290
20
23323
915
302
658
4347
25
20
4465
6
20
4375
12
13
985
8625
290
1112
25
29
12400
2
25
13
419
1243
290
20
4227
12
6
20
17429
2
20
22577
12
29
682
2
1243
290
20
4227
12
6
20
17429
2
20
2615
289
1996
12
596
29
1996
12
2358
20
4731
29
363
290
20
4273
2
26648
21436
12
306
596
3805
29
20
16141
2
10
6
935
596
14892
290
1677
6
25
6238
2
33680
12
596
322
1386
29
12876
12
363
322
11628
29
5944
4
6373
12
29
1033
20
7653
13
419
302
11033
20
1255
4475
2
1281
25
347
2
13802
25
13
1585
2
1265
4
3
306
2333
20
1068
12
13
289
20
5236
2
1646
27744
20
1305
28
13140
29
424
363
8893
915
2
20
22560
12
29
290
971
421
10
315
20
1420
2
1471
20
4731
13
443
1243
6
25
290
20
4227
12
348
369
363
16254
289
4227
16
25
915
2
42544
20
12874
4
29
20
811
20
5526
12
29
348
369
3673
22310
6
25
718
20
486
2
20
1950
2
5074
935
347
1538
13
424
363
15670
2
25
539
25
3886
210
12
20
3436
12
20
1091
12
20
14564
29
20
48541
29
21218
2
25
20
21197
494
2
12608
195
12
20
1255
29
20
6348
12
289
2196
31104
3
4249
0
6
20
686
29
8678
0
6
20
13737
4
29
443
290
20
5006
335
28902
301
2
20
22560
12
29
443
1243
290
20
4227
12
289
584
290
462
16434
3971
5568
25
29
462
49292
6
1471
20
4731
13737
4
25
29
6
387
24256
14957
20
7509
12
289
20
7647
4
25630
11550
313
20
1255
2
797
16
3
29
2057
20
1071
6
20
2006
290
3
30
19322
6
20467
12
20
686
29
21453
301
0
290
3829
12
8060
20
7509
12
20
25090
28
2
16373
3
336
596
6793
25
29
369
387
419
20
3628
289
20
432
1729
20
6035
12
29
1100
416
39123
16
25
20
5874
20
6373
12
29
1281
424
322
20
938
506
1281
16
6337
12600
20
986
13
2250
4272
290
20
9606
2
20
797
12
20
54617
2
20
38069
29
20
23029
336
1127
20
1281
29
20
39788
2
3927
12
20
8796
13
348
369
16
20
857
12
405
13
20
4227
12
1866
290
424
29
1252
336
20
5123
29
348
369
16
20
857
12
902
12
20
686
13
443
1866
290
20
4227
12
289
584
20
6690
336
20
902
12
29
424
988
2795
840
25
289
1311
12
20
3714
12
13
414
1424
20
21197
494
3933
302
6976
302
20
18544
12
363
4272
290
902
16
10
1357
902
16
10
406
20
5149
290
10
302
5105
3093
0
9130
2
25
20
2975
29
28240
306
1624
25
20
718
29
20
13802
20423
12
6
20
1950
16073
10
6
15387
2
10
718
20
641
12
29
289
10
13737
4
348
462
15134
10
457
227
16
2
25
289
20
718
13
290
14979
2950
20
972
2
20
902
12
369
30
290
14979
2950
972
20
18544
12
2
902
16
10
29
462
16073
10
13
363
6471
290
10
915
20
6204
289
20
637
289
1140
10
29
38623
10
29
19134
10
29
443
6
4555
3436
12
6325
12
29
523
713
10
4234
289
20
43049
12
20
5351
12
29
2150
6536
20
18544
12
6
3436
12
4712
290
913
16
10
13
30
424
20
6204
290
1110
20
13737
4
289
20
637
2915
2
20
4154
29
20
2793
29
363
3933
302
13985
2
25
30
20
11295
377
5781
6
25
1827
11295
13
433
331
1412
11295
2150
1412
8654
655
311
4446
16
686
5
583
363
432
680
20
1255
29
387
1195
2
20
837
12
336
290
6242
211
20
1255
29
523
363
3933
302
7194
421
25
13
348
290
1309
686
25
3800
0
462
6242
211
20
1255
406
3933
302
9199
474
336
20
2303
12
20
6325
12
2
10
29
290
2628
424
29
40847
336
20
718
29
971
306
20
3649
29235
6
25
302
20
4227
12
432
313
6
25
290
20
22560
12
13
1243
6
713
387
20
736
20
22560
12
491
0
29
20
4227
12
641
0
29
1033
20
14564
13
2150
21218
2
25
302
50295
539
25
29
419
637
989
20
7509
12
315
3
13
348
25
363
5122
306
16358
3
915
2
22560
16
3
29
637
25
637
20
2093
29
970
25
29
10989
840
25
290
3918
20
8858
4
29
20
28104
331
10989
336
1197
20
957
915
302
19002
891
20
4118
290
20
17130
28
20
961
28
6
20
21197
494
5617
290
10
290
891
25
20
957
29
6
424
2627
289
3
1457
12
29
289
891
12
20
957
3927
12
27173
302
18074
331
20099
6
25
290
20
8256
12
2
331
20099
6
25
290
20
22560
12
29
16358
20
4008
29
39922
928
578
7
2
20
641
29
6
4687
20
1243
29
424
5121
2
1640
20
7356
29
5484
2
20
3723
29
20
1829
13
363
790
20
970
421
25
3306
0
2
7116
29
363
5305
20
3436
12
20
1604
12
20
28476
29
20
20844
29
419
4347
290
5126
20
24776
29
20
1617
4
29
17236
20
23213
12
29
20
6238
29
387
5901
336
3168
20
686
289
20
637
29
416
658
424
306
1112
5680
2
53328
12
290
363
25725
53328
16
25
347
306
1112
17338
29
416
40961
424
20
681
20
986
29
424
13
1699
912
22779
2
2486
12
3723
25
29
5906
25
289
20
986
30
20
6238
2
20
9358
20
8598
28
6
20773
20
11465
29
416
2347
2
3168
20
686
29
40961
985
369
20
4347
290
25
22668
20
1950
6
32590
16120
20
1711
289
20
5058
12
13
348
20
4318
985
20795
16
11132
16
29
2885
369
289
20
1029
12
11685
12
29
289
20
4124
12
6238
21265
20
1950
13
443
1012
1111
20
1342
289
20
5058
12
290
4683
20
5058
12
29
6
424
433
4269
596
421
25
29
1656
348
596
363
10712
583
10768
24
1126
348
596
363
10712
583
10768
24
1074
29
387
681
363
38753
322
25
13
348
20
686
363
10798
20
584
306
20
5074
331
462
24105
29
289
4939
10
20
8598
12
3362
12
6
20
851
12
29
387
322
5
2
1406
25
4269
596
421
25
29
1656
348
387
20
986
9326
13
25618
289
25
2
5761
29
20
45771
289
25
2
5761
10312
20
396
221
609
28
29
6
424
433
1487
2809
5641
24814
12
20
29285
462
500
21418
20
1255
29
433
333
12
6
1858
16
918
0
363
11737
2
10
29
1081
16080
20
1255
915
20
1255
13
363
26204
20
17571
985
322
3710
57825
2
2486
16
25
29
3186
16
25
289
20
437
29
20
1824
12
1053
12
28985
10479
289
891
290
363
16080
421
25
289
1053
16
25
847
6337
1053
4
25
1093
433
4269
596
421
25
29
1656
20
6951
306
986
3228
25
13
6
4934
578
14
290
50100
196
1126
20
6951
306
986
3228
25
1074
289
5535
20
7600
12
29
6
7745
302
658
1126
25
606
20
1019
289
1687
20
986
29
4695
12
3723
20
1950
29
13286
25
29
5663
25
322
20
7488
306
20
584
29
20
40380
336
20
12361
13
289
424
15436
29
8404
227
6
20
686
289
25
874
4635
6
402
8727
2
1959
686
25
13
348
25
363
17501
13286
25
29
1252
972
5998
0
1558
12
29
20
8932
322
686
25
26942
1891
0
13
387
20
1293
290
20
28476
289
545
4601
20
4371
1963
658
1243
290
20
4227
12
289
584
545
20
1829
38969
1503
228
289
25
3723
20
1950
29
3723
20
27746
491
0
714
6
54091
20
3436
12
20
1931
12
289
3187
20
13140
29
52683
196
16
25
1033
20
3187
13
2
1235
20
33116
29
5069
12
20
3288
29
1235
20
1988
28
29
1033
1235
20
1127
12
13
363
538
290
25
29
1235
20
1581
12
289
6337
20
12874
4
3800
0
363
5172
12
289
780
25
915
6
2936
5441
2560
15026
331
14479
290
5810
12
20
1581
12
29
2893
421
25
29
424
363
7316
915
3995
0
29
1198
289
1235
20
31889
389
4
29
20
1617
4
13140
290
527
348
25
4391
6163
306
1950
1305
29
1033
52683
196
16
25
13
419
302
5872
20
1675
6
2898
25
20
1255
347
6
24037
25
289
20
15127
347
26419
218
25
306
20
3047
13
348
3
8893
26
2
424
13140
0
29
1198
985
369
290
20
2746
29
7622
6
3
289
20
1199
12
4864
24
13140
20
1199
12
29
369
419
2
20
5196
804
0
289
25
27173
302
17532
13140
405
20
22560
4
2
8858
4
10
335
935
8
10
29
606
424
416
17147
20
4227
12
29
416
17147
20
22560
12
1093
19050
322
1581
12
290
20
5210
713
4000
29
539
25
780
4210
12
20
1617
4
29
5069
12
20
3083
29
1235
20
33116
406
369
24
41350
220
4191
3
363
4235
26
915
336
20
1127
12
347
1199
12
20
13099
29
545
3
2910
20
40487
29
23319
336
11926
20
5445
9170
0
6
20
5058
12
29
6726
0
290
20
33519
20
3436
12
20
2436
12
290
20
22560
12
20
9606
13
348
25
290
1243
20
3770
4
29
363
5122
421
25
289
20
1029
12
29
416
658
20
8249
804
0
289
1855
20
4227
12
1093
2492
289
20
924
4
302
4765
0
290
20
14828
7617
5297
7646
12
29
1148
28
12773
0
289
20
970
12
583
5828
302
25
416
4864
606
596
1770
12
13
24700
596
336
6433
1457
6
11661
348
1
416
10663
16
20
1155
13123
0
29
348
5
363
11964
290
13123
1
3125
0
433
13
9989
29
11209
289
11617
999
20
1155
29
433
1100
416
1130
16
3934
919
5
13
24700
596
336
6433
1457
6
25
348
1
1023
2970
3934
5
583
54093
20
1255
29
33427
306
31104
3
13
2568
13
1858
20
1904
29
39123
20
1255
29
10927
3
29
14245
196
3
29
5648
20
3735
407
3
29
18796
289
20
1904
315
3
13
24700
596
3805
336
6433
1100
416
1130
3934
5
15837
290
17571
289
1555
25
29
18199
25
20
8249
29
6834
25
322
20
9227
302
363
21445
211
347
363
2062
347
2627
20
5905
322
22560
16
3
12097
6
1759
25
29
36514
247
6
40586
12
935
25
407
20
1255
29
416
24200
34798
12
290
302
3463
376
9582
25
1252
39123
13
363
3377
289
25
20
20513
29
20
17429
2
20
5058
12
13
5653
20
1555
7068
0
306
376
9582
25
5871
306
5138
20
1255
289
20513
25
29
23389
25
290
539
27335
739
20
8256
12
2
935
347
1538
29
3117
12
1807
302
3
5329
26
302
44724
24
29
363
5329
26
302
4907
24
29
15579
26
2
11978
20
17711
29
20
19787
840
3
29
1038
3
306
1675
3
29
1748
3
29
19553
3
3855
3
306
2333
20
40953
29
1252
369
20
17429
2
686
25
419
377
45621
840
25
20
22560
12
29
1199
12
20
1255
6
27146
840
25
1199
4
3
6
25
506
19050
8
25
322
20
5810
527
433
29
1081
11195
5664
915
6
2363
3237
6
1
29
31582
848
29
322
7688
20
20266
302
25
433
6
20
598
377
3870
25
46750
302
363
18372
29
363
12413
5
13
290
682
8727
0
315
686
25
2
935
596
13
8352
25
322
20
1255
804
25
3291
12
17429
25
2
20
1255
6
302
1950
25
34665
6
20
6267
4
336
1008
3
840
25
2
1357
20
25061
29
20
2706
29
20
4227
12
2
387
20
804
6908
290
5038
578
10
302
20
9606
29
20
22560
12
363
14655
290
2308
290
419
37712
2
957
25
347
986
25
1111
369
421
6903
596
322
25
2526
20
4132
29
20
2662
289
9332
25
29
745
25
29
1260
363
10070
20
1270
290
4208
25
331
878
290
7653
336
13412
25
29
369
883
21519
12
29
34278
29
1983
29
1487
6524
6903
596
322
3
2526
26
4683
20
15145
29
8720
20
1640
306
17919
3
29
369
883
21519
12
6903
596
322
25
1260
29
419
9339
20
689
12
29
20
15145
306
1469
25
1748
24
6
598
14
29
369
1096
20
9772
28
4269
596
421
25
29
1656
11664
20
1557
16678
51132
336
1555
25
2
686
25
13
1260
6
25
1242
25
42551
14933
25
13
1260
1242
20
1557
17734
2
1079
25
1126
369
11664
20
1557
29
2526
25
336
1555
25
2
686
25
13
1260
6
25
1242
25
42551
14933
25
13
1260
1242
20
24467
17734
2
1079
25
6702
25
883
34134
290
1126
1983
21519
12
2
3912
4504
289
1079
25
20
28896
377
18347
25
29
369
20
1195
413
421
6903
596
322
7
4401
2
20
2006
29
407
3855
3
4249
34510
15589
336
20
8807
1827
1487
3875
596
13
369
11086
29
8261
306
20
718
29
10350
315
3
29
16073
29
1260
348
596
363
5329
20
41039
28
20
1112
20
632
302
377
4092
686
25
2
891
3934
20
1255
322
25
29
2555
5138
3
289
25
26942
6
302
25
1252
2219
596
584
20
1996
12
957
302
20
3045
363
25330
26
322
25
290
596
3125
0
29
302
5441
25
29
7653
25
4036
596
29
363
8456
29
363
8637
6408
25
29
302
290
891
3934
20
1255
29
2967
16
3
2
13361
596
13361
596
421
25
29
365
31335
421
25
20
1255
406
3934
20
1255
2303
12
363
12629
13
5984
0
596
1012
2
20
891
29
6
424
433
20
14223
6
5976
413
459
20
1623
29
596
331
3871
6
1
915
7395
0
348
25
682
336
20
998
12
290
20
1255
290
2333
13
10775
2635
9974
217
13
34207
25
29
6
424
5781
290
16804
20
1255
5099
6389
195
29
2352
2
20
12509
12
20
7454
29
1008
3516
336
1486
290
1859
25
13
433
6
25
8957
6354
29
6354
6
1557
681
25
2
25
13
433
1827
1967
363
12675
421
25
6
1003
20
1255
13
18445
336
1859
25
29
433
363
8893
459
1838
12
290
387
20
681
583
658
2
578
29
22767
459
8817
20
1255
290
1357
25
13
363
2627
289
20
4118
915
9056
25
29
302
578
0
363
5122
306
302
9466
25
29
363
11033
25
29
459
3793
16
686
25
322
1950
25
13
363
32839
2
446
637
18939
25
29
433
20
14223
2658
25
596
682
290
578
915
29
6
25
2967
29
428
25680
13
985
369
3297
38079
315
2057
7565
12
596
29
5781
6
20
1195
1827
8618
1725
348
4008
0
5126
26
513
1
682
6613
16
3
915
5128
3793
4
2288
1
29
4997
16
1
2
20
2006
13
33759
29
433
6
20
1856
7768
306
686
1
13
348
5
1662
16
686
5
2
21575
20
16217
29
3845
12
20
3520
13
13131
16
29
331
1662
16
686
5
2
20
998
12
290
20
1255
4849
5
416
957
16
302
9056
3
29
13917
3
29
12975
3
29
15005
3
462
8375
290
3
29
433
2911
421
25
20
998
1827
919
15773
220
322
5
10765
12
20
1255
13
433
1827
2911
387
1557
462
537
907
25
686
5
13
1562
11188
25
4361
29
24700
596
6793
25
29
3805
336
41223
348
462
563
221
686
0
2
302
5
26681
217
24399
0
289
14846
20
13636
253
28
462
8985
1
606
5
290
20
6943
28
13
3966
290
4446
686
25
289
20
1555
6
10274
5138
4
20
1255
29
5906
3
289
25
13
419
289
10058
3142
289
20
4118
29
6
9433
20
641
12
1157
1252
369
24
4086
26
13
3966
363
33602
221
20
4227
12
915
6
30817
20
4601
2
919
25
935
0
29
1538
0
29
5058
12
29
957
0
2
527
1252
39123
25
20
1255
6
9601
16
4601
25
29
3927
16
8858
4
25
53732
14784
210
421
25
5058
4
25
13
405
39030
2180
8447
12
289
1855
20
4227
12
3933
302
10779
247
13
348
10
29422
4
289
947
22252
4
20
3436
12
20
1953
12
20
3293
13
348
10
28902
301
290
20
22560
12
6
20
3045
29
11686
3723
3
29
20
2983
20
26742
682
3470
0
289
7236
1888
20
986
29
20
4118
29
2150
5804
10
20
1944
12
29
20
2051
12
29
363
1866
289
4227
12
290
462
35116
217
25
20
3293
13
20
5280
985
18528
2084
10171
0
14420
0
406
3933
302
16254
2
20
3305
29
2915
6
25
289
354
12
20
3305
331
2795
840
25
290
20
3293
29
4976
25
424
29
2915
2084
12
20
3293
2
5647
20
3723
29
363
2795
336
20
22560
12
29
290
1565
20
3293
302
20502
686
25
29
5568
25
29
852
4
5762
25
29
424
363
5122
421
25
289
20
8256
12
13
348
402
23444
289
20
30611
6298
29
402
2315
434
347
52283
347
42817
985
16008
2
686
25
462
15822
290
25
19723
25
29
405
20
852
4
29422
4
289
2777
10
1166
4475
245
16
10
29
8678
10
29
363
4976
16570
10
2
20
16086
3269
11199
10
13
3191
20
1950
20
15048
2
405
20
54625
222
258
3191
32651
33455
42687
2
20
38525
29
20
354
12
29
416
363
16774
1242
25
2
1110
25
331
462
8166
347
10530
25
539
25
13
348
462
1972
6
25
745
8865
25
347
1357
19478
947
16
25
29
462
1972
290
11199
25
1963
5828
2
686
25
20
998
12
29
462
4035
2
20
32651
289
686
25
29
4116
1093
25
29
523
1252
942
25
4763
347
4793
25
39011
27904
6
8315
290
25
20
38525
29
2933
49660
20
1557
20
41872
985
4446
322
20
33804
13
30
424
20
1950
20
15048
2
20
10002
29
20
21851
29
20
14733
29
20
3474
29
6337
20
5568
20
46386
12
2150
30918
290
25
54625
222
258
25
985
942
29
322
387
369
20
19570
26
6
718
20
641
12
20
961
26
6
11066
25
20
4318
20502
26
2777
3
13
290
369
20567
289
686
25
30
19322
7556
289
4475
245
16
25
583
369
545
3
2526
2163
12
2883
306
1624
25
407
20
1255
347
4683
12
15145
306
1469
25
29
7548
289
20
1904
6
20502
686
25
2
424
13
348
39030
2180
20
686
29
53190
20
8926
8447
12
1457
290
58694
6
10
29
6
424
19050
322
545
3
23
25
433
3036
16
3177
12
662
28
501
12
315
302
5
15
16
4201
10
289
20
852
20
491
29
523
6343
16
437
0
2
10019
13
331
2211
16
6568
0
289
20
852
20
491
13
1626
16
289
20
852
20
632
13
2211
16
686
5
30034
11388
12
290
1008
20
1255
840
29
416
2376
16
336
20
852
20
491
13
957
16
302
630
34284
5
335
15
16
4201
10
369
16
24050
12
2
20
28104
30242
2
12509
12
1008
20
1255
336
29
2140
16
3
5485
5
289
12307
12
20
778
28
336
20
1866
13
20
22560
12
6
10
3436
12
2560
12
3459
12
289
6909
20
54625
222
258
29
6589
10
29
6
424
5781
20
2192
13562
322
20
5568
13
348
25
1293
290
20
22560
12
20
1541
12
29
22
2728
39030
2180
405
20
6849
29
3918
10
289
2413
20
29422
4
13
348
2
20
6908
2
10
23826
20
486
20
730
29
2
20
957
2
10
52049
218
20
486
20
1890
29
5641
424
331
1621
20
957
306
20
486
1111
14953
302
658
20
957
2
20
3177
12
29
363
13547
6
20
3177
12
915
1243
290
20
3177
12
13
348
0
7220
302
331
13547
6
539
25
13
348
424
20
539
4536
290
25
29
416
6846
20
4731
2
12422
20
687
306
20
6199
583
433
4269
596
421
25
29
1656
1621
20
687
306
20
6199
30
21972
306
3545
1486
290
1859
5
1126
1621
20
687
306
20
6199
30
13663
306
3545
1486
290
1859
5
1074
289
20
957
13
2811
12422
20
957
5901
336
662
12
7204
578
10
331
935
8
25
29
20
632
3813
20
7653
6
6748
3436
16
25
29
20
486
363
9686
3436
16
25
29
20
1091
302
13547
2
25
20
957
2
596
29
7737
16
25
29
5814
25
13
424
1243
290
402
486
406
6325
20
811
2147
20
4318
322
20
3045
336
20
9056
6
22269
414
20
14379
840
25
6
1996
16
25
29
2967
16
25
13
20
486
29
957
20
486
5149
23
6
387
20
957
29
387
20
957
2303
12
20
17130
28
29
20
486
30
20
1037
6
25
29
840
25
20
2321
12
2
1406
25
3805
840
25
11766
20
1179
20
2591
29
20
486
20
1191
4930
25
13
20
1179
20
2591
419
387
20
957
29
20
486
30
20
21660
20
7703
6
25
336
12912
25
13
658
20
10031
1243
290
20
7703
29
387
2288
14308
363
10036
2
387
20
2288
18227
14505
242
336
20
6325
13
4667
985
2219
16
5006
20
4227
12
29
39030
2180
10
2615
16
302
20
970
421
10
3306
0
2
20
12422
7116
0
29
5305
0
3087
406
3933
302
4934
336
20
736
29
637
25
29
336
20
11656
29
637
25
29
336
20
18199
306
22560
16
25
29
336
20
7376
2
804
22560
16
25
290
405
20
5006
20
3879
12
29
18947
20
7376
2
20
4234
13
606
424
11554
20
584
29
8429
20
1243
29
2288
20
14223
2658
25
596
419
2290
20
2264
1111
433
1827
5976
20
16635
5755
269
322
20
1255
11511
12
6
20
14380
12
29
20
49949
3120
840
3
2659
221
12
6
2218
307
20
3467
38079
407
20
21011
269
45554
2939
1245
13
6
424
1166
20
8716
289
20
22560
12
29
20
4227
12
29
5484
424
2
20
21266
29
2
3500
12
20
5006
29
20
8858
4
11554
20
1243
387
419
20
584
20
5527
29
402
331
935
2443
387
13
419
9064
29
2150
419
16571
402
826
322
637
12
560
12
419
289
10
29
363
4680
302
6645
2
10
306
539
25
29
20
2054
6
25
289
20
637
29
20
1529
407
20
687
29
20
7509
289
2560
20
957
5901
336
387
29
419
302
20
7509
363
8943
915
322
637
25
13
363
7755
5396
42254
16
3
289
20
5399
29
20
687
419
377
5121
20
584
306
331
419
421
25
29
363
4934
336
637
686
25
13
5532
20
584
289
25
29
424
988
363
5484
289
25
13
348
20
584
826
19530
940
7401
609
322
20
584
730
363
29097
29
6
424
8032
20
7509
12
322
20
2719
13
331
290
826
915
29
5080
2
6520
539
6520
20
641
29
402
424
584
2
20
837
12
336
637
25
29
682
2
584
289
686
25
1111
20
584
363
658
915
826
0
29
6
424
433
883
459
596
20
10294
29
416
8032
322
20
2719
13
433
26347
2
2432
1
20
8219
29
1457
919
5
596
13
419
20
2719
29
433
20
25214
20
5808
419
377
363
6642
578
0
29
363
9738
29
348
15496
269
11227
29
433
3516
413
459
596
20
5808
377
363
6642
29
363
22058
29
433
641
419
302
363
658
6
1
13
348
369
6
1
13
363
658
6
1
290
527
462
1972
6
1
29
433
1536
20
15014
419
780
20
4834
29
6589
3316
20
44275
29
20
6325
302
25
1252
8032
290
3
1569
12
6
2934
290
3
1569
12
6520
916
12
5489
0
7316
290
10
1499
23
29
424
402
25
584
290
1112
13
348
25
1210
402
826
322
637
25
29
331
9524
306
1950
25
29
6
424
363
4342
1753
290
3
6196
578
7
6
1242
25
822
0
289
20
19519
347
20520
421
25
406
402
826
290
3
9525
302
25
20
4127
336
20
584
29
20
10169
421
25
6
302
611
4381
3
306
14163
20
3723
335
1568
6
4318
3
13
363
16254
26
915
2
2777
3
29
363
14609
26
336
539
3
29
2066
20
957
985
30800
14119
2
20
402
29
1386
20
7210
29
1299
20
3429
29
3191
1008
1807
331
1548
16
290
1008
4008
289
4508
12
20
10098
2
20
1008
289
20
1442
13
433
545
3
419
289
20
3165
822
23
29
19050
322
641
302
25
1520
822
29
641
5575
421
25
29
302
25
289
20
6187
2131
12
8367
29
22694
322
641
302
25
1240
12
8367
29
641
5575
421
25
13
387
6219
12660
12
20
7509
12
29
3429
3
13
348
402
826
290
1807
7274
322
20
1442
377
13854
25
2
850
686
25
13
4375
289
1406
25
29
9891
289
20941
16
25
1242
25
1111
5828
302
20
687
402
25
850
25
347
419
713
850
25
506
302
20
7509
363
6645
306
20
687
915
2
331
419
637
686
25
29
20
687
2
20
10098
419
377
2102
518
12
2950
20
1442
29
2537
25
17021
12
3429
25
2
20
918
13
11903
2
3121
916
12
289
918
916
12
29
1260
289
545
10
363
3040
1442
29
289
545
10
13666
29
289
545
10
18246
13
387
331
1510
8
302
9913
25
290
5810
12
20
4227
12
29
20
22560
12
13
348
1457
16
13
290
14823
20
4227
12
29
13854
10
1243
6
25
29
13182
13
331
5535
25
289
20
4227
12
13
4667
2150
13666
20
1008
289
5535
20
22560
12
29
416
935
8
10
289
1058
5535
20
7600
12
29
1033
5535
20
4227
12
13
363
13798
27173
6
20
17571
302
9918
2
4227
16
25
1723
449
686
25
322
20
1255
491
0
714
891
20
998
12
290
449
20
36811
632
0
714
20
6204
290
8858
12
20
5663
322
20
1420
2
1193
20
1305
28
1091
0
714
20
16141
2
26648
21436
12
6
5058
12
596
1604
0
13
405
5535
857
16
25
714
6
1972
289
8256
16
25
22213
0
306
20
957
29
20
486
29
20
935
29
20
1538
6
643
5664
8583
12
20
4227
12
29
6
4531
20
1255
322
302
13268
24
49976
25
29
1199
16
25
12537
2431
611
739
25
29
6
14533
322
20
2006
322
3243
3
29
322
20
23193
336
27589
498
20
850
29
331
20
1255
8727
26
2
25
13
348
402
424
27025
20450
289
20
1950
583
30632
289
1517
20
3177
12
347
20
1538
290
527
363
18209
13
3392
20
3243
289
20
2934
30
3392
20
20716
289
20
1155
13
363
538
302
28453
29
29145
16627
25
29
19166
25
29
48928
545
10
336
545
29
578
1185
4
20
17571
1891
20
34464
20
2250
246
12
322
935
596
29
20
3243
15607
20
34464
29
3229
10
29
39922
1924
2
20
5735
290
20
4460
223
29
915
2778
25
20
3375
336
20
1255
29
12558
336
22560
16
3
1720
15
18315
0
306
331
19947
25
290
9425
20
6598
29
682
228
2934
25
322
20
23193
336
331
5191
289
25
290
11665
421
25
2
20
4227
12
347
20050
289
25
2
780
20
7816
12
13
348
402
424
4687
289
20
1950
29
1252
354
12
5735
12
29
637
17429
20
1950
2
25
363
538
302
658
10169
0
322
1815
25
336
718
20
641
12
13
348
20
1815
4475
2
20
22213
12
306
2855
29
935
315
1235
1950
29
4475
2
20
1538
289
4799
596
29
7737
16
25
29
5814
25
29
31575
1050
4
25
29
1155
25
29
4475
2
20
6183
289
3918
20
811
29
13413
4
20
4318
29
891
1748
20
17889
290
10
29
402
424
9149
20
4925
29
20
33415
336
630
424
988
40646
20
1950
289
20
637
29
416
20850
935
25
289
5074
20
935
290
527
363
3615
1720
15
6
25
2057
1191
12
347
27746
1191
6
34888
686
25
840
25
289
20
437
1053
12
290
9310
20
22213
12
13
289
25
3706
306
2084
12
20
1053
4
29
363
697
6
25
20
4730
289
20
4227
12
915
2
1891
20
13131
322
20
4118
29
331
20
1255
24489
26
289
25
29
363
17212
13131
25
915
2
2537
20
1876
2
302
363
5122
6
686
25
972
0
1558
0
406
2978
306
302
25
363
48895
29
10530
247
306
302
25
363
2978
9133
1042
421
25
4730
437
29
363
8072
421
25
20
5377
306
20
4730
761
28
501
12
1252
971
30706
20
13532
1720
15
730
20
935
6
20
2793
29
1029
12
20
5123
2885
13578
1950
25
290
20
1029
12
29
9119
1659
198
302
290
462
2915
289
1950
25
290
935
596
29
1996
16
25
331
49255
2
25
13
363
26556
11685
12
20
1029
12
414
20
2793
29
302
290
6238
2
935
596
29
1996
16
25
13
363
16356
20
2793
6238
25
1111
363
19761
20
2793
1759
20
6238
29
20
1996
12
406
3040
418
0
2
1996
16
25
29
6238
25
16738
2
1621
596
421
25
29
2658
16
25
506
433
596
3805
289
20
3347
29
363
58308
801
1309
24
289
2333
596
28484
0
406
3574
606
919
3
19427
26
2756
28
2
331
41262
3
596
290
1621
25
29
402
34665
6
596
289
4461
686
25
13
419
3231
2885
6555
25
20
2793
931
0
539
12873
13
20
6348
290
8191
686
25
29
7711
25
1126
20
6348
290
8191
686
25
29
7711
25
6702
25
20
2590
290
1126
21649
12
413
3811
29
24652
25
743
1406
25
29
7711
25
29
416
1074
289
20
1675
20
1091
290
5535
20
7600
12
506
2963
2
25
3875
596
4269
596
421
25
29
1656
29
20
4461
20
1157
4461
20
686
506
433
545
20
11679
12
6903
596
322
3
8850
8
290
20
4461
20
6115
336
20
4461
20
1157
40644
4461
20
686
408
1058
20
4227
12
29
24703
25
1058
5535
20
2192
29
20
1719
6
596
1029
25
48