9291
596
20
3520
20
6700
38541
5535
20
5648
218
45
419
20
1058
20
491
290
2413
20
1483
4
290
1058
6086
2358
20
12118
196
45
1719
6
596
377
5505
8553
20
5385
4
13
3045
20
1155
29
20
19148
4
29
12166
20
2883
20
10412
290
20
21728
4
13
6702
2
25
20
1490
29
20
5724
29
971
20
20215
29
20
582
2203
29
2444
2
20
10744
4
1601
20
3885
4
29
15941
306
20
7565
4
29
20
811
20
1191
4
2
5648
20
2591
4
29
20
3177
12
306
534
4466
20
10008
4
20
12056
4
29
306
10376
29
1859
25
3177
12
14138
306
4758
20
4601
29
17709
2
11936
20
1053
4
29
1656
2803
0
730
0
48
1033
414
13
348
12912
3325
20
28803
1019
596
3805
289
1881
20
13140
29
363
718
336
20
1361
6
1019
596
336
2
20
957
29
20
486
29
363
2053
20
22213
12
421
7
915
2
998
12
20
13802
29
363
52165
998
12
20
13802
915
2
20
8333
12
29
20
799
218
4
29
20
2345
290
10
2
971
20
1265
12
306
8771
20
4601
13
290
387
20
1112
433
545
20
5210
20
1191
28
348
20
5648
290
20
986
29
421
25
9869
919
20
687
28
2
1406
25
29
419
9756
20
1856
28
402
24
290
20
2591
4
29
28532
24
1191
0
13
290
2062
306
20
5648
6
15013
2
25
306
20
957
29
20
486
29
20405
2
25
306
20
11465
13
363
3933
302
5022
686
25
11988
0
24446
42086
289
20
5648
33804
20
36819
289
20
19502
13
348
331
419
8364
12
336
20
986
29
4048
12
840
25
3933
302
3463
12718
20
986
421
25
29
2150
12718
20
986
5535
25
29
16835
25
335
1698
199
20
459
2
9751
10
29
48063
20
4525
247
2
49962
10
583
6323
219
2
7450
20
4731
13737
12
20
3735
289
8837
10
29
17250
10
13
13515
2
804
10
12002
12
6
20
10549
29
2659
221
12
6
20
2782
29
348
369
289
10
28320
3168
6
20
686
433
4269
596
421
25
29
1656
348
20
1486
6
32330
583
289
20
25721
12
4930
10
336
289
25
4782
289
54747
12756
20
998
767
16
25
1126
348
20
1486
6
32330
289
20
25721
12
4930
10
336
289
25
29
336
289
3744
16
25
6702
25
20
9811
290
1126
6
1689
413
1983
29
8874
29
348
1
2885
11701
16
290
3940
12
13
348
10
4375
12
583
20
25721
12
5905
10
336
289
3744
16
1
29
2150
424
985
1299
10
2
20
986
29
6
20
986
14620
0
289
25
5535
25
29
3417
25
29
10
1267
3148
2263
336
3417
20
986
289
20
5648
26564
10
29
16835
10
29
5535
10
29
25313
4
10
29
869
4
10
289
952
12
3725
29
2290
289
641
10
20
1675
20
491
956
363
538
6
20
20049
290
6059
16
25
29
348
11209
2
20
5648
20
1675
20
632
956
2893
290
20
5535
2
804
20
1038
306
20
5648
20
1675
20
1091
956
4879
1147
20
3735
336
20
2096
20
5268
28
20
1675
20
1604
956
4879
20
1617
12
29
20
7847
12
29
18818
10
20
1675
20
491
956
3146
6
20
7446
290
25
29
419
662
12
4590
1636
554
20
5648
29
1636
315
20
5648
29
1636
414
20
4925
290
25
20
1636
20
491
289
20
5535
335
7902
306
20
5648
29
443
20
491
302
658
20
3735
414
1348
25
9984
0
289
686
25
2591
0
289
558
12
11511
25
1940
0
6
20
501
12
29
20
21792
462
12740
2
804
16010
25
289
20
4731
29
363
2
970
9721
29
42926
12
289
986
306
331
22
2281
289
2811
20
2591
20
3306
289
1058
20
9984
29
20
5680
29
416
681
596
3805
2
5648
20
2591
29
419
20
9984
29
822
20
10470
322
20
5648
2
20
7339
306
20
1309
52806
0
6
681
20
5680
29
13434
0
6
3829
12
20
9984
13
433
3805
1827
7008
801
3949
24
363
13446
24
2128
14
407
14
2
20
7339
336
1406
25
29
363
10293
24
2777
14
20
3494
12
13
20
2335
289
20
3735
1348
25
2591
0
29
419
290
20
26564
29
3229
20
986
20
632
8307
20
745
433
4269
596
421
25
29
1656
20
24958
554
20
3735
14460
20
2719
29
414
25
14460
20
462
199
1126
20
24958
554
20
3735
14460
20
2719
29
414
25
14460
20
462
199
29
289
2540
12
14460
20
2719
554
20
3735
29
414
25
6702
25
20
48218
209
289
13155
20
7090
290
2540
12
2911
20
3934
322
15515
25
5013
0
2
20
7590
20
491
29
6
20
51549
289
20
1990
290
1126
1487
2809
20
24958
554
20
3735
29
414
25
988
14460
20
2719
29
6
1983
7415
29
20
28982
290
1126
3284
3829
12
20
3735
20
24958
554
25
29
20
24958
414
25
29
402
10
4504
12
29
289
2540
12
14460
20
2719
554
20
3735
29
414
25
29
6
302
20
745
363
10964
322
25228
289
5628
20
811
13
8307
10
3823
336
20
4892
12
29
20
7064
12
29
6
302
20
5648
6
5078
20
5542
12
306
20
986
5058
12
13
419
4237
2
302
2062
421
25
331
2931
290
25
8666
20
20542
12
290
20
3177
12
20
1091
302
10902
20
3735
306
20
2192
12
20
1212
12
306
20
1155
13
419
3823
336
1330
3875
596
4269
596
421
25
29
1656
290
1299
25
306
20
9182
12
369
3875
596
4269
596
421
25
29
1656
985
8008
2
3735
782
25
306
20
1155
1126
369
985
8008
2
3735
782
25
306
20
1155
6702
25
795
289
1058
20
20513
290
2540
12
20
1195
9772
0
29
11403
25
20
10271
293
290
1126
1983
21519
12
974
25
29
289
25
1581
12
29
753
12
795
29
2861
25
50626
779
338
13
387
3823
336
20
9606
13
348
462
1972
13
306
20
2192
12
13
348
10
4162
20
2192
29
9467
290
20
2192
2192
20
641
12
29
1265
16
25
336
3139
20
11465
29
433
6238
413
4000
2658
25
596
331
5648
3875
596
4269
596
421
25
29
1656
306
9967
29
363
289
3144
194
12
1126
6238
331
5648
3875
596
4269
596
421
25
29
1656
306
9967
29
363
289
3144
194
12
20
1126
11403
25
20
9811
5781
13
306
2635
13732
13446
26
433
306
20
2192
12
29
5781
952
3532
16
414
3875
596
4269
596
421
25
29
1656
20
16236
29
20
3465
196
29
20
532
2397
29
20
20397
29
29990
1412
29
348
1457
8
20
5648
306
20
2192
12
1012
726
8
4667
20
5648
306
20
9182
12
21749
322
25
10470
46557
12
347
13794
985
462
6196
289
25
10470
29
331
5191
348
25
14697
414
3875
596
4269
596
421
25
29
1656
13
682
402
331
14697
21749
0
406
20
21749
12722
12
27185
501
12
3490
12
29
5905
681
0
290
20
4731
315
3266
518
16
25
406
20
3610
416
1166
289
545
20
3723
985
2631
16
20
1801
29
682
289
20
9182
12
915
1299
20
3735
322
20
1155
6
7364
20
5648
29
5913
424
988
363
46557
12
289
25
29
20
952
335
1127
16
289
302
10
5140
12
682
16
10289
12
406
20
532
2397
1195
6
331
289
25
290
20
4892
12
13
348
20
8307
24019
6
20
4892
12
29
20
532
2397
7915
289
20
6618
29
369
24
363
28662
223
6
302
25
1963
369
363
24385
606
3
347
363
37738
347
369
24
8727
28
2
1687
1565
290
20
3425
12
289
20
4892
12
1093
369
24
363
22009
26
20
745
3800
0
29
369
16
25123
3
38611
8367
3
29
424
363
4531
1348
20
8307
24019
0
29
1033
20
59935
13
20
6325
290
25
53011
20
3735
29
424
17338
331
462
16763
336
20
14958
20
8825
29
1033
20
9182
12
13
7364
6
20
5648
29
419
3800
0
17338
331
462
16763
336
20
8249
29
20
17748
29
1033
20
20397
13
419
5492
405
20
952
12
13
348
25
4096
336
32590
20
13737
4
29
6777
20
3983
307
289
20
13802
13
6
8748
20
7786
12
407
405
20
5140
4
20
1604
302
10274
20
1464
12
306
20
2192
12
289
491
6669
25
29
746
871
10
1198
369
3875
596
4269
596
421
25
29
1656
1963
2946
195
6
20
5648
306
41296
25
29
1464
306
1624
822
5
25
29
1963
5168
1486
25
20
6989
29
1464
306
20
6595
1126
1963
2946
195
6
20
5648
306
41296
25
29
1464
306
1624
822
5
25
29
1963
5168
1486
25
20
6989
29
1464
306
20
6595
6702
25
883
7415
290
1126
459
596
413
4994
289
1517
1126
2363
24
20
38249
12
13
6267
24
421
10
13
2026
3927
24
2946
195
3875
596
4269
596
421
25
29
1656
20
1126
29
6
25
29
6
20
3786
290
1126
6238
1548
16
25
10350
29
419
8706
290
20
7227
29
11853
883
20
1195
413
20
26378
289
20
36724
290
1126
25
369
985
13320
306
20
3735
31777
224
306
6512
16
25
20
6595
29
3625
20
6989
714
433
2150
1412
459
20049
506
10350
20
459
29
11188
506
4670
20
459
29
9968
25
4504
29
369
1260
363
20049
31268
0
1126
369
1260
363
20049
31268
0
6702
25
20
9811
290
1126
1983
8439
30772
2150
1412
459
20049
506
10350
20
459
29
21046
506
8261
20
459
1126
2150
1412
459
20049
506
10350
20
459
29
21046
506
8261
20
459
1074
554
25
290
1126
6238
2
7590
29
11188
2098
29
21046
29
11403
25
20
10271
293
290
1126
1487
972
743
1406
25
29
21046
29
20
4323
31268
0
16010
25
6
20
1297
12
3800
0
29
13039
20
5648
11206
0
29
31268
0
915
331
15183
2
25
290
20
6671
11853
322
421
4031
596
1112
25
302
25
5648
13606
0
306
28027
29
419
9388
1813
29
5191
51581
306
7710
25
29
20
1223
416
6286
25
20
1931
302
9918
2
5648
25
302
5902
519
2
25
306
7565
12
596
3805
6
658
20382
0
2
20
5648
29
363
7661
20
35010
29
20
14958
2
20
5648
433
1536
413
18819
731
6101
28
501
12
331
5648
16
3125
0
11433
4106
316
29
57029
315
424
306
5066
20
5648
13
348
25
985
5648
6
1003
565
12
20
5058
12
462
12400
857
16
25
915
2
5648
331
743
20
20397
13
348
20
20397
4531
290
20
5058
12
29
363
20405
421
10
13
290
1368
12
405
20
857
12
4249
20
13737
12
29
23357
20
4888
12
306
20
8328
433
3875
596
4269
596
421
25
29
1656
331
10663
14046
13751
449
0
290
7710
25
1068
1487
8590
6
1040
4
21583
4861
25
13
348
462
4670
13
5297
3735
29
5297
11575
29
5297
6
20
686
1126
331
10663
1487
8590
13751
449
0
290
7710
25
20
1126
6702
25
20
28982
29
433
1195
29
20
3786
29
1487
6185
25
290
1126
20
14623
413
1297
7052
221
29
290
1368
12
405
20
857
12
302
363
10114
20
745
336
20
3735
915
29
419
17706
13
658
20
7227
578
331
363
538
290
1147
25
306
20
5648
714
3933
302
4930
20
745
554
20
20397
29
290
1330
424
29805
322
20
2853
29
22
2281
3436
12
1457
12
20
5648
29
2798
12
20
16728
289
20
5066
290
25
289
1058
4249
13737
12
20
3735
290
2413
20
29422
4
20
2436
302
12685
2
20
1869
290
20
5548
29
20
3142
290
20
3735
29
363
20118
289
20
14958
29
891
20
1154
12
29
3041
20
11443
406
290
3468
12
20
6414
302
363
3615
2
25
20
11443
29
416
2855
20
681
2
20038
20
6414
1126
8508
24
20
6414
6702
25
20
10271
293
29
20
51549
29
1487
37817
290
1126
459
596
413
319
5680
2
9968
4504
762
0
29
935
25
1487
20
16781
289
20
1212
4
13
402
331
15200
20
19875
29
20405
306
20
5058
12
13
419
1866
730
363
3933
302
4896
211
406
363
3615
2
20
6414
20
3177
12
348
2234
739
10
985
369
289
20
739
16418
433
4269
596
421
25
29
1656
985
2234
20
6464
29
20
6464
15179
228
276
1526
2
20
6464
1126
985
2234
20
2445
0
29
20
6464
15179
228
276
1526
2
20
6464
1074
289
20
3177
12
29
20
2082
29
3096
16
20
3177
12
29
369
1487
972
6903
596
322
7
1963
2934
2224
12
20
3784
29
363
1585
290
57992
25
29
2885
369
16
20
686
363
30642
336
20
3735
29
462
1972
289
5292
20
3735
5441
13
20
1012
1147
20
3177
12
13
1033
985
2234
20
3735
29
3096
16
20
3177
12
29
369
289
20
5292
331
29439
20
3735
347
40646
681
25
13
1147
25
4454
606
8328
20
739
44911
16
20
686
347
462
10779
6
3813
20
1210
29
6
302
20
1950
363
11980
322
20
12544
336
20
3735
20
1212
29
348
462
1972
20
7227
3215
0
20
1953
302
20118
289
54617
20
3855
306
20
3735
29
1252
290
2057
25
29
3079
25
433
4269
596
421
25
29
1656
5836
24
306
3735
14
19558
6
14
289
25
1126
5836
24
306
3735
14
19558
6
14
289
25
6702
25
883
7415
29
1487
6185
25
290
1126
7728
413
1088
2
9968
1195
29
433
6238
6903
596
322
25
369
3875
596
4269
596
421
25
29
1656
363
10350
1029
25
1126
6238
369
3875
596
4269
596
421
25
29
1656
363
10350
1029
25
11403
25
20
9277
209
289
15123
20
5568
2
3912
4504
29
433
4269
596
421
25
29
1656
1866
20
3735
331
3927
16
421
25
20
3855
20
1636
20
632
289
5535
637
12
20
5648
29
419
302
3039
140
9291
596
289
491
25
8147
20
1719
6
596
289
641
25
29
1252
433
315
402
6
1462
12
9291
596
13
419
1195
583
363
6253
25
20
26102
322
935
596
3805
29
1260
315
20
25721
12
20
1012
9291
596
29
315
20
632
12
9291
596
20
3520
29
315
20
1091
12
9291
596
20
3520
20
6700
29
45953
2
25
6
2086
539
25
29
10350
2
20
6989
29
3039
2
20
2662
29
17463
2
25
29
31412
20
25721
12
29
32067
22588
10
29
331
462
29073
10
462
10114
20
745
336
20
660
13
348
424
4735
12
289
20
5648
29
302
363
4463
199
10744
0
369
4269
596
421
25
29
1656
363
22119
10744
0
369
985
12208
25
5648
25
29
915
780
25
1126
6238
369
363
22119
10744
0
348
12208
25
5648
25
29
915
780
25
7388
421
25
290
1126
1983
21519
12
29
302
10350
988
4135
25
915
20
9134
12
13
348
6
25
302
15362
196
745
25
289
10
433
4269
596
421
25
29
1656
402
988
47114
1126
402
988
47114
7388
421
25
290
1126
972
413
1983
1656
12
714
369
4269
596
421
25
29
1656
6089
306
20
9134
12
13
5781
6
25
289
424
13
433
682
419
1293
0
826
0
1126
369
6089
306
20
9134
12
29
433
682
419
1293
0
826
0
6702
25
20
28982
29
1487
6185
25
290
1126
13673
798
413
6803
221
29
289
25
29
6315
16
745
3875
596
4269
596
421
25
29
1656
289
20
2620
13
433
1827
13673
798
402
290
527
3613
16
13
348
25
539
3507
826
433
20
28982
3025
29
11403
25
1487
37273
289
20
15807
29
302
363
10350
290
573
12
20
38249
12
29
363
290
1269
20
3735
406
10350
290
23714
12
20
12496
915
985
1457
20
6414
13
15134
20
6414
29
363
9130
2
20
7242
1126
20
10470
322
1891
20
6414
2
20
7242
11403
25
1487
37273
289
20
15807
290
1126
1983
21519
12
29
289
25
15148
1487
1983
5890
29
419
21028
29
11403
25
20
49399
289
20
839
290
1126
319
1656
12
2
3912
4504
29
363
9130
20
5733
3800
0
1093
13567
322
25
29
433
14518
8088
223
33209
0
1126
20
10470
322
1891
20
5733
2
20
7242
6702
25
883
7415
290
1126
8022
29
433
2410
7136
1302
33209
0
433
20
3786
9248
29
6702
25
20
28982
29
1487
6185
25
290
1126
18848
413
16408
29
14518
200
24
20
5733
33209
0
29
3912
25
4504
29
363
10902
306
20
6414
38249
12
29
363
539
10
915
331
10350
2
25
433
4269
596
421
25
29
1656
8508
24
20
6414
13
348
596
3805
12166
25
290
8159
20
5233
29
363
24074
745
25
2
20
6414
29
433
4269
596
421
25
29
1656
985
1814
16
6
1462
12
578
14
7726
21126
2331
29
9181
245
331
369
2
10
290
9425
29
363
7917
10
6
20
8926
29
363
24074
745
25
2
20
18856
583
57703
198
7746
25
13
348
25
363
14674
289
446
3735
25
20
3829
12
1126
985
1814
16
6
1462
12
578
14
7726
21126
2331
38563
245
331
369
2
10
290
9425
29
363
7917
10
6
20
8926
29
363
24074
745
25
2
20
18856
583
57703
198
7746
25
13
348
25
363
14674
289
446
3735
25
20
3829
12
6702
25
1305
290
1126
6238
29
3587
29
363
31201
289
20
3735
20
4174
1126
20
10470
322
20
17427
289
20
3735
29
20
11575
6702
25
795
289
13155
25
290
1126
1487
2809
29
419
606
1983
7415
29
20
28982
29
24652
25
1487
6185
25
915
302
3
433
24
289
20
23232
29
6702
25
20
28982
29
24652
25
290
1126
1983
1725
10470
322
20
17427
289
20
11575
13
419
21749
322
25
406
24882
336
302
8072
5648
25
29
10350
290
20
4132
10558
0
2131
0
347
1794
761
12
347
1794
29
761
28
347
331
4251
29
363
4956
407
20
4132
29
20
16566
289
2620
29
363
4956
289
1723
25
406
3633
20
8626
12
290
289
25
306
1624
1723
25
714
7039
10
29
6354
402
1281
25
13545
29
143
828
29
302
363
5022
331
3110
2458
25
290
20
3735
29
4987
25
289
20
38249
12
406
5022
25
315
20
143
828
583
363
49457
306
539
25
40125
499
223
29
302
363
13268
20
4323
289
1517
20
3735
915
985
13255
2
25721
12
347
4375
14396
25
1093
5781
348
424
24019
289
20
1388
29
348
25
16470
20
1297
12
29
1033
20
4323
13
3883
25
302
4518
20
12580
2
4548
25
29
1260
9291
596
29
13209
25
371
0
363
21900
433
4269
596
421
25
29
1656
371
24
20
2883
371
0
29
363
4456
218
25
21900
13
348
25
20
7143
301
290
20
987
1126
371
24
20
2883
371
0
29
363
4456
218
25
21900
6702
25
883
2688
50515
289
13155
20
14305
290
1126
6238
2
20
7764
20
491
29
6
1983
7415
289
20
29599
196
290
2540
12
4398
413
1983
15298
985
4323
345
13
29782
24
371
0
29
363
13209
1268
0
29
363
9388
1813
0
13
348
25
4269
596
421
25
29
1656
13567
322
20
4323
1268
0
1126
20
10470
322
20
11575
1268
0
6702
25
1305
290
1126
6238
29
1983
1725
29
1983
21519
12
29
11853
302
25
4269
596
421
25
29
1656
4323
1268
0
1126
302
25
4269
596
421
25
29
1656
4323
1268
0
7388
421
25
290
1126
1487
2809
29
424
290
19040
29
3631
25
369
6
10019
29
18558
6550
20
12580
583
363
42890
421
25
29
4934
289
20
12580
554
20
4323
29
363
7125
5316
29
363
19650
289
20
12580
406
10598
7952
322
6759
25
2
20
1719
29
5575
25
2
20
4625
12
29
416
433
4269
596
421
25
29
1656
414
20
4323
20
1719
6
596
377
1968
25
10396
0
10412
0
2
2658
16
25
29
462
2651
25
2662
0
500
352
0
2
17031
8
1126
369
1260
414
20
4323
20
1719
6
596
377
1968
20
2883
10396
0
10412
0
2
2658
16
25
29
462
2651
25
2662
0
500
352
0
2
17031
8
6702
25
20
51549
289
20
8060
9772
0
290
2540
12
1983
6366
534
413
421
413
20
1534
29
20
12580
29
402
331
21620
306
20
4008
21620
1699
12
29
416
4323
3875
596
4269
596
421
25
29
1656
6
6284
29
883
4142
6903
596
322
25
322
1489
25
29
31542
322
4548
25
29
972
2364
16
25
13
433
972
6903
596
322
25
6973
8618
4142
13
43186
20
31542
29
433
20
4280
13
20
4280
29
13209
289
662
12
9194
22351
596
289
5016
10
29
10492
596
289
4773
10
29
1260
289
641
20
686
20
491
20
1719
6
596
29
289
20
632
919
20
687
28
29
289
20
1091
2893
20
3520
20
6700
13
387
1908
290
761
28
3883
0
289
637
12
20
5648
29
20
4323
4365
16
421
10
20
3243
29
20
2506
20
1636
20
1091
331
40961
414
20
3735
29
419
302
13025
554
20
20397
29
57703
198
7746
25
714
24074
2
20
18856
714
22009
10
29
16198
19428
20
3735
433
4269
596
421
25
29
1656
290
5648
331
6890
290
20
9182
12
3402
289
511
12
29
16680
289
3079
25
1126
290
5648
331
3793
290
20
9182
12
3402
289
511
12
29
16680
289
3079
25
6702
25
883
20
989
289
1058
20
13140
290
1126
3587
2
7590
786
290
20
2719
29
20
43725
29
20
38631
29
2147
322
3079
25
20
36815
29
6
25
290
1126
20
4484
413
4054
245
6361
511
12
290
20
5548
29
1274
247
289
3079
25
29
3395
7
9248
762
0
29
13158
29
363
29073
402
331
4235
290
407
5255
25
2
20
455
915
331
4956
290
3229
5255
25
37434
25
1033
20
2611
2
20
455
47663
25
1720
345
1590
269
414
20
455
13
289
25
2886
322
2057
20
1555
421
3
20
998
1380
57703
198
20
38249
12
29
13209
2883
10
29
5191
290
52823
20
38249
12
29
8307
10
29
4323
2883
10
369
6
25
24532
8908
12
29
302
8123
20
19428
26412
20
11878
20
1357
29
302
13026
596
3805
2
1950
25
306
331
8333
25
13
2627
20
3735
3047
12
290
25
433
596
3805
402
24
290
2591
4
331
5548
32675
29
27122
24
6
596
29
2885
5648
9984
0
433
20
1719
6
596
377
2
3047
16
25
1802
20
1191
4
29
14960
20
3829
4
10366
8333
8
2591
0
29
10984
8
1191
0
29
348
5648
3185
12
51153
20
1719
6
596
306
402
637
10366
363
4175
25
565
12
6
8
306
22182
16
1
29
7405
414
20
3735
1457
419
596
578
29
6
31133
15522
29
363
1585
322
20
9182
12
583
5905
491
0
13
348
5648
3735
20
539
7726
6941
6
25
29
6
3387
10366
611
1866
25
29
7056
6
25
956
5548
16
25
29
6298
6
25
302
4670
289
25
1866
0
29
54900
25
2
331
8607
16
25
29
18297
8
29
5485
25
290
20
6786
28
29
348
33949
606
4008
51153
33949
606
14
20
11172
26
29
5648
3735
14
20
18257
1463
16
421
14
20
13030
12
29
6
13268
20
29839
29
20
4966
306
331
5648
290
3185
12
848
30010
276
2
5957
25
29
4966
25
566
20
2158
335
1568
6
10
6
1406
25
4269
596
421
25
29
1656
402
5733
10651
290
5680
13
20
2158
1012
2
25
1126
402
5733
10651
290
5680
13
20
2158
1012
2
25
419
289
839
20
3536
290
1126
10005
413
16424
12
2
7590
56210
29
419
606
20
28982
29
1195
25
2
7590
363
21131
0
5733
10651
290
56210
915
369
16
20
2158
1012
2
25
29
682
290
10350
29
15767
30
290
10350
29
32558
29
6
3387
985
5648
6
6284
10366
7056
6
8
956
5548
3852
29
16054
8
290
25
1126
20
4008
606
5648
20
553
10366
7056
6
8
956
5548
3852
29
16054
8
290
25
6702
25
883
7415
29
20
28982
29
1195
25
29
1487
6185
25
290
1126
1487
2809
985
5648
578
14
3735
0
51153
10366
7056
6
8
289
25
29
8333
8
1866
0
290
25
29
290
14433
25
596
6
6284
51153
10366
7056
6
8
289
25
29
16054
8
290
25
13
348
5648
539
25
433
10366
7056
6
8
956
5548
3852
29
44936
8
1866
0
290
25
13
424
20
8060
988
941
2
25
3875
596
4269
596
421
25
29
1656
20
553
6
3813
7653
25
29
40961
41407
20
3735
302
1260
20
1719
6
596
377
8333
8
29
14433
8
29
18449
8
29
30429
195
8
1096
8
29
13044
8
1827
3470
290
402
1557
29
363
4976
290
25
1557
8333
16
290
7227
29
3949
16
290
2936
8076
20
1719
30429
209
16
290
697
29
5947
16
290
16998
12
29
3196
16
290
20030
12
8076
20
1719
1719
0
730
0
1541
0
2591
0
8456
0
1482
0
289
25
506
2838
2057
25
29
4078
25
10366
8333
3852
2591
0
13
10984
8
1191
0
29
18297
25
3706
0
6
8
322
7565
16
1
29
1450
2882
4361
302
32431
2
25
306
22182
16
1
29
1033
8307
20
745
28
2
20
532
2397
13
2798
16
25
302
2651
20
532
2397
289
1723
25
20
6595
29
22009
20
7746
20
662
290
20
745
20
6989
491
0
29
8021
7746
25
306
20
532
2397
20
13229
13
24074
2
25
12311
5
25
714
12521
8307
20
6759
2
24041
25
29
53298
2560
5255
25
29
5762
10
29
20
13742
29
20
4950
714
22009
7746
25
290
424
2
20
2883
714
53298
2
2084
12
20
532
2397
20
13229
7746
25
1624
0
29
7710
0
29
26204
2
424
322
1250
12
20
532
2397
336
20
6759
29
1250
12
8307
25
20
1675
20
632
956
2893
2
804
20
1038
29
20
783
12
289
20
5648
29
443
2131
12
20
491
302
363
50592
2
20
3735
29
315
25
290
4896
20
1147
2
8249
501
347
1154
12
1621
915
302
658
419
20
25770
29
20
15373
2
25
13
15656
3933
302
363
13666
421
3
20
3041
985
7411
9168
24
6
20
5648
29
5836
24
6
25
20
632
302
363
20334
24
306
20
3735
13
348
424
290
1815
12
20
13545
29
523
8943
26
2
20
2082
29
3591
26
2
4695
4
20
1191
28
289
20
8333
12
29
539
10
20
1091
302
29505
2
3710
25
289
20
38249
12
13
363
7661
302
10350
1154
12
306
331
10350
25
13
348
424
5680
348
462
1972
1940
0
6
3934
3710
25
2885
369
20
3735
1509
0
406
3933
302
7661
20
23357
29
363
10350
4132
16
28
289
1382
12
915
985
1330
24
424
347
26997
3
13
348
11926
3710
25
6892
25
29
2110
12
289
20
5648
29
433
6
25
402
29
363
2893
289
1406
25
402
306
662
333
4
13
348
424
11784
29
13180
369
3875
596
4269
596
421
25
29
1656
985
8467
3605
289
1557
662
0
462
14401
414
662
1126
369
985
8467
3605
289
1557
662
0
462
14401
414
662
6702
25
795
290
1126
3587
289
1126
1558
29
290
1126
1983
53014
228
3800
0
29
9968
7
1195
29
369
4269
596
421
25
29
1656
12391
20
2288
662
0
1126
369
12391
20
1179
12
662
0
6702
25
20
9811
290
1126
6238
369
5198
20
1179
12
662
0
13
682
290
20
3883
20
1154
12
421
25
13
1033
20
3276
421
25
2
20
5648
13
6996
433
20
1195
413
421
6903
596
322
7
20
3735
27831
290
302
37698
421
25
20
1604
302
363
557
608
3710
25
336
302
1260
6
25
402
433
545
20
8212
5505
20
20049
28
5648
0
290
363
557
608
1242
25
336
302
13125
25
289
20
5648
29
1079
322
7817
25
22027
12
20
1406
29
363
3933
302
7917
3125
0
988
31631
25
6
1003
1008
20
539
840
25
13
348
424
8531
406
2931
306
20
6757
29
363
10070
290
1483
16
25
3125
0
289
20
1029
12
29
523
2245
686
25
1195
20
3883
289
20
1029
12
583
363
2795
336
20
8531
606
20
1038
3047
1252
11926
290
5648
25
23357
0
6
2096
25
29
1008
0
6
3
606
20
1265
12
336
424
13
419
1195
29
348
3139
289
20
5648
306
857
12
20
1045
12
29
6777
1711
20
4008
289
20
5648
13
363
9761
2
25
406
419
1195
29
369
1487
20
1482
2062
8084
20
12430
336
2096
25
29
1260
290
5648
611
23776
16
25
2
402
8626
12
541
7
29
369
1785
20
16566
29
4617
402
290
6
25
1621
16566
2
581
25
17561
29
424
6
1382
20
13309
29
1154
12
20
1711
289
20
38759
29
433
6366
413
534
6903
596
322
7
4454
2096
5
840
611
3
5648
0
29
6664
3
6
1462
12
29
19248
3
421
290
557
32228
209
336
4333
25
289
20
5648
29
402
387
2321
12
336
20
5110
306
20
6757
29
780
20
8531
29
433
6366
2658
25
596
3800
0
36840
2684
12
2967
12
20
1486
6
7817
25
2
2684
12
5648
25
289
1770
25
20
1931
302
8307
20
745
289
20
155
309
363
9761
2
25
29
6
25
302
2836
2282
289
25
348
5648
1029
25
29
348
5648
315
539
25
13
363
3933
302
4670
424
13
985
822
20
155
309
840
25
539
25
20038
0
6
25
13
6
5192
25
5836
6238
413
4000
29
3490
20
32874
6903
596
322
7
306
3735
13
822
6238
20
155
309
840
25
13
10016
3490
13
433
6238
985
8508
1
5774
1
13
36044
3468
16
25
29
363
6536
10
13
2150
10650
596
1735
29
1909
29
11853
302
12032
20
3167
1927
8618
14684
12
20
31674
13
1254
20
3167
306
745
25
289
20
155
309
13
2026
14210
433
1827
8618
14684
12
2055
290
1254
306
745
1
13
433
363
433
1254
25
598
20
4940
28
13
433
1827
598
20
4940
28
2150
8508
16
20
957
29
1003
196
16
25
13
1003
1
596
29
8508
1
506
1003
196
16
20
957
29
2057
25
29
363
9761
302
7375
24
306
8307
20
745
289
20
155
309
289
637
12
826
12
13
419
3823
336
20
9606
29
5617
322
2950
20
3041
13
348
462
48450
13
363
3933
302
7639
2883
402
826
406
4956
20
2883
289
20
155
309
433
4269
596
421
25
29
1656
25111
24
29
2691
14
1127
596
3357
14
1126
25111
24
29
2691
14
1127
596
3357
14
11403
25
20
48218
209
289
13155
20
7090
290
1126
1983
21519
12
2
9968
363
9761
2
25
29
1968
1487
5690
1204
1983
21519
12
1536
29
433
348
25
9863
29
289
25
1008
5781
348
20
5149
387
29
1528
972
413
459
20
2138
336
20
40487
363
4930
20
155
309
290
407
745
5
4008
915
17051
12
29
363
7732
24
2
20
13545
29
433
1487
6524
5836
24
306
8307
20
745
289
155
309
826
29
363
12993
24
2
501
12
20
432
1974
29
20
2304
377
7639
20
2883
306
20
745
11435
545
3
302
658
1268
0
29
4454
302
658
10927
0
6
302
25
3823
336
20
9606
29
617
25
545
3
6669
25
13
11853
302
25
1254
20
2883
306
745
826
2304
10927
0
13
968
20
29977
421
25
13
5781
6
25
462
1462
16
13
433
578
8
363
538
29
302
658
1268
0
29
387
1012
6
302
25
7878
6
20
1254
29
6
20
8307
29
3823
336
9606
377
7639
29
985
369
6
25
857
12
289
25
13
5196
25
290
20
797
12
682
289
25
13295
13
348
20
1483
12
2100
12
2
424
13
289
20
155
309
985
2131
12
5535
302
363
1631
3329
289
25
29
302
2062
2
25
20
25770
29
302
5192
20
20038
2
20
1147
29
302
21620
1699
12
29
302
7375
289
25
1581
12
29
302
4956
20
2883
289
25
1380
658
20
2304
1268
0
29
302
548
194
20
2883
290
289
25
29
8939
25
290
745
25
2
5761
583
363
30853
306
20
9259
29
306
1859
25
29
6
7639
1242
20
1770
2
686
25
20
2883
306
745
3101
25
3297
1330
4000
2
20
14223
6903
596
322
7
289
491
5687
25
421
25
29
433
363
28956
331
1548
16
290
5
13
797
12
20
3101
2389
20
2436
302
363
4934
336
1859
25
29
363
10682
5648
3
12706
1123
313
406
27870
5706
25
322
3
29
16254
2
686
25
29
363
13025
554
2096
25
985
369
24
3818
4192
26
20
5648
414
25
406
10114
20
745
29
16599
10
29
5285
1890
0
1890
0
336
302
57323
24
13
348
369
1890
20
5648
2547
289
20
5855
29
11926
20
5648
583
985
3375
24
289
20
3735
5648
315
3
873
0
1093
1330
424
730
290
20
11679
12
6903
596
322
3
13
348
10016
6
804
7726
28804
1511
840
3
1382
0
6
20
11388
12
322
3
20
1953
302
363
4670
331
33541
1511
223
539
25
13
363
28464
745
25
289
20
38249
12
29
363
2062
840
10
1469
25
606
782
20
25721
12
289
289
25
29
348
6702
3125
0
290
289
25
2147
1112
25
322
20
3735
29
2104
25
2
5572
25
29
363
2237
948
20
25721
12
20
11775
12
289
20
943
29
363
20
943
289
20
8904
321
12
1093
13039
25
539
25
29
20
25721
12
335
1891
10
2
501
25
363
2237
948
2084
16
10
289
20
12357
12
29
20
943
29
363
8943
2
331
2086
20
30884
1511
4
20
1675
20
1091
289
5535
1147
20
3735
336
20
2096
20
5268
28
1147
20
3735
336
20
2096
289
25
1621
730
433
6366
413
534
6903
596
322
7
985
13320
345
315
20
2096
306
20
9182
12
13
43391
24
20
6669
13
348
10
1053
12
363
7941
421
14
290
5998
14
29
433
20
1195
2658
25
596
402
3940
12
13167
10
20
1486
306
686
25
29
14078
25
13
290
743
3
12136
421
10
3886
210
12
915
3940
12
20
1486
306
2096
25
289
20
3735
13
348
596
41592
302
6642
322
424
387
315
331
2855
290
20
3243
289
20
17272
433
4269
596
421
25
29
1656
363
3391
20
13030
12
31712
306
578
14
331
4838
16
9182
16
25
1212
12
407
745
5
25
583
5905
1126
363
3391
20
13030
12
31712
306
578
14
331
4838
16
9182
16
25
1212
12
407
745
5
25
583
4930
6702
25
20
51549
289
20
1990
290
1126
8022
2
3912
4504
29
11853
322
545
2746
26322
302
25
369
2062
336
2096
25
3735
0
730
0
363
5122
26
306
5648
630
25
29
369
1260
1130
8
322
3875
596
4269
596
421
25
29
1656
302
25
433
348
20
2096
985
1299
24
3855
3
322
20
3735
462
12136
290
5648
1621
424
1126
348
20
2096
985
1299
24
3855
3
322
20
3735
363
12136
290
5648
290
1621
424
20
3735
462
8899
6
25
306
2335
13
1412
4454
302
1591
27492
988
4415
25
840
14
6
22716
1621
424
29
289
20
1210
363
12136
20
459
306
331
10350
25
315
2096
25
1126
363
12136
20
459
2
331
10350
25
315
2096
25
419
289
20
1126
377
414
25
2
8305
25
29
369
545
3
13268
20
5648
315
20
1581
12
6
424
29
8376
985
5648
1029
25
29
289
20
1210
662
12
363
12136
421
10
20
459
5648
12
20
16024
29
331
33949
421
25
29
331
5648
315
20
2096
1126
662
12
363
12136
421
10
20
459
5648
12
20
16024
29
331
33949
421
25
29
331
5648
315
20
2096
6702
25
20
46886
289
20
15807
290
1126
3587
662
12
363
6642
26
322
20
6665
20
11172
29
20
3530
3846
29
20
1486
10350
315
3101
25
6635
25
289
3603
12
2279
413
7415
20
41382
29
433
289
25
9248
20
1126
29
6
1983
2688
50515
289
13155
20
14305
974
25
290
1126
1983
21519
12
29
433
421
6903
596
322
25
6
302
6660
2096
5
306
26550
290
3735
4454
840
290
302
50509
8908
12
29
369
1487
972
6903
596
322
7
1260
290
4031
20
6951
2591
3139
12
289
2192
25
29
3777
25
6
1859
25
29
369
20
11679
12
6903
596
322
3
1260
26
20
1038
306
20
3735
290
15123
20
5568
29
369
24
6903
596
322
3
7375
26
306
2224
12
20
3424
29
363
43800
313
915
322
31344
29
5781
1038
20
2096
306
20
7479
12
315
20
6238
29
20
936
12
682
419
290
20
4118
29
289
20
1210
1260
596
3805
6
20
459
437
20
1420
12
1827
1487
8590
4624
16
13
462
30983
338
13
1260
1562
8333
1
29
2838
919
20
687
28
13
1260
40122
5774
1
20
1305
13
462
30983
25
29
1252
8333
16
25
15
16
8333
5664
1126
1260
596
6
20
459
437
20
1420
12
1827
1487
8590
4624
16
13
462
30983
338
59
20
1126
6702
25
1305
290
1126
1983
21519
12
2
7590
10464
199
16
1
13
462
30983
338
29
433
4269
596
421
25
29
1656
985
1075
14
20
5268
9548
16483
1302
1126
985
1075
14
20
5268
9548
16483
1302
6702
25
20
9277
209
289
15123
20
5568
290
1126
6238
29
419
1126
9248
433
25
1487
1983
7688
289
20
14937
322
13521
29
433
4269
596
421
25
29
1656
348
289
20
546
12
1716
0
2627
2560
10
290
5762
10
29
5762
10
290
2560
10
443
6
290
19447
20
2288
29
8333
20
3735
29
4269
2
20
1824
29
20
1255
27783
1126
348
289
20
546
12
1716
0
2627
5762
10
290
2560
10
29
2560
10
290
5762
10
443
6
290
19447
20
2288
29
8333
20
3735
29
4269
2
20
1824
29
20
1255
27783
6702
25
20
28982
290
1126
421
29
433
3025
363
4768
25
915
290
1126
459
20
3520
1487
13979
29
416
9774
289
25
290
554
2444
25
29
433
4269
596
421
25
29
1656
1866
14
290
8333
20
3735
1126
1866
14
290
8333
20
3735
6702
25
795
29
20
2590
290
1126
31230
29
433
2223
20
9968
29
433
4269
596
421
25
29
1656
290
8333
17086
25
583
23591
25
29
14433
25
583
9121
25
414
25
596
290
20
2158
2
2131
22272
331
407
402
16259
28
2027
12
12951
12
359
1126
290
8333
17086
25
583
23591
25
29
14433
25
583
9121
25
414
25
596
290
20
2158
2131
22272
331
407
402
16259
28
2027
12
12951
12
359
6702
25
20
51549
290
1126
459
596
413
972
29
433
1487
37273
682
290
1126
3875
596
4269
596
421
25
29
1656
29
433
20
3371
3025
9248
29
1033
5535
25
13
545
10
289
20
1571
29
545
10
289
1147
20
3735
1033
20
1571
13
682
290
20
501
12
302
7661
4008
0
17199
0
6
739
3735
3
30116
421
3
739
20
5648
13
348
424
290
20
5561
12
29
416
10470
322
25
433
596
3805
363
1786
24
4191
20
3675
915
302
33050
6
14
336
3735
539
10517
28
348
0
25
2253
4821
28
997
25
29
10773
25
29
289
20
1210
290
18796
336
3735
462
7917
840
25
18796
30670
0
29
5648
5680
0
1126
290
18796
336
3735
462
7917
840
25
18796
30670
0
29
5648
5680
0
6702
25
20
49399
290
1126
8022
974
25
29
2861
25
29
6
1983
7415
290
1126
1487
972
290
1858
306
539
1617
12
1858
14167
0
29
2568
18866
0
9968
25
4504
29
523
584
20
1004
985
462
21396
29
4251
302
14404
3
306
3735
302
363
10350
331
462
33050
6
25
13
985
5781
6
25
402
1008
13
348
957
302
3
32998
306
2967
12
6
1045
16
25
49226
592
29
348
369
24
32998
13309
290
25
13
363
3933
302
10350
406
3933
302
1945
3504
1033
985
369
17706
0
13
5078
545
2096
25
6
27090
25
29
462
21396
2
25
739
5648
25
13
363
9761
2
25
5078
3875
596
4269
596
421
25
29
1656
29
883
4142
29
972
6903
596
322
7
1770
1983
20
8836
413
20
31074
294
29
1983
8971
20
9835
6
1003
3735
10350
5518
29
369
24
22992
0
1126
5078
3875
596
4269
596
421
25
29
1656
29
883
4142
29
972
6903
596
322
7
1770
883
20
8836
413
20
31074
294
29
1983
8971
20
9835
6
1003
3735
10350
5518
1033
939
12
1983
20
8836
13
11403
10
20
28982
290
1126
1983
21519
12
29
433
1195
3025
2223
29
20
939
12
606
1305
523
682
289
10
935
6
576
5
20
8836
29
2150
433
1486
290
20
3077
29
1033
1126
5078
3
1770
1983
8971
13
11403
10
20
51549
289
20
15042
20
1693
290
1126
1487
2809
2
3912
4504
29
20
1571
306
713
405
20
637
12
10237
12
6
424
20
1305
306
7620
12
13140
20
17272
29
443
1483
12
20
5210
29
369
3706
413
459
596
20
20008
6
25
14822
12
29
1148
26
2599
0
6089
421
3
289
20
501
12
29
6
641
662
26
6089
421
3
289
20
930
29
6
641
12
2131
12
6089
421
3
289
20
1127
12
13
369
2096
3
1190
3
2098
0
322
4465
3
29
369
1420
5497
2
3
306
5078
20
40953
5058
12
6
3
13
348
1858
29
462
3289
1242
20
1881
29
369
7879
0
2
5317
16
25
687
0
2
2756
25
985
5648
290
3735
25
13
6
25
302
10350
2
539
3966
25
1111
20
5149
290
20
3966
20
3934
363
3201
289
20
8333
12
29
681
10
306
20
511
12
13
919
1486
15512
2
20
3966
29
37698
29
419
539
11437
13
5648
3735
25
16010
25
23098
7512
462
34912
29
5648
3735
25
10194
29
416
433
3805
347
2599
14
29
1858
3875
596
4269
596
421
25
29
1656
1881
40102
12
29
5648
3735
10
29
443
7512
12
29
369
20
3735
290
20
4375
12
13
433
1130
16
20
4375
12
1759
10
1126
1858
3875
596
4269
596
421
25
29
1656
1881
40102
12
29
5648
3735
10
29
443
7512
12
29
369
290
20
4375
12
13
433
1130
16
20
4375
12
1204
10
7388
421
25
290
1126
8022
15662
6
40102
12
5733
13
433
20
3675
4269
596
421
25
29
1656
419
6
10
4375
12
29
6
8
5947
12
29
1033
1406
25
1130
16
1759
10
13
433
25
289
20
15997
12
335
8607
16
10
14036
12
290
20
4375
12
29
419
7388
421
25
3800
0
290
1126
319
5897
12
29
424
6
957
25
2
6163
10
2
424
6
424
4680
302
3618
20
1881
2
539
19738
8201
2
957
25
2
20
3966
13
348
462
4086
13
363
538
290
20
19738
491
0
714
20
1571
29
369
534
413
2249
29
1859
25
3618
26
1770
20
1195
40125
41088
331
3289
26
2
539
3966
29
369
20
1195
3618
29
2627
424
13
6298
2
25
29
1260
3297
15
8
29
11853
322
20
1195
6903
596
322
25
302
25
369
1268
0
10350
290
24467
15306
289
20
1071
4518
290
405
20
2806
12
9235
12
29
290
405
4833
221
12
13
433
6
25
4561
331
4812
6
1
1827
8618
1725
289
20
21792
13446
24467
20
1486
2
539
3966
25
13
433
1827
7669
242
15519
421
3494
12
20
5648
27824
0
336
1406
25
3805
347
2599
14
13
433
13
290
20
2599
1827
8618
1725
433
290
54195
227
16
840
25
20
686
29
14775
840
25
20
1950
29
18796
4008
336
1770
13060
20
5303
13
462
59448
13
1363
24
20
1675
29
12166
24
20
2192
12
29
1968
24
10350
26
13
1858
20
5303
29
1968
1260
47823
621
5568
20
5210
3297
369
24
29
3870
4008
545
20
1187
28
29
462
1972
606
25
331
2062
25
840
3
13
2489
336
1770
545
2096
25
13
462
14131
25
289
20
1770
13
1858
13
1008
336
971
416
10632
10
29
336
6414
416
6414
25
29
539
424
13
1079
25
402
25
13
822
25
336
1859
25
29
433
402
24
13
1075
919
20
1770
13
462
802
3125
0
13
5781
6
25
416
2104
11661
13
433
416
5505
13
2026
5827
25
433
1827
561
5
348
1483
24
13
650
13
405
5535
20
1571
29
1033
5535
20
1147
851
1
20
3009
491
0
29
1147
331
2234
13
348
462
5126
25
1557
29
462
3233
13
363
10935
269
6
1003
424
12537
2431
306
686
25
29
348
2234
25
331
419
6690
840
25
6
565
16
25
29
462
4600
686
25
2
20
1147
13
363
3933
302
2062
1858
545
3
306
17850
29
419
10350
13
433
5641
302
5
2104
16
25
15742
6
8333
16
1
290
25
29
433
545
20
5210
289
4472
20
3009
302
30983
17086
1
1281
0
13446
25
2838
406
14543
1154
12
421
25
289
20
2684
12
29
20
1040
12
29
369
20
5810
1260
2150
7381
20
1255
2
20
3009
4096
578
3
17086
25
9820
499
246
6
25
29037
3244
223
322
20
7412
840
25
29
433
545
3
331
56303
2
290
47071
5
290
2096
5
13
348
5
363
45522
429
6
25
2150
3823
331
606
5
29
1252
3009
16
6
25
6
11435
16
20753
25
29
9754
16
25
29
433
545
3
15
16
6481
306
561
848
9820
499
246
848
13
1457
16
6
25
348
1
363
13446
1029
1
387
29
363
1412
13
331
4350
8
985
5836
8
5648
8
25
13
4475
302
10136
387
20
3009
347
32812
20
12334
13
1891
20
3009
29
4838
1038
8
2
804
25
29
290
20
3009
302
2062
630
331
606
25
19170
6866
2
13412
25
29
22036
4318
3
11853
302
1486
0
1927
2087
6903
596
322
25
13
433
421
21187
217
306
662
16508
363
1786
290
20
1071
3125
0
29
363
23165
331
289
20
1555
29
363
441
6866
2
13412
1
29
369
545
3
2062
290
402
331
289
20
1555
13
363
5022
1293
0
915
29
5126
3125
0
290
25
29
433
545
3
1858
8
306
3587
413
459
596
13
822
840
8
6414
0
29
16008
29
433
5641
1412
10470
8
322
20
3009
6
3009
16
6
14
1126
1858
8
306
3587
413
459
596
13
822
840
8
6414
0
29
16008
29
433
5641
1412
10470
8
322
20
3009
6
3009
16
6
14
11403
25
795
743
1406
25
5641
1412
10470
8
29
419
290
1126
3284
20
8803
29
22
2281
414
25
29
3395
7
4504
29
6
20
9811
322
972
413
20
2264
10470
8
322
20
3009
29
433
545
3
985
5078
16
6
20
1199
12
13
822
331
2234
29
348
342
3775
16
13
363
18823
29
363
32083
29
433
3284
681
8
3875
596
4269
596
421
25
29
1656
302
363
26632
429
6
20
3101
331
682
606
8
29
302
7850
840
25
331
2234
8
1126
3284
681
8
3875
596
4269
596
421
25
29
1656
302
363
26632
429
6
20
3101
331
682
606
8
1380
7850
840
25
331
2234
8
6702
25
20
9277
209
289
15123
20
5568
29
6
795
5641
302
3875
596
4269
596
421
25
29
1656
31646
8
347
5641
1412
10470
8
302
22498
578
8
6
1242
25
6
3009
8
6
1
29
6
20
51549
31646
8
3875
596
4269
596
421
25
29
1656
302
26632
429
6
20
3101
331
682
606
8
29
289
1126
5976
20
3675
4269
596
421
25
29
1656
302
25
3870
25
2096
25
13
822
840
3
4249
0
34484
6
3
2
50623
369
14042
25
714
433
6
3
402
24
5641
302
596
6
322
20
40155
28
6
3009
16
6
14
29
322
6238
413
4000
6903
596
322
25
29
539
25
290
20
11679
12
302
3
369
24
2062
26
331
2234
290
20
4249
20
13229
12
29
5265
246
20
4132
29
1260
26
363
16102
446
7
6664
29
51360
377
35777
331
2062
840
25
347
377
35777
331
606
25
302
2062
25
20
3883
20
632
29
419
6
20
5268
302
363
10004
29
363
12705
2
1557
2
1357
25
13
1963
18492
306
20
7858
9284
25
13
348
1866
25
5774
12
407
3735
28
38969
3901
7878
7
421
25
1198
20
501
12
52657
4198
35936
355
302
25
331
1866
3875
596
4269
596
421
25
29
1656
407
3125
28
915
4271
7878
7
1126
331
1866
3875
596
4269
596
421
25
29
1656
407
3125
28
915
4271
7878
7
7388
421
25
290
1126
8022
29
3139
331
462
1972
18351
0
29
462
2086
10
1305
289
545
1748
25
29
11853
20
21303
200
322
1983
6802
302
25
433
4967
16
315
1242
848
30121
3284
13
822
840
8
6414
10751
29
2662
0
22580
0
13
433
1242
5
1252
369
289
387
20
2662
511
378
0
369
13795
13
2568
3284
13
8070
15548
16
25
29
2104
511
378
0
13
2026
5648
8
433
1242
5
20
1719
6
596
377
54900
8
2
331
5548
8
13
433
3284
1252
54900
16
2
331
5548
16
462
1768
15548
16
5
11708
12
387
985
19758
11249
424
306
7817
25
347
46557
16
25
6
25
13
348
957
302
25
6298
2
3143
25
29
37738
421
25
424
13
363
13039
6
25
20
3143
1330
20
14223
6903
596
322
25
424
315
20
43091
1111
369
18470
0
606
25
2
2630
29
369
20
43091
4655
402
437
10319
12
2
331
34789
290
20
4356
29
8375
10
336
20
2100
12
13
2104
20
14223
20
10319
12
289
545
20
1114
29
11146
2
10
3507
0
641
2
514
25
13
2026
2699
20
43091
424
20
3507
10570
29
433
331
681
16
2
387
13
1046
16
421
25
20
10319
12
5962
0
289
10
514
20
14223
13
2026
1814
16
1357
25
306
514
25
2756
2
424
29
50509
20
2100
12
6163
0
2
3143
20
14223
421
25
29
433
883
4142
20
42021
1858
16
306
20
20806
13
1075
2
4065
210
29
2104
2651
1520
25
289
20
20050
13
1457
16
6
25
446
1557
2179
29
1412
31151
25
402
25
289
333
12
826
12
13
7212
29
433
387
1243
6
1
290
894
12
29
433
545
3
20
5648
306
662
12
2665
315
20
5710
2
20
23357
29
315
20
2096
2
20
38759
29
315
1915
20
4118
2
20
3883
20
3883
20
1091
302
719
2061
20
7858
17086
25
20
5268
29
30313
290
25
20
3143
2885
369
16
686
25
2591
12
2
1330
331
10004
13
424
1195
29
289
25
2782
29
1621
12999
433
3875
596
4269
596
421
25
29
1656
290
14404
290
7817
25
13737
12
22680
6
25
29
290
964
17086
25
20
4940
1093
964
596
3805
1126
290
14404
290
7817
25
13737
12
22680
596
6
25
29
290
964
17086
25
20
4940
1093
964
596
1735
29
1909
6702
25
20
10271
293
29
20
51549
290
1126
1983
20
52685
290
3272
290
7817
25
13737
12
22680
6
25
433
1487
20
16781
1126
1212
29
11853
1487
37273
29
20
19286
289
20
15807
290
1126
1983
4142
20
2599
290
964
4940
0
13
2150
964
596
20
1126
433
20
19286
7339
363
2335
6
25
29
433
4269
596
421
25
29
1656
956
11403
25
3587
290
12509
226
17086
25
2
331
31631
1528
596
6
25
936
936
1195
12
29
33627
322
25
936
936
4012
12
29
1299
6
25
936
936
1326
12
29
8333
25
596
290
662
8341
16
546
12
20
14305
29
546
12
6379
29
546
12
20
13953
1126
3587
290
12509
226
17086
25
2
331
31631
1528
596
6
25
936
936
1195
14373
32676
258
935
25
1487
20
16781
289
20
1212
4
290
2540
12
534
413
6665
322
1487
20
15210
322
3587
29
433
795
413
27697
387
7339
6461
20
3883
20
1604
302
363
1260
6
25
1081
4415
6
1
3735
0
406
3933
302
2062
348
369
433
20
5303
985
3870
1
5774
1
13
363
3923
6
25
20554
499
347
4415
840
1
29
523
822
13
348
5648
29
915
13
26938
29
348
369
2205
302
27090
3
3735
0
13
363
3933
302
3499
3
421
25
347
6304
25
6
3
433
20
5303
985
1510
16
302
363
30983
13412
1
988
13446
25
13
363
1774
3
2
25
29
363
18939
25
315
1
29
433
545
20
7509
12
985
1858
421
14
20
5710
13
822
24
840
3
3735
0
29
985
1858
20
11910
13
29820
3
322
2419
12
13
985
1858
20
2224
13
18298
3
306
20
21279
20
1675
20
1604
289
5535
20
7847
12
29
5989
294
20
5535
289
10
1148
12
20
1617
12
491
0
714
20
4210
12
714
20
1235
714
1147
20
3735
714
20
5648
714
20
14379
29
1023
2025
306
4240
10
348
5523
596
3805
5810
12
20
7847
12
433
4269
596
421
25
29
1656
363
3009
24
6
20
3101
3810
57276
269
1302
13
348
25
290
39526
20
3101
1093
39526
596
29
290
39526
596
39526
25
596
1126
363
24450
24
6
20
3101
3810
57276
269
1302
13
348
25
290
39526
20
3101
1093
39526
596
29
290
39526
596
39526
25
596
6702
25
883
4142
1487
7255
289
15123
20
5568
290
1126
3284
363
22498
219
578
6
3101
25
331
363
5122
421
25
29
289
25
534
413
20
5336
20
7050
19126
289
25
29
433
4269
596
421
25
29
1656
363
1866
13
1699
363
4325
1126
363
1866
13
1699
363
4325
6702
25
795
290
1126
1842
12
413
5036
29
289
25
1487
24667
24363
29
333
3875
596
4269
596
421
25
29
1656
19527
6
25
4808
29
8740
730
12
13
462
4325
25
29
333
2
3744
12
6
10
42656
4
13
7882
16
6
25
13
433
4269
596
421
25
29
1656
10775
24
840
7
2150
405
20
5568
4036
596
13
290
5523
302
5379
25
3045
0
1195
0
1330
1126
333
3875
596
4269
596
421
25
29
1656
19527
6
25
4808
29
8740
730
12
13
462
35097
25
29
333
2
3744
12
6
10
42656
4
13
7882
16
52578
750
43635
6702
25
20
9277
209
289
15123
20
5568
290
2540
12
1983
20
5356
292
9772
0
29
433
883
7703
9353
3875
596
4269
596
421
25
29
1656
348
25
5085
2
25
4269
596
421
25
29
1656
3101
13
433
1457
6
11661
20
4009
5085
484
3101
23048
429
338
3125
0
290
20
1640
336
5716
13
433
20
4009
29
596
331
31026
25
915
15151
13
7274
16
25
13
433
29
596
348
5
6
1303
289
20
5233
1303
289
20
1155
29
1252
31026
338
6
3826
16
25
13
26011
2
14205
29
13631
219
25
606
25
1126
1983
7703
302
25
5085
2
3875
596
4269
596
421
25
29
1656
3101
13
433
1457
6
11661
20
4009
5085
484
3101
23048
429
338
3125
0
290
20
1640
336
5716
866
43635
11403
25
13979
413
32391
5864
289
13155
25
29
20
9277
209
289
15123
20
5568
29
1487
9174
329
25
289
20
30695
2
9968
4504
29
369
1536
20
3228
12874
4
596
421
25
29
998
25
985
3974
302
10350
2568
2109
0
347
2109
28
30313
290
9132
821
315
25
29
369
44336
8618
20
3101
23
29
6
4375
857
16
25
289
25
4838
16
7847
16
25
289
3559
25
336
437
8
387
13
363
24950
5
1824
12
915
29
10350
606
25
1581
12
290
407
662
12
336
761
12
336
1569
12
29
433
8852
20
6568
348
25
1023
5398
336
1100
1824
12
322
3101
29
8032
3875
596
4269
596
421
25
29
1656
331
20
3536
13
433
17272
20
3735
29
3777
20
998
1126
8032
3875
596
4269
596
421
25
29
1656
331
20
3536
433
17272
20
3735
29
3777
20
998
7388
421
25
290
1126
459
596
413
3606
2
7590
446
20
1741
1866
433
30983
20
3735
29
54057
20
998
306
290
2219
16
29
290
462
2275
29
433
4269
596
421
25
29
1656
289
20
15292
4
29
20
1326
4
17272
20
3735
29
20
3177
12
2
20
1824
29
20
1255
27783
1126
433
4269
596
421
25
29
1656
289
20
15292
4
29
20
1326
4
17272
20
3735
29
20
3177
12
2
20
1824
29
20
1255
27783
6702
25
20
28982
29
24652
25
29
20
2590
290
1126
11076
29
416
1074
545
25
289
20
1675
20
1604
290
20
34806
29
419
1126
10366
348
5
9555
1
1330
20
1866
4
29
8032
322
20
894
20
40668
13
433
17272
20
3735
29
2591
20
2288
1126
8032
322
20
894
20
40668
13
433
17272
20
3735
29
2591
20
2288
1074
289
20
894
29
433
6238
6903
596
322
25
402
1555
363
3618
25
3101
363
1786
25
20
13030
12
29
20
3243
20
3552
12
289
1621
20
7847
12
29
20
17272
363
17268
18227
1182
5535
10
1033
20
1617
12
27173
6
20
3362
302
13257
2
1617
16
25
20
52518
743
20
27042
198
433
4269
596
421
25
29
1656
5648
3735
1
20
18257
1126
5648
3735
14
20
18257
6702
25
883
7415
290
1126
6238
2
9968
2223
289
35180
25
6
545
290
1927
6
25
29
433
4269
596
421
25
29
1656
363
13446
915
3735
2690
29
363
10350
3735
1
915
2690
1126
363
13446
915
3735
2690
29
363
10350
3735
1
915
2690
1074
289
20
7789
12
29
7661
20
5710
743
20
11860
306
20
1237
433
4269
596
421
25
29
1656
449
20
3735
3735
20
14260
12
5229
840
10
20
11860
743
20
5710
1126
449
20
3735
3735
20
14260
14373
32676
258
7388
421
25
290
1126
1983
21519
12
29
3933
302
363
21103
6465
25
289
7847
16
25
13
348
5920
3
38445
798
29
1891
2658
29
1198
16736
20
2744
289
6985
25
29
7011
25
13
348
289
3941
20
545
38445
798
0
6
4318
20
4047
28
29
3933
302
363
7661
2
1617
16
25
20
38578
12
29
20
21275
406
21750
12
4318
20
2096
29
20
30878
219
2
501
12
3875
596
4269
596
421
25
29
1656
289
17272
20
3735
29
4391
20
6163
306
4318
20
4940
28
29
3933
302
363
4096
290
4086
302
25
18492
421
25
20
4210
12
29
985
2234
495
8772
2
20
3142
28
2
804
290
20
1801
29
3933
302
363
4096
915
290
5329
4210
16
25
433
13060
290
1927
578
0
336
3735
29
419
13039
20
4210
12
13
421
25
14741
12
13
348
5080
20
6964
13
421
25
14741
2377
6
302
25
1079
25
306
20
5648
315
46557
12
29
1252
957
424
6
331
369
10350
25
29
17272
20
2690
10237
12
306
20
7565
12
29
17272
20
30670
4452
12
306
20
31309
433
1486
9383
6
1487
20
1482
1412
7817
245
10172
20
19787
13
1081
15675
302
6396
290
9015
20
4298
12
433
363
2150
9015
20
4298
12
290
9446
290
1
20
12262
29
20
1327
12
1033
2838
13
290
20
4298
12
686
3
29
1033
20
4210
12
13
443
501
12
1453
12
29
416
5781
2
7612
10
289
545
20
17236
433
4269
596
421
25
29
1656
1252
7542
16
336
29812
6
17001
16
29
1252
20771
840
7044
6
554
16
1126
1252
7542
16
840
29812
6
17001
16
29
1252
15662
840
7044
6
554
16
6702
25
20
9811
290
1126
1983
21519
12
29
6
20
4210
12
1240
12
5535
20
491
302
363
8348
20
4049
2
20
4210
12
322
20
5808
13
424
419
20
13295
20
21749
322
25
29
6
1003
424
10016
545
3
322
2335
20
4210
12
29
433
3041
20
12357
12
13449
29
433
641
985
782
16
745
5
289
38249
12
13193
1093
13449
16
6
25
8908
16
5
29
290
20
37712
28
290
8101
20
11860
743
20
5710
29
419
1901
20
501
12
369
3875
596
4269
596
421
25
29
1656
8101
1617
12
20
459
29
1617
12
20
12406
1126
369
8101
1617
12
20
459
29
1617
12
20
12406
6702
25
20
28982
29
1487
6185
12
290
1126
6238
743
935
20
12406
2861
25
20
28982
29
24652
25
20
2590
29
333
20
1195
413
421
6903
596
322
7
2
4008
290
20
17731
28
801
6642
26
20
1255
306
20
718
29
416
1197
24
4249
0
306
20
1155
289
20
9280
29
3
10350
26
29
419
306
2
3700
16
25
13
1656
421
3
13
433
24
6
25
15589
336
20
8807
1827
1487
3098
3875
596
4269
596
421
25
29
1656
13
433
3047
348
596
363
5329
20
41039
28
13
5085
29
13320
315
3
306
20
1155
29
5648
714
1656
421
3
29
6512
29
433
416
17001
16
14
9548
3199
621
433
24
3047
13
3601
3
739
0
1190
0
13
2234
24
13
822
840
3
8084
20
3735
29
1464
10350
315
3
29
1033
1406
20
1856
348
290
782
16
745
5
289
38249
16
25
1093
13449
16
6
25
8908
16
5
1093
433
545
3
387
1901
20
501
12
29
682
1198
13
348
25
13449
985
369
20
3362
363
15579
2
20
4210
12
29
363
33908
290
25
29
369
2627
424
745
0
6
25
306
20
6964
29
3875
596
4269
596
421
25
29
1656
369
5126
6
957
25
302
20
3362
6
25
33908
290
25
29
2627
424
2738
0
29
22733
0
6
686
25
289
20
4118
29
20
641
12
13
387
5484
2
3429
20
637
13
290
5828
2
25
302
25
746
3948
196
20
17272
29
2150
4670
424
38578
12
347
3009
0
13
682
290
20
501
12
4210
16
25
1126
682
290
20
501
12
4210
12
290
27090
38578
12
347
3009
0
6702
25
883
7415
290
1126
1487
2809
302
20
3675
4269
596
421
25
29
1656
13567
322
3735
20
40593
28
433
883
7415
290
11403
25
322
19315
462
2086
289
25
1487
2809
29
6
20
19286
289
20
15807
13567
20
3675
4269
596
421
25
29
1656
322
3735
20
52750
28
29
20
38511
23
20
20674
23
2
1330
7
6
20
38578
12
29
20
28104
433
25
883
2911
20
689
5
406
20
1012
20
32072
29
6
424
433
545
20
7509
12
363
19698
915
1617
12
290
2627
302
1
5648
16
5548
1
29
302
25
1656
840
1
25064
369
16
6
1
606
25
29
2627
6
1
20
1621
421
25
289
2647
847
20
10627
12
290
25
29
433
1607
20
3793
209
2658
25
596
11596
306
6
1462
12
682
306
596
289
10
4697
12
29
363
6
11291
289
10
290
25
13
985
957
20
6964
302
25
363
290
25
289
424
13
363
3933
302
5575
29
433
883
6592
20
3719
975
2658
12
596
421
25
1046
306
3735
13
10016
16
13
24996
16
2
20
7227
952
12
761
437
0
13
957
16
302
25
2236
16
25
29
5781
6
2082
20
28744
209
6903
596
322
25
402
290
1927
1
4132
840
25
13
433
1412
3101
12166
527
12166
621
20
632
302
25
363
3933
302
17203
322
20
4210
12
6
414
20
3546
12
506
363
17203
6
2719
20
3362
29
770
3221
25
406
402
3546
12
790
3342
10
289
20
1483
12
363
3933
302
17203
6
11021
424
5191
289
20
15603
12
347
545
20
1528
964
2109
0
650
3288
0
964
2109
28
5264
8549
12
964
662
12
17732
17001
1617
12
964
952
12
17732
1319
561
0
289
596
29
6
2150
822
4210
12
20
1617
12
29
20
1199
12
6
302
289
25
1646
584
20
418
13
419
1012
290
20
5351
29
433
4269
596
421
25
29
1656
1252
7542
16
336
29812
2
20
44385
199
6
17001
16
1126
1252
7542
16
336
29812
2
20
44385
199
6
17001
16
935
20
44385
199
289
25
6
2102
29
20
2082
1252
7542
16
336
29812
506
1074
554
25
2
662
12
7423
29
5575
405
20
1154
12
331
11403
25
20
28982
290
1126
6238
1252
20771
840
29812
6
554
16
29
419
6568
306
17732
290
20
689
12
33949
289
25
3875
596
4269
596
421
25
29
1656
289
2490
1126
6432
25
4269
596
421
25
29
1656
289
2490
6
331
1130
29812
20
44385
199
11403
25
1305
290
1126
3587
289
359
20
1363
6
331
1130
25
29
2537
606
25
289
2192
25
1126
2537
25
4269
596
421
25
29
1656
289
2192
25
606
29812
20
44385
199
462
8899
6
25
306
2335
29
6
20
51549
289
20
1693
290
1126
1487
972
369
18246
20
3177
12
2
20
21538
2205
985
1130
25
29
387
5575
20
491
6
302
407
20
21538
29
407
20
689
12
662
12
17732
347
611
29
29812
20
44385
199
407
508
12
29
31217
23
29
596
7588
20
1091
302
363
17203
6
1348
25
11172
0
406
5126
13
348
369
6298
17086
25
6432
25
13
6
27632
29
25599
2908
221
289
6432
25
2042
12
4391
20
6163
306
1950
7817
25
331
18209
289
20
4248
29
1243
29
424
289
4248
20
9949
29
348
462
6466
6163
1950
25
7726
22710
223
2
20
2560
29
6
27632
29
348
2615
23
25
40155
38969
48644
29
416
433
4269
596
421
25
29
1656
6
290
10016
2
10019
20
4248
3009
6
1
5774
1
29
2353
348
5
11172
1126
29
433
6
290
10016
2
10019
20
4248
3009
6
1
5774
1
29
2353
348
5
11172
6702
25
20
49399
290
1126
1983
1725
20
56180
3503
16
6
3875
596
4269
596
421
25
29
1656
3735
0
29
47071
5
419
29
1859
25
13
2026
782
20
3735
433
1486
290
20
4008
348
5
11172
13
433
3875
596
4269
596
421
25
29
1656
1927
14
5774
14
29
3009
11138
866
43635
29
6
20
1881
779
338
974
25
290
1126
3587
29
416
433
1487
2809
6903
596
322
7
290
1243
20
1195
4
20038
20
1464
307
2
20
6432
13
20
6432
5058
12
2
405
20
857
12
29
1195
3045
13
13140
25
2246
13140
20
4248
29
2885
462
27632
13
7847
16
25
20
2591
29
20
710
211
12
29
20
1126
20
2591
29
416
5781
20
20112
29
20
14288
578
20
2224
28
20
1604
302
17203
290
20
4210
12
348
369
20
3735
3735
3185
12
347
20
6568
347
20
5435
20
11569
290
539
9984
347
369
4829
289
20
6568
9248
290
12380
28536
347
23232
2076
12
347
2689
3885
306
5503
347
8219
347
5647
1557
290
20
36875
29
20
18765
347
20
12746
1172
2
1293
290
20
18763
29
20
8822
29
20
27195
29
20
1502
29
5928
20
8106
12
29
20
22860
12
29
20
5633
29
20
25196
29
20
6461
29
3185
424
988
4531
20
4210
12
29
4117
5880
10
29
18868
13794
10
347
7506
16
10
29
1198
985
369
20
3362
8842
0
347
38319
0
347
30670
0
347
12861
0
347
40155
0
891
0
6
20
38578
12
29
20
5544
20
1931
302
363
7661
2
20
4210
12
1646
13737
12
20
7710
13
658
1230
0
289
3725
20
4118
406
10274
857
16
25
6
13515
2
20
4210
12
1230
0
6
20
641
12
29
424
2
302
846
857
16
25
20
18837
2
501
12
3875
596
4269
596
421
25
29
1656
289
1406
25
1252
7542
16
336
29812
6
17001
16
29
20194
20
2721
290
22182
12
596
3805
6
1406
25
4269
596
421
25
29
1656
290
462
1166
20
3362
1093
24129
596
29
3875
25
1126
290
462
1166
20
3362
1093
24129
596
29
3875
25
7388
421
25
290
1126
1983
21519
12
29
9918
20038
7817
25
20
4940
6040
0
6
1406
25
4269
596
421
25
29
1656
290
8508
17086
25
20
4940
13
30769
8508
596
1126
290
8508
17086
25
20
4940
13
2150
10650
596
3805
935
25
20
42179
289
20
21071
29
20
13350
290
1126
3587
29
20
19286
289
20
15807
290
1126
1983
4142
29
9968
7
4504
29
9918
4391
20
6163
306
1950
25
13559
0
6
1406
25
4269
596
421
25
29
1656
290
964
4940
0
1093
964
596
1126
290
964
4940
0
1093
964
596
1074
289
20
1675
554
25
29
9918
315
424
1199
16
25
6
658
290
20
3776
10895
289
596
1111
1037
3875
596
4269
596
421
25
29
1656
289
25
20
50911
29
20
791
16085
6
596
1126
29
1627
16
47725
6
20
3602
1638
28
289
29
20
3563
16085
28
289
6702
25
1305
290
1126
1983
21519
12
29
462
2086
20
6148
48922
32676
258
29
2150
1010
840
25
29
416
1677
20
3777
290
578
20
831
28
13
4712
20
1199
12
290
831
25
1035
1981
329
3669
12
686
25
322
302
32141
2
25
20
5828
289
7877
25
29
4281
20
4950
289
25
2
302
2526
306
13295
347
3467
3045
347
1765
47870
8327
561
1305
347
331
2931
17143
25
13
405
1148
857
4
12205
4210
16
25
2
20
2163
4
33253
10
13
1562
800
10
29
369
545
20
5210
1260
1412
4454
302
658
848
289
402
486
857
12
583
289
20
3735
29
20
11575
29
289
713
387
433
4269
596
421
25
29
1656
2150
20
811
2
20
857
4
29
2150
6
402
9190
276
331
16566
13
290
369
16
3058
16
25
336
596
29
3875
25
13
3058
16
25
336
596
29
3875
25
29
290
369
16
3058
16
25
336
4118
7891
10
347
3744
12
13198
10
13
3058
16
25
336
331
9561
840
25
1126
20
811
2
20
857
4
7388
421
25
290
1126
972
413
20
2264
29
20
36481
2150
5049
289
20
17338
4
29
20
7565
4
1033
20
21749
4
13
363
13
348
25
1252
16566
302
6298
2096
25
2
1045
16
3
306
4323
20
12110
347
5680
641
462
15136
20
857
12
29
462
44096
302
5191
20
811
2
20
857
4
406
1252
5078
2
20
5012
377
419
7565
12
20
38578
12
29
891
20
1281
16440
322
558
12
20
7565
12
29
1198
20
17338
20
13539
407
5038
20
1866
4
29
539
10
12998
2
5038
20
1866
4
2
20
857
12
13
5049
20
857
12
289
7421
20
1636
28
363
289
20
1636
20
1091
29
1033
20
1235
13
3883
25
302
3618
20
1881
29
363
8556
39009
5505
20
2829
406
57414
29
363
13666
20
3041
421
3
29
363
26510
2
527
17222
3
554
2309
20
2035
29
363
17809
20
1204
306
20
3142
28
2
20
13850
12
406
348
1010
840
25
1242
20
1204
2
6568
363
8966
25
3886
210
12
13
348
25
416
658
6194
289
686
25
6568
402
826
13
2054
16
25
28003
421
25
29
348
1010
840
25
545
20
3101
23
2
20
1425
20038
0
38969
1526
604
433
4269
596
421
25
29
1656
348
290
20
9606
6
596
20
3934
2
20
743
290
20
513
1126
348
290
20
9606
6
596
20
3934
2
20
743
290
20
513
6702
25
20
9277
209
289
15123
20
5568
29
883
6665
289
902
12
20
10612
28
290
1126
18527
12
413
3811
2
3912
1573
29
363
3933
302
8261
289
1163
12
1675
20
4297
12
335
6
20
1911
29
7068
3
29
363
13268
20
1008
336
20
6568
377
4235
290
25
20
3735
13
348
25
2909
306
20
26102
29
4879
2
20
4643
12
29
20
2006
290
6552
290
25
985
1464
29
985
1858
3101
6
20
12808
13
6
2102
25
1242
20
1770
606
20
1571
20
554
12
29
1555
20
2883
29
6568
20
24958
1198
1330
4000
2
20
14223
6903
596
322
7
29
8307
4000
745
25
554
20
3735
554
20
4008
29
433
20
8307
554
20
3735
6
919
20
1555
491
6
302
25
4096
20
1255
336
4031
25
13
970
25
302
5183
2
20
8307
29
289
641
20
3735
14107
2
20
8307
6
3615
302
3618
290
10350
13
10350
315
25
29
985
1858
13
2699
9248
0
539
25
348
971
29
915
10570
37434
25
29
16440
29
20
9248
12380
20
28536
29
4382
17609
20
2076
12
29
20
2489
29
20
2689
306
20
28070
29
5647
20
18765
29
20
36875
29
1235
20
15528
12
20
3547
763
4
20
5038
29
539
424
290
20
6902
4
583
433
795
2658
25
596
985
2699
32704
12
1469
10
22210
269
3933
302
4235
29
462
34912
289
20
6669
915
289
10443
12
29
433
985
2699
402
12
27173
302
4235
13
348
424
3009
363
3436
12
289
25
29
363
4884
566
0
29
363
6208
0
29
363
11600
3125
0
29
1198
433
4235
985
2699
28070
20
1555
14143
12
2
20
28536
506
11600
20
10005
12
29
433
985
16820
247
1555
0
289
25
947
12
347
1858
20
5355
29
2699
947
12
27173
302
45116
10
13
348
462
5122
2568
29
402
331
935
25
2223
29
2150
20
1008
289
20
402
12
29
14685
20
28070
2
20
28536
13
348
424
363
5654
336
20
13794
1111
20
12434
9502
306
20
1259
433
3875
596
4269
596
421
25
29
1656
15213
5680
306
5471
319
16
5
862
6
5748
10
1126
15213
5680
23
306
5471
319
16
5
6702
25
883
7415
29
20
3786
29
1487
6185
25
290
1126
421
29
289
25
883
27500
20
35650
6908
25
1487
20
12245
29
20
3786
29
20
28982
29
24652
25
290
1126
1983
2911
2
974
25
1457
16
20
2560
5643
25
407
1725
413
1983
2005
29
1983
2911
13
6481
795
407
7
1486
0
462
2227
29
331
306
20
8219
682
6695
0
336
20
5471
29
1252
1893
387
6
1893
14685
20
10005
12
406
20
1012
26741
16
25
6
3580
1406
25
1457
290
1893
2981
12
596
363
3201
289
739
20
2981
12
985
462
5653
1483
12
6
20
21275
29
348
10336
302
20
1259
27157
313
2
20
1008
840
25
29
363
9502
306
20
1259
20
14329
2
20
1008
336
20
28536
2885
9732
25
20
24003
29
20
1911
29
20
28070
289
2811
20
1911
1111
11703
18105
4
2
20
5471
12
29
1033
9284
20
3735
13
6
25
5535
1240
12
20
491
15138
20
3735
13
424
290
20038
20
3101
29
416
433
4269
596
421
25
29
1656
290
369
6094
2
596
29
20
437
20
641
7726
16483
3101
25
1126
290
369
6094
2
596
29
20
437
20
641
7726
16483
3101
25
7388
421
25
290
1126
1983
1607
194
29
2885
2234
20
611
26
29
3646
826
347
1499
23
29
4432
24
322
20
739
20
16423
13
584
20
3142
289
20
15138
1012
290
584
5497
289
20
5292
915
302
658
20
4732
13
9709
0
347
32713
1950
25
2
424
13
363
9761
289
20
5292
29
578
20
2385
28
289
1406
25
3805
1081
23034
1
1126
3101
1536
20
3313
28
302
3
8508
24
2
15138
20
3735
840
3
4365
421
25
1406
25
3805
13
331
11214
302
1075
2
4735
8839
226
29
1406
25
4925
336
2057
25
13
1075
2
4735
676
28
29
20
23068
294
20
3260
2
1926
12
29
5781
289
8447
12
29
5781
1075
2
12029
290
5733
29
2150
18822
4735
0
6
302
25
4735
25
29
462
20952
433
7688
20
20266
20
4735
12
290
20
8926
915
289
1240
12
13
348
10
290
501
12
3875
596
4269
596
421
25
29
1656
17272
20
3101
29
3430
20
5351
29
17792
20
4142
29
1646
20
986
29
20
8001
12
290
20
8630
1126
7688
20
20266
20
4735
12
290
20
8926
915
289
1240
12
13
348
10
290
501
12
3875
596
4269
596
421
25
29
1656
17272
20
3735
29
3430
20
5351
29
17792
20
4142
29
1646
20
986
29
20
8001
12
290
20
8630
6702
25
20
28982
290
1126
3516
413
1689
20
1412
12
290
596
29
20
4735
12
290
20
8926
29
3912
25
4504
29
1033
20
3987
13
11853
883
7415
290
1126
1689
413
1983
29
8874
20
18775
12
289
402
1557
915
289
486
20
641
12
433
20
21303
200
363
7588
915
302
25
1299
25
29
11853
20
7696
289
20
16358
289
3603
12
534
413
2911
413
7116
242
322
15989
12
290
4008
25
302
20
3675
4269
596
421
25
29
1656
433
20
1412
12
289
402
1557
915
289
662
985
13585
289
7977
596
29
985
10978
5
2
20
3177
12
29
985
369
16
20
8549
14373
32676
258
3869
29
20
28982
290
1126
421
662
12
363
20965
10
20
3177
12
985
2363
16
29
20
8549
12
985
2234
16
29
20
33731
985
2211
16
26779
0
29
3912
25
1195
29
40961
20
15138
289
20
14260
12
5781
20
14260
12
289
491
437
501
12
29
289
20
632
2082
29
289
20
1091
28104
20
632
2744
20
8333
12
2
1147
20
9134
12
491
0
348
369
16
13
424
33016
289
20
1388
13
348
10
4915
12000
12
27173
302
3381
289
6550
20
1297
12
29
289
20
3424
10111
306
1147
20
9134
12
289
1406
25
3805
29
9134
12
988
6897
20724
714
433
29
5733
11721
988
6863
9699
714
1243
331
2062
414
20
9134
12
20
5733
29
20
51421
1093
433
4269
596
421
25
29
1656
1621
8022
306
20
1911
30
1621
20
51421
306
6337
20
3735
13
348
1127
840
25
14226
12
414
25
1093
1127
20
2591
4
29
4365
306
1424
20
20038
2
20
5733
1406
25
3805
289
3101
1536
1111
10926
20
4735
20
8839
226
446
20
7691
2882
29
419
377
36694
10773
25
29
419
578
2811
20
20038
14892
1147
20
5733
29
433
3805
289
1790
20
2591
4
29
12166
8
421
14
16323
29
20
10725
16323
20
8289
29
20
10725
20
5733
4434
10725
6
302
25
42142
2
25
322
630
20
32016
29
363
1585
539
25
3770
25
29
6
424
433
4269
596
421
25
29
1656
1096
20
32016
20
5733
714
433
414
935
16323
29
20
10725
402
24
290
2591
4
331
5548
32675
13
20
5733
29
20
14226
12
290
20
2591
4
433
883
2279
20
24113
338
6903
596
322
25
5648
20
2591
4
28420
20
3934
322
596
29
1802
405
20
2591
4
2
4323
20
2883
20
5258
29
1254
20
2883
20
24401
306
20
745
606
20
8307
433
20
12835
4323
20
2883
2
11422
14980
20
2271
29
433
545
20
8212
985
1617
16
2096
1
13
8333
16
3
57008
12605
29
27249
338
12
29
16654
16
3
2883
5258
0
1093
4436
16
20
7847
12
29
11701
545
3
17561
289
7847
12
13
433
545
20
14828
462
11097
7326
336
387
985
369
6414
1
1573
0
29
39117
217
5258
0
29
35156
17011
0
13
419
7479
12
29
433
545
3
20
14226
12
414
20
3735
1866
290
3927
12
20
4356
29
20
2053
306
20
9182
12
1866
290
1154
12
3507
28
29
5191
348
20
13030
12
8685
20
9182
12
985
369
421
10
24512
13
424
3800
0
24019
29
2026
289
25
290
20
14939
2
20
4500
12
29
289
20
1210
348
20
9182
12
335
12166
16
306
2042
1298
369
421
10
290
402
20
26996
915
20
54204
29
369
421
10
6773
12
606
1469
10
943
29
606
8630
10
2662
29
2131
12
38638
12
306
402
12496
5895
29
1490
13311
13
387
985
5836
1195
6
20
1940
12
20
1091
302
2062
290
20
4356
41594
10
583
36240
290
10
290
2205
29
363
13268
20
5648
414
25
29
1483
12
20
20601
28
1147
20
19321
6
12944
942
12
20
13737
12
2
12193
12
20
5393
414
25
29
419
1901
20
501
12
13
348
25
9431
12
289
2892
1449
20
5648
29
369
290
501
12
20
2833
28
302
1585
24
3248
12
20
4356
1382
12
826
12
29
6304
246
26
20
59649
290
20
3735
306
20
9182
12
6
10350
402
826
988
31631
29
348
462
1972
606
25
915
3507
826
935
25
19280
19474
195
290
25
29
363
3615
24
13795
290
25
29
16283
322
545
1859
20
25313
4
302
25
369
4655
2954
12
2
331
25475
290
20
4356
29
3915
306
20
3101
23
29
433
545
20
4752
822
336
545
20
9358
3507
0
2
20
4530
13
1457
16
606
8
2
20
773
2150
2062
387
641
0
13
433
29
6354
606
8
2
20
4530
29
462
1972
6
25
3507
539
25
13
11388
16
290
25
29
433
641
15
8
1581
12
289
7847
12
13
822
840
8
4356
290
20
34623
20
21788
12
39697
0
29
58856
0
5275
8
363
22716
7577
414
10
3507
0
347
1079
0
37220
8
2
20
155
309
29
462
2062
539
10
13
1008
545
8
336
545
13
433
545
20
4752
29
369
16043
0
348
596
3805
5122
302
9357
34623
0
2
363
26950
433
29
5375
8
847
20
1824
12
22992
0
11372
4065
210
0
336
20
16024
13
6
387
40961
302
2062
20
630
347
11903
2
331
606
25
20
1604
302
363
13536
336
1299
20
4356
554
2053
3
290
20
13579
583
4930
24
20
3855
322
10
13
3631
290
3
290
658
2084
12
424
20
3507
32569
606
25
988
26404
1302
347
2084
16
289
25
1265
12
336
20
5648
7630
25680
421
25
2
20
1932
12
29
443
290
20
2053
306
20
9182
12
335
5191
348
10
1866
290
3507
28
56504
447
302
658
20
5149
2
25
1891
20
12719
29
10339
302
658
3974
2
25
511
12
20
1204
22694
322
20
51857
29
369
14923
16043
0
13
2234
606
826
290
1915
20
4118
306
9182
12
13
822
840
3
1079
29
369
1242
20
9182
12
21851
13
2026
2699
20
4008
16042
24
20
1079
402
18723
13578
2065
25
29
433
1827
14545
12097
336
20
19718
13
1299
20
1079
336
1004
20
1881
13
968
20
51857
18918
2123
20
1079
13
5781
6
25
336
3022
13
433
20049
315
20
19718
13
22743
195
20
1486
29
681
6208
20
1079
29
290
387
20
969
302
363
4930
1242
20
9182
12
745
25
554
20
4008
13
348
3
41592
313
406
3933
302
658
641
3
5648
0
369
545
20
3468
11903
20
4008
2
630
20
4356
29
5022
3
57323
313
13
985
8137
24
20
4925
2946
195
306
41296
25
29
354
745
25
336
20
3735
29
5648
29
433
9291
596
43959
7056
596
289
14
29
306
14
29
369
20
5210
27573
313
424
290
25
20
1931
302
2062
290
20
3735
971
20
7479
12
13
348
20
5066
322
20
7479
12
3386
289
20
25313
12
29
20
1154
12
421
25
8531
29
42368
195
12
363
3201
985
369
16
686
25
363
4600
2400
10350
24
20
402
915
302
2062
20
730
29
419
2591
20
686
1252
2104
24
20
630
29
16566
302
44276
217
2
1621
12
3735
3
1111
289
20
1126
363
12136
421
25
10926
1536
413
17569
2658
25
596
3735
0
730
0
306
9182
16
25
13
433
6
25
13060
1827
8618
13979
1033
15675
302
658
387
20043
0
13
433
1536
682
289
20
3735
20043
13
348
462
1768
405
20
857
12
13
20
54617
3009
433
1487
6524
6903
596
322
25
10470
8
302
5512
1617
12
290
59023
2
3735
25
29
617
25
1581
12
290
20
11679
12
5648
3735
20
38578
12
29
290
424
369
363
4930
290
407
745
5
3875
596
4269
596
421
25
29
1656
1621
12
3735
551
6
302
3
369
24
363
2062
26
915
971
20
1265
12
29
363
10350
26
2309
20
20397
29
3933
302
23678
491
0
5160
2057
20
1555
583
363
846
7978
3
16984
12
336
7412
1557
290
25
13
3631
25
363
5901
13
15951
3538
3
29
5061
289
20
3101
23
10765
16
3
29
658
416
8333
20
3101
23
331
6174
25
7506
12
4008
29
424
7503
12
289
584
3
29
331
2084
290
20
8333
12
13
682
6
20
3101
294
2104
25
29
419
377
4625
25
20
7509
12
20
3589
12
915
985
2963
1242
20
3735
2
20
3966
289
25
322
1950
11437
347
957
424
2
10283
12
637
25
29
302
25
15579
2
25
13
348
369
10006
7506
16
25
13
363
3933
302
12196
29
985
957
3934
25
27173
6059
12
20
2664
29
20
1520
12
315
20
24800
13
363
3933
302
4518
20
826
915
331
4879
25
347
331
12685
2
25
3710
25
322
17273
363
322
13309
13
1033
20
14379
13
6
25
662
12
5535
20
491
302
4235
315
20
3101
336
1675
20
1881
29
419
501
12
29
424
290
20038
20
3101
29
416
681
2
20038
25
433
4269
596
421
25
29
1656
290
369
6094
2
596
29
20
437
20
641
7726
16483
3101
25
29
433
4269
596
421
25
29
1656
348
290
501
12
20
3101
302
18025
336
1675
20
1881
433
883
25692
12
822
1708
20
47480
306
3875
596
4269
596
421
25
29
1656
13
968
5235
3
2
686
25
13
433
6
25
1859
25
1267
40516
209
1
1827
3875
596
13
433
3395
348
3
369
24
6
1859
5
3313
28
29
1412
4454
302
399
8806
3
29
2309
20
20038
6154
12
20
1112
29
2591
20
1126
606
20
1571
29
20
2037
29
306
20
9182
12
5781
6
20
30662
6903
596
322
25
331
3468
12
20
3101
433
6154
12
20
1112
29
2591
20
1126
29
433
2893
413
1983
1154
331
1858
16
306
459
20
3520
413
1983
6765
915
1662
8
1126
0
1195
0
29
8333
8
3735
0
1195
0
20
632
302
21711
20
3101
2591
20
686
29
348
2873
289
584
25
7953
13
424
290
1195
20
3045
29
20
9606
433
4269
596
421
25
29
1656
348
20
1486
6
5121
2
1195
3045
25
1326
12
20
11172
20
1268
29
25676
545
20
5210
2
3875
13
462
14131
25
20
3875
13
2026
2934
2234
29
369
24
416
7786
24
29
14210
24
29
2568
24
13
2568
840
25
1242
20
1770
29
433
416
2568
20
4008
13
433
1081
2084
2084
12
433
363
433
13
4249
12
348
2084
16
433
462
18823
433
13
20
971
59015
10
433
416
8307
16
10
13
16440
22351
596
3805
13
5781
6
25
289
424
13
433
416
5505
20
1486
1927
8
2042
12
2855
8
2042
12
13
387
419
2811
20
9606
29
1195
20
3045
29
22694
302
1967
1983
20
4657
20
25214
1927
25
5280
336
1617
12
13521
952
333
4
2949
25
20
576
289
20
333
4
20
952
29
419
5901
289
402
333
12
53011
0
6
1950
20
5280
2
20
1235
29
6
1950
20
576
2
20
14379
13
405
5232
416
33640
16
2
20
9606
6
596
3805
29
14775
16
2
20
4481
29
2250
16
12579
289
402
1340
29
2647
982
12
956
407
10
29
407
919
10
13
363
32447
2
331
2931
290
20
5058
290
20
16371
506
363
912
25902
2
331
2931
290
3
290
20
20038
406
802
26
20
402
290
20
826
20
46896
29
6
424
433
545
3
1412
363
21187
20
1617
12
915
4849
5
12564
2
10
3735
20
546
12
446
419
3735
2591
2526
322
0
9310
25
29
22027
16
25
29
1861
25
20
1091
302
363
4235
915
2
3934
1242
20
1770
29
3966
25
29
18375
5
1950
25
289
971
20
1567
12
29
985
5085
3101
0
13
363
2893
306
662
12
1114
13
1963
44276
199
2
25
29
2795
336
3225
25
433
4269
596
421
25
29
1656
20
7847
12
662
12
1114
13
331
3139
13
8193
251
1126
20
7847
12
662
12
1114
13
331
3139
13
8193
251
7388
421
25
290
1126
1983
5780
20
31322
3047
1252
8353
919
20
1555
421
25
322
30679
1950
13
6
25
20
3770
1111
5367
29
40961
302
658
606
25
9259
6
20
3101
20
18470
433
3875
596
4269
596
421
25
29
1656
9259
6
20
1486
29
9259
6
20
1637
12
29
9259
6
20
3101
29
20
1604
6
20
8926
1126
9259
6
20
1486
29
9259
6
20
1637
12
29
9259
6
20
3101
29
20
1604
6
20
8926
6702
25
1305
290
1126
3587
2290
4956
5535
0
29
3926
209
2591
12
29
2199
12
6738
12
20
491
22694
322
1536
20
3719
480
302
25
433
20
5648
289
20
1071
38288
12
1126
20
5648
289
20
1071
38288
12
6702
25
20
51549
290
1126
1983
870
12
29
419
4504
29
11403
25
1487
12366
289
20
1270
290
1126
25
29
1126
1983
21519
12
29
14088
25
336
3875
596
4269
596
421
25
29
1656
29
9968
25
1908
29
416
906
1034
25
322
1487
972
6903
596
322
7
302
25
433
15
8
22716
1800
3875
596
4269
596
421
25
29
1656
29
1267
30885
29
28685
29
1267
1420
1126
1487
972
15
8
22716
306
1800
3875
596
4269
596
421
25
29
1656
29
1267
30885
29
28685
29
1267
1420
6702
25
20
28982
29
24652
25
29
1487
6185
25
29
1487
37273
29
2140
545
20
9358
290
20
26680
12
20
2082
28
10350
289
20
1071
13
5781
6
25
289
424
13
433
58098
500
373
289
20
1071
29
20049
289
20
1555
13
5781
1786
20
2574
433
1591
1123
302
6481
1555
25
6
20
5648
289
25
29
1112
20
1127
302
20
5648
289
20
1071
9606
29
780
3009
290
545
20
1255
13
419
1195
29
7408
25313
12
290
545
3
13
419
16010
25
29
419
916
2
1483
4
20
918
29
3723
20
1829
13
290
363
10036
424
2
6337
811
25
1079
424
306
1457
38619
2636
276
251
29
10592
20
26102
29
50028
424
289
20
2232
12
29
290
10036
424
2
630
3723
25
58883
543
18682
209
780
20
3009
369
424
290
25
9606
0
20
632
433
421
6903
596
322
25
290
18412
4823
25
2
20
2662
11942
596
322
25
2131
28
1293
0
290
20
16197
29
290
5648
289
437
2131
4132
4
31606
12
1309
16
402
18544
12
289
7710
25
29
290
5648
402
437
1794
29
761
28
23940
12
4029
0
462
802
289
4122
25
3125
0
13039
25
29
20
5733
28453
20
5733
29
20
51421
3735
20
1223
29
20
6202
8327
194
4
37707
20
7710
29
43831
20
6108
16
28
29
5733
20
8740
9089
29
553
10
6727
29
7334
10
5347
29
20
26437
4235
713
25
290
20
9089
29
1023
912
1606
20
686
307
2
1557
1243
290
20
12430
29
20
6773
46563
20
4122
29
2224
12
20
3424
29
20
37929
5361
23
20
37153
29
290
3974
20
3266
29
363
3266
19204
2538
2
20
8807
29
8388
2184
20
6464
29
6
14921
20
11427
29
1023
5903
3904
20
1255
2
1557
713
20
7334
29
6
3387
49976
20
1911
29
23150
246
20
15159
29
419
20
986
20
1091
433
20
4484
6
545
20
2932
852
848
852
12
10697
2
10
29
363
3036
218
10
433
363
21429
227
290
20
1911
915
3353
12
29
363
13446
290
20
5733
915
4065
0
29
363
13446
20
26298
583
697
10773
25
29
363
18210
219
5347
915
290
518
12
29
363
13446
290
20
9134
12
915
3932
22814
10
29
363
13446
219
3735
0
915
6491
16
22588
25
29
402
331
15044
16
290
20
3735
29
363
18210
219
421
25
13
985
4323
16
13
363
13446
219
421
25
3125
0
29
363
31701
20
39659
222
245
29
20
2603
29
985
5648
16
2
20
4371
13
1209
29
985
5648
16
2
20
1824
13
46234
554
302
14836
29
1252
1569
12
1709
12
29
289
8305
25
1406
20
1223
796
228
13127
28754
49146
2253
11790
506
433
596
11726
714
2489
336
2057
25
697
3016
446
697
2648
29
5191
348
4446
20
2603
16080
20
4122
506
16080
20
3853
331
724
25
985
3409
17143
25
20
1604
289
20
1210
1891
20
16627
20062
199
12
29
780
20
6464
1625
199
12
1126
1891
20
16627
20062
199
12
29
780
20
6464
1625
199
12
6702
25
1487
12366
289
20
1270
290
1126
459
596
413
12246
2
20
7764
20
491
29
20
28982
290
1126
6238
2
20
7764
20
632
29
3395
7
4504
29
11853
1487
6185
25
20
7764
20
632
290
1126
3587
29
20
1223
2353
780
20
8807
5361
2
26437
20
4222
226
12
2253
20
1938
12
29
433
545
20
14828
6
1487
25
1827
2042
363
3716
290
1770
1
583
4822
3609
1
446
21221
1111
2
25
3040
20
3609
29
19678
20
27414
29
419
3800
0
1455
6
13737
16
25
6
331
2627
289
20
1071
29
433
4765
6
676
28
5476
421
1
6339
12
290
14438
50504
1
6759
199
443
433
290
5648
6
1675
20
448
29
4848
20
6815
29
591
3023
2
703
26108
29
20
6202
20
20440
20
1931
20
5785
12
10521
2
20
2223
506
9466
780
10
2
20
3288
3297
5781
29
433
545
3
290
48499
13
419
306
7437
290
20
19299
29
306
1910
290
20
49349
29
387
1195
289
637
20
479
12
29
2699
3875
596
4269
596
421
25
29
1656
31230
0
10350
4132
0
29
1794
1357
5
25
32109
307
13
433
20554
499
20
4132
29
2838
32109
13
433
1827
3875
596
2150
20049
2
20
3274
20
641
1126
2699
3875
596
4269
596
421
25
29
1656
31230
0
10350
4132
0
29
1794
1357
5
25
32109
12
13
433
6
25
20554
499
20
4132
29
2838
32109
13
433
2150
14839
253
2
20
3274
20
641
13
7212
4269
596
421
25
29
1656
6702
25
1487
6185
25
290
1126
31230
2
9968
1573
2253
831
20
1527
12
13
7212
3875
596
4269
596
421
25
29
1656
20
2436
302
25
40961
302
2526
3735
336
2057
20
5351
29
2026
1075
4545
6366
413
1983
961
433
4269
596
421
25
29
1656
348
1000
6366
4092
24
2
5351
3
322
3503
3735
3
13
43470
24
840
3
331
10350
26
1126
6
331
1075
4545
6366
413
1983
961
433
4269
596
421
25
29
1656
348
1000
6366
4092
24
2
5351
3
322
3735
3
13
43470
24
840
3
331
10350
26
6702
25
883
7415
29
20
28982
29
1487
6185
25
290
1126
459
596
413
6366
974
25
2
3912
1195
29
6
1487
6185
25
974
25
290
1126
2469
3098
11132
220
13
424
501
12
29
985
822
424
336
20
1127
862
20
5648
290
25
331
55137
6
20
8626
222
227
29
20
2619
4
421
25
2
20
9356
29
20
26959
13
363
3933
302
33803
315
3
20
1953
363
3933
302
5126
3735
8842
13
348
20795
51153
196
20
5648
29
363
7661
20
3735
20
13795
1340
545
20
855
217
28
2232
12
290
2234
3735
2162
13
433
15
16
24743
0
13
433
1548
16
1
14543
20
13795
29
13295
20
25721
12
29
331
15
16
24743
0
421
25
29
7979
20
2162
387
20
53573
306
20
5648
13
433
4475
302
20049
29
28854
20
11066
12
347
2256
473
29
363
20049
13
462
3289
24
4812
290
11066
16
25
851
1882
223
29
19050
302
6210
20
14763
20
867
4446
29
462
10350
1114
0
289
20
2018
13
369
16
6
25
7790
289
596
13
2449
16
840
25
3735
0
290
48293
10
306
745
20
23749
13
10016
13
462
10350
13
26251
16
25
20
1637
12
414
424
13
433
369
9984
0
29
523
27672
306
2620
8842
29
1010
2
25
336
745
20
23749
29
387
2303
12
20
21792
20
2586
19050
322
1363
20
29301
2658
25
596
302
25
1858
306
3027
20
20299
5268
0
13
6702
3027
541
7
13
1382
25
6
795
20
10294
2304
25
29
433
2332
2
25
3735
0
1573
0
29
34525
2591
0
433
13
16933
16
6414
0
4151
0
29
1457
16
462
3387
3875
596
4269
596
421
25
29
1656
6
1557
10366
7056
6
8
289
25
29
16054
8
290
25
1126
10366
7056
6
8
289
25
29
16054
8
290
25
433
25
606
4323
20
553
1074
289
641
20
1675
20
491
290
5535
20
5648
2443
20
553
13
16933
16
20
553
29
16933
16
4132
0
1573
0
13
822
16
840
25
13
5648
29
2104
20
3701
13
433
3027
25901
29368
462
1457
16
2332
3735
0
2591
0
6
302
20
3735
20
2591
23805
7045
20
2271
25901
29368
462
462
3387
848
402
6
302
25
682
6
20
3101
302
1260
6
1242
20
1881
402
25901
29368
462
1079
331
2084
6
302
25
985
479
20
15501
462
9466
20
1079
29
22694
883
421
20
757
3971
395
2658
25
596
3805
302
25
3469
7847
12
13
36137
289
10
936
10801
13
433
6
25
1486
416
43699
16
13
433
6
25
6481
13
402
331
36137
16
25
6
539
596
9548
17526
223
13
1858
20
1486
13
462
5122
306
6273
826
290
10
13
12303
29
11748
883
421
20
757
3971
395
15658
0
290
20
3144
29
681
20
14226
209
28
583
413
24
4213
0
290
20
3144
421
25
2738
29
58811
306
8507
12
22787
12
402
10
290
3144
714
1927
20
7509
12
583
5683
4959
1380
8540
6251
2331
20
3070
433
20
14223
6903
596
322
25
20
5648
306
952
12
3253
59
20
5648
2
24041
290
20
4329
8147
225
6213
27027
290
20
8249
29
2
662
7746
290
20
501
12
1126
20
5648
2
662
7746
290
20
501
12
6702
25
1305
290
1126
10005
413
4000
369
20
3675
4269
596
421
25
29
1656
10350
2
662
7746
29
11853
1487
20
16781
289
20
14937
290
1126
1487
2809
6839
0
402
2
662
7746
13
348
25
290
20
501
12
29
2
952
29
1240
290
20
26102
29
952
12
4221
11465
20
13802
59
5648
20
5733
17351
20
2591
29
3927
12
20
8307
290
539
1581
29
9732
20
20440
29
952
12
381
27
20
13802
59
3927
12
20
1581
29
3927
12
20
3
29
3927
12
4323
20
2883
306
20
25038
29
3927
12
5648
20
20345
12
29
952
12
4452
20
5706
59
20
6669
2262
20
554
12
29
20
20112
606
20
4154
29
20
1008
336
20
4500
12
29
6618
20
19764
29
952
12
381
27
20
5706
59
20
1008
336
20
14987
29
20
1008
336
20
40798
29
20
1008
336
5336
20
1637
12
29
20
23049
289
3899
1226
20
554
12
29
952
12
3968
289
20
1581
59
5648
20
16380
29
5648
20
36604
498
196
20
1157
29
5648
20
25793
29
5648
20
36465
29
20
4154
306
952
12
3253
13
4154
306
20
29021
29
419
4154
20
12323
421
3
20
998
48902
26
289
3045
20
1050
4
29
20
1155
29
4154
306
20
4548
29
419
4154
20
2746
29
20
5058
29
4154
306
20
1489
29
419
4154
20
8440
6
37350
3
3735
3
29
4154
306
20
1112
29
419
4154
20
12615
29
952
12
3968
289
20
2983
59
780
20
13720
290
20
2288
29
20
37929
29
4124
12
20
1191
28
29
20
2746
29
952
12
497
290
20
5058
12
59
363
23440
1709
12
915
306
29
2691
29
3927
12
20
25383
29
15135
20
4679
29
3927
12
2224
12
20
3424
29
433
3800
0
10255
16
6
290
3618
20
5355
306
20
25038
714
17681
20
5648
414
302
4235
1562
363
7957
29
10255
16
6
290
13177
199
714
13536
20
5648
1562
363
7957
29
433
59
462
493
3125
195
26503
242
289
20
9565
290
20
26108
745
27
2
25
29
13209
29
596
12545
2
20
8946
48