1058
20
8970
218
45
419
20
1058
20
3070
290
2413
20
22252
4
290
1058
6086
2358
20
986
4134
199
596
20
3520
20
6700
292
45
1719
6
596
377
462
5122
6
2208
1735
16
25
974
0
29
363
2387
0
29
462
2651
6
38859
247
8367
20
11628
29
3280
11795
20
52043
336
8567
4511
16
25
8666
406
780
4318
20
961
28
289
48279
37245
25
29
13246
12
50320
4366
17004
16
6
3187
2122
10
1340
16
10
20348
4
20
4799
16015
0
29
985
37397
2
20
14379
18577
12
10978
209
16
290
25174
4
20
2191
15532
15532
714
5781
6
10
4700
295
289
13449
20
11609
12
290
1
1538
0
4849
1
1252
8970
16
289
4799
20
49059
12
462
4607
247
6
25
971
0
29
348
891
16
2456
20
1538
289
852
4
1
681
0
2410
1183
247
289
3047
596
3805
29
12416
25
1562
12800
16
421
1
50893
29
3363
247
6
402
3047
12
290
10
935
0
29
2271
0
29
6183
247
289
7244
20
17757
1562
10506
16
306
20
687
28
1866
0
29
40319
29
7653
0
29
1014
195
29
16293
0
29
12919
29
1145
0
29
3834
0
29
5178
0
29
4249
0
42122
0
29
1197
0
29
3536
0
29
4257
0
29
11331
0
29
11241
0
13
348
25817
16
20
1008
289
20
5814
336
20
1008
289
20
1069
1093
2621
16
681
0
54837
29
9473
16
2
686
1
51486
12
599
1370
12
20
3027
4298
0
29
2433
0
1093
35382
16
20
6060
743
45674
247
16003
43465
1376
217
28057
306
5816
10
14914
0
29
8678
0
29
20
3177
12
306
534
1096
3079
8590
29
348
369
462
1785
3535
16
25
5544
0
3177
12
3051
6
8
289
56995
4
20
1420
12
650
12
29
22733
0
29
306
10376
29
1859
25
801
1216
402
826
290
3
289
5233
20
986
2824
0
29
6
6250
20
1305
28
2065
0
29
1656
2803
0
730
0
1033
414
1093
2855
16
20
501
12
2
302
8970
1053
12
1866
290
5058
12
501
12
1126
8970
1053
12
1866
290
5058
12
501
12
6702
25
1487
37273
289
1058
20
4511
12
290
1126
12632
21519
12
2
7590
1148
28
501
12
2
9968
4504
29
290
718
25
1487
20
59759
289
20
1212
4
29
11403
25
883
2688
20
8174
2293
289
13155
20
14305
290
1126
6238
2
7590
6101
28
501
12
29
9968
25
4504
762
0
29
11403
25
883
20
989
290
1406
1487
2809
2
7590
1866
290
1420
1824
12
29
3927
20
4622
289
1058
596
3805
306
20
18003
29
20
1546
29
20
1008
29
20
19663
293
29
363
13344
302
20
1538
419
7511
20
12718
29
3628
20
50850
29
419
1776
12
20
2358
29
18694
12
20
7011
29
20
8396
321
29
611
20
1255
416
2219
24
1621
25
29
6194
16
25
523
6908
24
1838
16
25
29
8583
16
25
29
1441
25
29
8173
25
29
17143
25
29
1762
25
29
718
25
29
2798
16
25
29
462
4086
302
25
1562
48902
5660
45224
48902
29
2320
48902
29
331
377
4272
2
25
19507
5149
6
1357
25
319
6
8583
12
28902
301
290
25
13
348
369
6
8583
12
13
331
847
20
8583
12
649
247
290
20
2358
347
290
20
3723
347
290
7
630
0
29
1386
630
424
1185
29
1267
9913
491
0
5810
12
20
8970
714
1838
12
20
8970
29
8583
16
25
714
26417
20
1538
29
12571
25
348
5523
596
3805
5810
12
20
8970
416
681
596
3805
2
20
8970
29
20
18003
289
1058
25
20
2138
289
17236
363
17268
29
8640
306
20
3540
420
28
13
433
3805
801
2086
26
596
1420
0
29
23049
0
29
306
1258
3
29
48902
313
289
3045
20
1050
4
29
20
1155
919
8
331
3045
16
387
7339
0
29
416
433
1487
2809
13005
596
322
7
348
4008
0
8970
24
289
596
1735
29
1909
13
433
4269
596
421
25
29
1656
8970
24
289
3045
596
29
363
7679
49147
195
289
596
21960
14
1023
4607
24
971
25
1126
1487
2809
348
4008
0
8970
24
289
596
1735
29
1909
13
433
20
11793
4269
596
421
25
29
1656
8970
24
289
3045
596
29
363
7679
49147
195
289
596
21960
14
1023
4607
24
971
25
6702
25
883
6665
289
20
10587
12
2
20
10031
290
25
2
9968
4504
29
11403
25
20
15262
2775
247
289
20
21071
29
20
13350
290
1112
641
18609
290
25
29
11403
25
20
51549
289
20
1990
29
20
14973
995
289
20
839
290
1126
1487
972
29
433
387
9968
289
25
1008
1457
16
289
25
20
20627
413
8456
13935
29
322
20
11793
4269
596
421
25
29
1656
302
25
2568
306
4008
1069
437
29
3
48902
26
13
433
331
6
14
363
14676
26
13
433
24
9861
420
289
3045
596
1735
29
1909
433
13
30
424
13
34207
24
8970
24
289
3045
25
29
363
7679
49147
195
289
25
13
348
2
387
20
2758
1155
0
4405
2066
10
12012
10
29
12012
10
2066
10
2027
12
20
3160
952
28
437
0
2
10
3045
290
3045
596
1735
29
1909
462
460
241
24
596
1900
12
1357
433
24
1827
3875
596
13
3022
20
8926
290
3
433
331
13887
26
3045
20
8926
319
363
433
24
290
3079
8590
433
363
13887
26
3045
8590
319
363
1126
2568
306
4008
1069
437
29
3
48902
26
13
433
331
6
14
363
14676
26
13
433
24
9861
420
289
3045
596
20
1126
2492
8
25
289
1712
290
1126
459
596
413
998
29
322
4398
433
4128
16
437
0
1412
29
3811
413
9598
336
8022
13005
596
322
10
5275
386
3852
29
407
8
29
407
10
6971
13
433
16
1827
3811
331
4531
1
290
1199
16
8
433
1406
3875
596
4269
596
421
25
29
1656
1319
12869
0
15462
228
1490
0
433
1487
9598
42431
3785
2
12208
3613
1548
16
25
290
3875
596
4269
596
421
25
29
1656
433
13
7924
29
433
16
402
681
25
369
10255
0
47071
247
289
6
3015
247
583
344
5321
25
45811
714
433
4709
659
27759
228
6
23301
1735
29
1909
13
968
336
20
2163
12
13
59009
290
10
714
968
23178
13
20184
583
406
13013
16
25
714
21529
583
406
20
1155
714
9300
1813
306
5790
25
583
8008
7133
33050
25
2
3177
12
20
7165
13
433
1827
3875
596
331
15767
217
29
416
22680
596
6
1
331
1074
290
8630
1
29
331
4432
13
433
58098
1827
7133
29
331
4531
659
302
38702
29
416
12166
596
3805
306
289
405
20
1824
12
348
289
3045
20
1050
4
29
20
1155
29
3429
20
1824
29
20
4371
6
3494
4
6
1012
20
28803
714
433
5630
6
290
6025
10
29
462
48902
289
10
1126
4398
4128
16
1412
29
3811
413
9598
336
8022
20
1126
433
1487
9598
42431
3785
2
12208
1557
1548
16
25
290
3875
596
4269
596
421
25
29
1656
20
1126
289
5687
348
289
3045
20
1050
4
29
20
1155
29
433
5630
6
290
6025
10
29
462
48902
289
10
1074
289
20
4730
29
20
2271
302
25
289
2223
1487
37273
290
2540
12
459
20
880
413
12632
2279
322
4398
13
5781
6
20
6737
4419
331
2303
12
20
3611
289
27
433
33897
3023
29
11285
27
29
322
534
413
2249
302
1486
0
290
2057
20
5706
12
6512
336
319
4583
414
2793
12632
4583
13
22
1277
10
322
5058
12
12632
4583
13
433
16
369
4371
25
6660
289
2364
12
20
1555
48902
29
322
20
1195
433
8970
1053
12
1866
290
1420
1824
12
29
322
20
5810
433
20
1538
9472
12
32070
1195
4
1
29
22
43125
14434
29
5781
6
1536
348
1
35237
20
1538
12
13
433
20
1538
12
470
20
2983
29
369
13060
413
59221
730
0
331
6825
2
1406
20
1856
985
20
6951
369
16
6
25
1538
12
13
10816
402
3613
6
25
982
12
29
322
23860
220
433
433
20
9376
26
6
3519
413
5890
1827
2108
596
1081
306
20
1155
20
437
713
1
13
433
3047
290
369
562
25
935
0
29
4616
25
1538
0
29
1008
25
982
12
13
348
25
12174
29
433
20
1195
290
462
1972
2288
25
970
12
13
419
28747
29
290
462
1972
8110
25
8970
0
13
419
19408
29
290
462
1972
1008
25
1546
0
13
419
6
419
29
289
1406
25
3805
22
45951
322
37497
520
801
6378
34243
289
20
1155
7553
20
584
433
37672
4318
3
20
8970
289
681
247
29
322
12632
41435
20
29996
247
433
433
3875
596
4269
596
421
25
29
1656
6973
24
7978
14
3168
10
290
20
5058
12
13
433
24
1827
3875
596
29
331
3168
10
290
20
5058
12
433
20
1008
289
20
12773
29
20
8970
289
25
29
20
1546
606
15985
25
1126
12632
1725
20
29996
247
6973
24
7978
14
3168
10
290
20
5058
12
20
1126
6702
25
1487
12632
20
4118
29
290
718
25
883
20
989
1487
37273
289
1058
20
4511
12
2
9968
4504
29
322
3744
12
369
16
11211
20
8897
12
1908
0
290
508
12
302
10
433
16
1252
24403
16
4318
20
4525
28
2
1538
10
336
331
416
40611
6
10
289
8561
20
8106
290
1866
20
641
12
462
6304
6
3
289
20
4118
3822
29
462
10071
6
3
289
20
4118
1357
29
369
22688
22796
20
6669
1029
25
13
369
4401
2
25
13044
25
13
1260
1827
22688
348
1
50678
199
20
6669
1029
1
13
1252
1464
16
315
20
1255
369
18294
6
1
13
1260
22688
348
2950
20
1029
12
11901
6
20
1538
29
2950
20
1538
2909
306
718
20
546
12
29
433
10817
413
14254
331
2992
16
1538
12
28730
551
915
957
29
331
957
38397
551
915
486
29
433
972
413
459
20
2138
20
1538
12
289
3047
596
1735
29
1909
290
1243
20
5058
12
29
433
459
596
413
20
1482
437
0
6
3516
413
306
29
13854
25
21414
0
3540
54197
3022
1130
16
433
20
27960
29
433
3027
1252
8970
20
1255
289
4511
12
596
331
1592
24
596
1735
29
1909
29
322
1487
2809
22246
2377
44249
2377
289
8970
1866
290
1420
1824
12
2
363
1950
29
57859
883
5780
27475
1111
1464
13
17800
2
41950
222
25
13
1968
30399
13
5781
6
25
331
15767
217
433
8970
16
289
3260
17783
29
1457
12
16773
29
5958
47499
29
433
883
2279
1266
24
7978
14
20
9356
29
4318
14
20
8970
29
433
883
2279
20
1538
289
20
4118
6971
322
20
641
12
29
2236
12
6
2057
20
925
12
29
20
1538
289
20
641
12
28420
20
970
12
29
4301
20
4318
29
433
7688
290
20
982
12
2893
20
957
29
290
20
935
2893
2893
20
1490
29
290
20
8970
2893
20
2936
29
433
1487
2809
20
8970
289
20
1866
4096
336
20
486
2
25
29
20
11096
306
20
449
4096
336
780
25
29
18625
302
596
3805
433
289
545
1528
25
19775
4334
16
11964
2288
402
4765
29
523
10775
336
3
25
29
7711
25
13
985
369
3
25
29
7711
25
6721
1968
16
4616
25
8970
0
29
2288
25
1719
0
29
348
462
8943
29
433
20
1195
348
2057
20
2983
462
3262
24
2245
26
2
20
935
306
20
1538
29
2
20
1538
306
20
935
583
59851
24
4318
3
13
9051
16
2
20
970
12
29
433
13979
413
2123
369
7415
20
3556
247
2658
25
596
3805
306
4751
289
1824
12
4690
307
13
8970
289
31575
20
1050
4
29
20
1155
29
419
4934
336
20
5233
29
30399
583
1814
289
1881
2687
6
25
433
13
11884
1242
20
1881
290
9259
25
10746
0
29
4036
25
3815
29
5828
302
25
8019
13
2026
1008
336
7415
8850
29
782
20
3815
29
433
290
6210
377
2015
1
290
20
4751
433
331
2024
16
2
424
29
433
20
25214
4536
20
4124
29
9557
10
20
6669
315
20
1538
12
289
2686
20
4481
29
20
5511
199
2
10909
20
1996
12
29
20
4323
2
1559
20
2967
12
290
2115
20
11274
29
20
1008
2
1195
20
5828
6
596
1735
29
1909
714
433
1827
6
10
290
4124
331
1003
10
29
290
11575
331
33483
25
34004
6
290
5548
25
29
433
20
16374
2658
25
596
3805
47526
24
306
20
2288
2
20
4616
29
306
20
19585
2
20
1538
29
433
3800
0
479
12
20
1008
289
20
1687
6122
12
290
20
13745
29
20
5377
289
20
1548
998
12
290
20
11120
29
20
11096
29
20
2492
12
29
20
1538
5532
294
322
20
4683
29
20
18428
12
29
6781
12
20
14828
7488
289
20
686
29
565
12
289
20
12876
12
13
1538
554
302
9584
199
29
18003
554
302
15590
29
23390
554
302
1074
29
433
3800
0
20
15959
952
8759
10
20
970
12
29
8852
10
20
1538
12
29
20
632
12
20
3703
12
29
8852
10
289
20
13737
12
29
20
1091
12
20
565
12
29
8852
10
289
20
3474
29
20
1604
12
20
2664
29
8852
25
289
8716
1601
20
686
13
405
19432
20
2746
289
20
1538
12
29
331
4731
578
290
3
289
935
1838
16
10
29
994
11686
10
48
994
1838
12
20
1538
29
8583
16
45
53984
29603
302
2811
20
1538
419
9284
1996
16
28
289
20
1950
6
13770
290
7
1996
12
1091
12
29
3191
25
302
290
1281
336
20
4367
12
29
14823
20
913
12
20
4118
29
3714
302
2102
302
20
641
12
1012
2
20
23357
290
20
4367
12
13
6
25
718
23
578
7
302
7057
290
539
25
302
20
641
12
1012
2
20
23357
290
20
4118
29037
8062
223
29
9237
25
290
539
12876
12
2
1838
12
20
681
13
9657
2
486
25
336
23357
20
641
12
2185
0
306
2536
1406
25
29
387
4453
6861
0
29
363
4453
1996
12
29
20
718
20
632
302
2102
302
20
12785
1012
2
20
23357
714
2102
302
20
641
12
12785
13
2915
6
25
290
12939
28
20
1996
16
28
1996
12
1091
12
29
419
302
20
641
12
1012
2
20
23357
29
363
790
2615
20
1996
12
2
302
20
641
12
1012
2
20
23357
915
2
20
1996
16
28
20
778
16
28
13
9284
20
1996
16
28
20
778
16
28
289
20
1950
6
20
2519
2
25
336
20
1996
12
20
1091
12
4453
8970
0
29
1546
0
29
4162
0
29
1008
0
29
6183
0
29
18003
0
1033
20
18003
29
20
6183
29
20
8970
13
2556
4
41966
12
306
2811
826
682
999
10
8871
916
12
29
1033
1392
20
4162
29
20
1546
29
20
1008
9562
916
12
20
22172
29
348
369
2335
20
6515
826
506
302
1392
20
6882
29
20
1816
29
20
3815
4602
1437
306
1557
826
29
523
2
1546
4
916
12
13
20
6882
5553
306
20
3815
290
527
419
6656
29
20
1816
5553
421
25
290
527
665
16
25
336
6568
25
29
20
3815
5553
4785
12
3306
12
290
539
12153
2
405
20
31096
13
30
424
20
1546
6862
306
9284
20
1996
16
28
290
527
348
25
5263
290
7
336
1996
12
1091
12
29
348
462
3718
20
5325
29
462
790
915
20
3204
306
20
1996
16
28
56676
421
25
1392
20
4162
363
1392
20
1546
29
1033
20
1008
29
20
8970
31657
421
25
290
527
348
289
25
891
1996
12
1091
12
13
290
682
4272
20
1996
12
20
1091
12
363
4453
10517
0
13
402
3540
420
13
419
37313
29
682
402
37313
3540
54197
29
3436
12
20
18747
4540
20
7011
306
20
1950
6
15409
29
363
3774
5040
322
20
1950
29
3436
12
20
8970
54617
20
957
29
33681
1996
12
682
16
4234
12
13
387
419
20
1529
407
20
4162
29
20
8970
29
20
7011
985
5836
16
289
20
1950
29
3898
608
16
289
20
1950
306
2744
30349
12437
16
1996
12
660
13
20
1996
12
7724
20
1996
12
13
985
1677
16
1996
12
660
29
3898
608
16
315
1996
12
660
1677
290
424
7724
641
29
3297
38481
20
7724
29
49177
20
2358
29
38481
20
1538
336
539
1181
12
29
2150
5511
228
718
1154
12
20
7011
2
20
2793
347
2
20
9021
29
387
6
290
5122
306
1247
20
2358
29
56082
247
336
718
20
3611
29
1033
611
20
1255
13
2150
1641
24
20
1154
12
289
20
2358
6
1093
3
1469
20
1281
29
419
20
7011
335
2
10
12191
20
2358
30
20
3600
363
11037
12
6
25
13
348
25
363
5122
306
20
4141
29
416
3233
20
11037
12
29
523
363
10274
1409
12
20
1537
12
13
363
18849
3125
0
13
30
424
416
658
315
25
290
20
7011
331
419
1469
1281
20
2358
29
523
682
10274
4382
10
29
4816
10
29
6924
20
9996
20
22210
247
336
20
7724
289
10
29
1996
12
718
20
4382
29
20
1247
7144
12
846
25314
32999
289
20
1950
2915
2
20
6007
12
506
369
6
20
12323
12874
4
596
421
3
6660
28
29
424
2138
762
0
29
416
846
2
20
3305
29
20
2051
12
29
419
20
611
714
20
3540
420
416
8685
25
405
20
7011
29
4712
6
25
20
8583
12
29
419
363
4035
2
2798
12
1424
10
29
363
5122
306
20
2496
322
10
6
1457
12
2051
16
25
6
1409
12
20
2496
289
20
4634
15837
290
1310
4086
302
20
641
12
1012
2
20
23357
957
0
1872
0
29
1252
8032
322
804
1996
16
25
462
5122
306
4634
25
29
20
2496
322
25
315
302
25
462
4712
1996
16
25
915
322
20
1996
16
28
20
778
16
28
29
419
302
20
12785
1012
2
20
23357
29
302
20
641
12
12785
290
20
4118
13
4712
6
25
1996
12
1091
12
29
419
302
20
641
12
1012
2
20
23357
13
8850
4234
1838
12
20
8970
336
9284
1996
16
28
6
20
2519
2
7
336
1996
12
1091
12
29
1033
8583
12
20
1538
9562
20
2358
29
20
3723
29
20
811
29
523
8583
16
25
20
560
12
20
957
363
539
3047
985
1677
20
957
289
20
1950
2631
637
20
1950
29
985
2631
637
20
1950
2631
16
811
20
17499
13
20
486
1187
20
637
29
20
637
1187
20
957
29
20
957
1187
20
1538
13
20
1538
3966
419
20
3628
29
20
7511
6
20
1866
4
402
10
29
387
419
377
5532
6
1
5810
12
20
8970
29
302
25
1866
290
20
935
29
20
4162
6
302
20
1538
935
29
1154
12
29
935
20
1950
1866
290
486
20
17499
406
2738
20
486
6
331
289
25
290
20
935
13
3966
20
8970
1243
290
3248
12
20
811
29
6
424
5781
8970
1053
12
1866
290
5058
12
501
12
13
5781
419
377
6460
290
20
22713
223
336
20
15153
221
29
290
20
2110
12
29
20
2269
336
20
20513
29
20
4888
12
29
5781
419
377
2474
2486
12
29
11465
29
6
424
433
3805
3631
3
5902
313
347
2474
6
3
935
0
29
348
1510
16
302
7236
2798
12
2631
20
637
2
20
1538
13
3191
25
331
935
8
25
290
681
20
641
12
13
348
20
1538
2102
8
302
20
641
12
1012
2
20
23357
13
985
17926
16
405
20
1996
12
7437
0
289
4318
8
2631
16
20
4318
336
20
2110
12
289
20
641
12
29
20
20513
289
20
4118
29
387
331
24359
8
25
2
20
637
1111
369
637
20
1950
554
405
20
1996
12
1490
20
4367
12
29
20
2109
840
10
29
20
13124
12
322
20
641
12
29
1457
12
20
2110
12
289
10
29
2
405
20
1996
12
2631
637
20
1950
29
11585
16
3714
16
25
29
2110
16
25
714
12437
2631
20
3714
12
811
20
17499
289
36604
334
20
4118
29
20
4273
306
811
20
641
12
13
51160
1240
1326
4
17003
10
20
4162
29
419
9284
20
1996
16
28
289
20
1950
29
632
16
10
20
8970
29
419
891
20
1996
12
20
6325
12
290
7
29
20
1091
12
1424
20
1996
12
20
2122
12
29
32394
12
20
1950
2
10
29
20
1604
12
2631
637
20
1950
3269
369
2
804
1424
2066
20
1996
12
29
20
1931
12
797
12
20
17499
6
20
1950
2
1068
331
20850
6
25
290
20
637
13
30
331
8021
20
4297
306
20
3781
34342
290
25
2158
746
59352
2
10
20
6568
20998
297
20
1357
30340
12
414
302
462
1768
30340
12
29
13643
269
20
1121
6
20
486
13
30
424
26490
2066
20
1996
12
419
20
1538
13
4956
407
20
1996
16
28
506
4956
407
20
4297
29
20
3781
29
21377
407
7
4816
0
30349
0
506
8021
20
4297
306
20
3781
1934
0
30349
0
24551
28894
2066
20
1996
12
506
22269
20
2158
290
20
3781
29
7723
20
1950
2
804
387
20
2066
583
9657
336
331
462
1972
9657
840
25
506
7723
20
5706
25314
20
2158
13
2627
331
462
1972
6604
25
714
13643
269
20
1121
6
20
486
2
14163
637
20
1950
506
16763
269
20
8023
322
20
486
2
804
20
4298
12
6
20
486
606
6450
20
5706
331
462
1972
25931
25
13
3966
8583
12
20
1538
20
2358
29
20
3723
29
20
2358
363
1181
12
6
10
29
20
3723
335
20384
302
44568
306
20
1950
363
790
4893
10
29
6
387
1252
3974
17130
302
23726
3433
20
1538
29
11686
25
29
302
25
956
640
48902
462
5122
421
25
6
302
26417
20
1538
539
10862
12
29
8583
4
25
539
14104
12
3047
1267
35867
289
2159
11686
25
2
20
837
12
336
1185
4
20
2358
20
2172
12
29
2
20
837
12
336
20
3723
335
2805
3770
4
20
19570
28
29
658
424
2159
0
25464
0
13
348
7071
424
9149
4240
20
2358
402
10
29
3248
12
405
20
1528
30
20
4240
6
545
10
13
348
10
25018
12
306
2358
847
20
2358
28902
301
290
2710
30349
12
13
6
1197
336
2159
20
785
289
10
6
2915
20
3204
306
26417
20
1538
48
994
26417
20
1538
58807
386
302
20
1538
416
7440
289
681
2347
2
20
986
29
416
7440
956
2347
2
539
20
986
29
2150
4347
8
331
2347
2
20
986
31004
366
20
1636
20
641
29
1450
659
2
20
986
20
2982
12
335
407
20
459
29
407
20
919
3805
13
630
2710
20
459
4475
302
3929
2
20
459
29
7737
16
25
29
3723
25
29
4475
302
3929
2
20
25127
29
7737
16
25
29
5814
25
363
790
302
4235
322
7421
20
1636
28
29
331
2347
2
20
459
4475
302
658
1008
0
956
419
10194
606
20
919
3805
347
956
419
16010
25
29
363
1265
12
336
20
1538
289
539
7421
20
1636
28
29
331
2347
2
20
919
3805
4475
312
658
1008
0
289
1069
25
29
7737
16
25
29
10461
25
20
6010
29
4475
302
658
289
5814
25
29
880
25
29
31575
25
29
630
331
289
20
1050
4
29
20
1155
29
331
407
7
29
27794
6
1
32877
20
1538
289
405
20
4590
2
3191
29
419
302
637
20
6337
28
336
596
3805
29
20
23238
28
336
5410
25
2347
2
22376
25
347
2347
2
686
25
13
348
8970
289
22376
25
13
4475
302
48902
289
2191
25
29
1195
947
16
25
289
1069
25
6
2836
1137
2
20
1538
289
25
29
2
2486
16
25
29
4475
312
48902
289
5814
25
20
5393
12
20
1195
12
20
7558
12
306
5568
25
29
7737
16
25
6
658
424
1328
2564
0
6
12509
12
29
33447
0
6
2967
16
25
29
348
8970
289
686
25
13
658
1538
25
289
7737
16
25
335
8817
25
290
1357
10194
25
583
45185
322
10
347
289
20
852
4
335
11978
25
290
25
29
45940
25
840
25
583
18129
2
10
13
348
8970
289
1557
1220
322
405
20
4590
13
424
1220
322
599
20
7716
29
419
17943
289
25
6
302
20
7716
20
3663
20
1270
331
10720
20
10011
29
36240
20
1950
583
363
5022
289
25
16418
0
6
539
25
13
2967
596
3805
11363
302
658
1198
13
363
18918
1008
25
29
8970
25
10194
25
29
2885
369
8970
25
10862
0
289
405
20
4590
20
952
12
462
1972
1220
0
322
14163
20
2967
12
2335
0
55054
2
20
1636
20
491
29
419
8970
25
289
852
4
686
25
29
5814
686
25
6
8348
20
10194
290
10
322
20
19299
13
348
387
20
1538
419
377
2347
2
957
20
2982
12
377
419
20
6325
2
387
20
1058
29
1033
20
1636
20
641
13
2347
2
957
20
23062
12
714
402
826
988
419
16010
25
606
596
347
10194
14927
336
2560
30
20
7565
4
29
20
58499
29
336
5762
30
20
852
4
20
22252
4
29
20
29422
4
335
1759
10
20
1950
29
935
8
7071
10
289
2413
20
29422
4
29
20
22252
4
29
20
58499
13765
336
331
2347
2
20
1121
20
2131
12
29
336
331
14633
336
630
20
13802
30
20
6726
290
20
10828
29
25345
20
1937
28
29
20
14548
289
20
6594
20
5680
29
1166
289
402
826
290
20
22713
223
20
8970
289
662
12
1687
20
491
20
8970
289
302
25
1081
419
16010
25
606
596
319
363
13
919
1557
363
3499
1348
25
19299
0
406
5121
2
1640
20
1008
29
20
632
20
8970
289
302
25
348
369
19299
0
13
331
718
20
28603
322
25
29
20
1091
302
387
20
19299
1081
419
33170
2
25
289
20
637
13
5022
25
347
419
39959
6
25
289
20
2483
56504
7117
322
25
347
2736
246
25
956
5615
290
20
3723
45922
336
11280
25
29
1198
402
826
290
20
10194
4
14927
336
405
20
5331
4
13
985
1127
16
405
20
4590
3139
16
26417
20
1538
289
20
4590
306
1569
12
29
20
459
7264
336
20
1538
4475
289
630
10
347
289
611
10
29
4240
33253
405
20
5331
4
13666
29
523
16251
387
20
1636
289
952
12
2665
20
7565
4
29
20
58499
29
20
852
4
20
29422
4
29
20
852
4
20
22252
4
18227
1182
289
402
1293
3191
0
6
18074
2
25
20
17130
6337
10
29
27046
6
25
1675
20
1538
29
10510
421
25
718
25
20
1293
20
491
20
58499
11363
302
22095
20
1310
8597
12
402
437
630
6332
25
20
2131
12
7071
0
714
13802
25
306
20
3248
12
1081
419
289
20
637
3396
6
22182
12
2
10
13
5022
10
347
28291
10
2
20
653
9820
1737
24651
195
2
20
780
29
20
11096
347
419
39959
6
10
289
4371
25
12706
351
6
20
28603
29
20
16086
322
10
49356
289
20
4950
29
1260
348
25
39959
6
20
8106
12
29
20
6461
29
11066
12
20
686
29
20
20389
2
20
539
29
20
988
40141
12
29
20
35160
12
29
20
4137
956
363
6275
336
539
424
290
20
22713
223
34974
491
0
289
686
25
302
10
19299
12
606
596
3805
29
48902
289
12141
20
3424
29
20
501
12
306
3291
12
20
9433
289
10
714
48902
289
3723
25
302
25
1562
4270
6
10
290
527
363
4035
714
48902
302
25
1562
40734
224
290
25
29
4086
302
25
363
697
6
25
424
915
2
20
4227
12
29
20
10300
347
2
302
363
54091
915
1191
0
2690
0
11380
421
25
2885
9774
2
331
13039
25
596
29
915
13
3633
4297
0
289
289
25
985
10927
539
25
583
658
424
3227
0
6
25
13
3297
658
20
1538
289
9431
12
20
28603
29
48902
289
2934
25
45492
247
2
25
336
20
8106
12
29
20
6461
29
13720
20
2288
29
336
20
18763
29
20
12722
12
29
302
424
2150
7057
25
290
4045
29
3606
29
302
25
11363
302
40734
224
322
25
2
20
8352
347
2
20
13567
322
20
9248
13
2885
369
424
9820
43345
289
7710
25
302
25
2150
460
2600
596
3805
289
25
2
20
5648
29
20
4323
4475
2
3927
12
20
5648
290
20
9984
13
348
424
16010
25
606
596
29
34301
6
20
13737
12
335
2805
2190
20
8926
3127
596
29
4475
2
5648
20
5680
347
20
3185
12
49356
290
3022
6453
25
29
19764
25
29
6594
25
29
11511
25
29
331
11511
25
29
48902
289
718
20
9984
29
4788
25
714
48902
289
718
20
9431
12
289
20
8945
290
25
29
20
28603
290
20
5680
29
6708
306
686
25
302
20
5058
4
402
10
7765
12
315
5648
20
5680
29
302
5648
20
9984
419
2118
20
5058
4
402
10
29
302
596
3805
363
5192
3177
12
459
289
3308
9332
25
3105
5680
1126
348
596
363
5192
3177
12
459
289
9332
25
3105
5680
6702
25
795
290
1126
1487
972
2
3912
289
25
3919
29
416
1074
506
2855
20
1210
2
25
13
3297
48902
289
6332
25
13
10816
387
20
971
7479
12
322
20
17079
13
2885
1677
2
20
8970
1838
12
20
1996
12
2
405
20
3723
14979
2
20
1964
12
2950
20
4371
583
6280
20
1121
322
10
29
1033
20
1293
20
632
29
419
20
7565
4
49356
491
0
289
20
26564
20
6022
12
421
25
302
25
1562
2783
10
29
1562
22461
10
322
20
17943
29
20
7953
347
1562
11098
17943
10
2
3927
12
20
42544
714
5901
336
1381
1381
9820
43345
289
20
5814
335
3929
2
10
988
5329
25
596
3805
13
1260
713
0
348
20
1357
3045
16
6
20
1008
289
31575
20
1050
4
29
20
1155
982
12
29
50142
21409
289
7565
12
596
3805
29
6615
289
1058
596
29
501
12
3875
25
4269
596
421
25
29
1656
29
1412
2188
306
302
31488
20
1357
2
12769
12
20
3424
29
20
501
12
13
462
363
11188
25
29
1412
2188
306
302
14362
336
11661
20
20382
2
1357
20
13434
13
6481
20
6163
306
1950
25
29
14362
336
11661
20
30670
2
1357
20
16067
9548
10608
211
223
2
424
322
22182
16
25
13
462
363
11188
25
29
1198
1260
289
2934
25
336
2188
306
5928
2288
36174
347
5928
970
12
17021
543
1025
311
306
1950
25
29
14362
336
11661
20
30670
2
1357
20
16067
9548
10608
211
223
2
424
322
22182
16
25
13
462
363
11188
25
29
1198
1260
289
2934
25
336
2188
306
5928
2288
36174
347
5928
970
12
29
957
347
5928
2224
12
29
935
13
6582
6973
196
25
29
416
20437
596
306
2
25
8449
5765
31150
6
9850
25
13
6582
23364
211
3047
12
596
289
25
2
19041
25
347
5718
25
29
1198
48902
289
20
4950
29
1260
19775
2188
306
302
36514
364
336
596
3805
2
20
1043
29
20
17606
29
20
30360
336
4318
2057
20
3295
29
2
20
2006
322
3723
20
5710
29
4391
20
6163
306
1950
4045
20
1191
29
3606
20
687
2
1179
12
2591
12
29
402
1179
12
2591
12
13
348
10
4375
12
29
1198
48902
289
1281
25
13
1260
1412
2188
306
302
2363
22710
2
20
1281
20
21765
13
348
0
396
7363
322
25
29
2885
13177
16
840
25
5548
659
596
3805
713
25
29
348
15
16
6690
0
1100
13
8618
336
13140
20
23357
19086
5282
336
424
20
1281
29
3297
22095
322
630
6332
25
29
3248
12
13802
25
29
2128
25
406
322
27081
25
29
44257
25
29
4098
25
13
348
402
424
17633
25
29
1801
25
29
5122
306
302
34454
596
3805
2
10
12706
2939
245
2
1640
20
1538
5038
20
7565
4
20
2447
12
2
10
29
48902
956
4721
25
289
20
12805
336
847
20
7565
4
29
48902
289
7852
20
857
12
289
10
29
4272
6
10
5989
294
20
4542
583
52049
218
2
10
486
25
29
4833
306
387
6337
20
7565
4
29
1033
20
1293
20
1091
9562
20
852
4
20
29422
12
335
1759
10
20
1950
13
2102
10
988
935
8
25
289
2413
20
29422
4
3627
6780
20
13737
12
29
20
3474
29
20
21851
29
20
8249
29
20
10255
29
20
28104
29
20
14733
29
3467
20
5828
29
20
13149
12
29
20
13745
29
539
424
29
13125
290
1950
25
405
20
852
4
13
348
5828
302
1950
25
20555
322
10
9820
43345
289
2798
12
3924
25
29
20
6977
2
20
3117
4
421
25
13
348
20
686
2280
0
1992
2
20
1866
290
686
10
29
6343
13
985
11167
16
20
9606
29
20
5494
12
290
20
8249
24551
5468
302
1944
2
1079
4683
12
15145
289
20
1071
506
369
20
491
26
20502
26
2
25
2777
3
29
985
11167
16
20
3609
1568
6
3474
8893
25
290
539
25
714
20502
10
289
57473
20
20173
29
1198
289
6337
20
852
4
29
387
8970
289
302
25
1081
419
18105
2
20
852
12
20
19299
12
319
363
29
6
424
3117
4
935
8
10
289
2413
20
29422
4
13
985
4365
16
20
3117
12
306
965
10
1538
289
20
1801
335
385
717
847
20
852
4
606
25
29
3212
302
5533
10
290
20
6908
29
20
13149
12
29
19723
20
1858
12
506
1252
2699
290
686
25
10255
0
2
20
486
9820
43345
29
1260
2150
486
2
5526
47169
47870
247
8147
4451
520
14919
5698
520
29
402
424
682
290
5
29
363
336
29
2150
419
290
3045
596
29
1621
25
421
13
419
377
3045
338
29
3045
18190
16
5
29
3045
971
16
5
29
3714
16
5
29
419
377
942
6332
209
2
971
16
25
29
1198
971
16
5
29
3714
16
5
13
1562
12208
2
652
347
2
686
5
29
363
10456
6
686
5
2
686
5
13
985
12417
289
686
25
2
20
8249
1851
306
686
25
331
289
25
290
20
16572
12
29
1260
6
10
462
5344
9
686
1
1157
29
20
594
290
419
606
596
594
29
424
27794
414
20
2793
29
14
290
14845
289
20
637
7957
4891
0
336
596
3805
2
22357
25
322
20
4257
29
14
290
1305
7957
13822
0
2
2631
637
25
606
20
2793
2
3467
20
9020
12
13
985
2219
302
20
8249
29422
29
302
2335
25
20
16572
12
9820
43345
289
1620
3415
12
424
2
302
18592
5814
20
6943
28
29
985
2211
289
686
25
13737
12
20
3735
29
26102
25
8970
289
302
405
852
12
20
36819
29
1252
369
289
13737
12
20
3735
29
20
1274
314
4208
6
369
424
290
852
4
596
29
852
4
20
13030
12
30
20
957
29
20
971
12
29
2026
31434
2
25
20
36819
29
2885
369
20
26102
421
25
3619
369
2
20
36819
7849
29
322
20
13030
12
20
4891
28
5617
29
1198
6708
306
686
25
289
20
3474
714
48902
289
718
20
1620
29
402
424
935
8
25
289
405
20
1528
13
290
2205
302
10510
6
25
718
20
1538
13
363
538
6
25
290
6057
331
289
405
20
1528
29
1033
20
1293
20
1604
29
419
20
22252
4
13
419
20
8001
12
29
20
11096
306
20
17031
29
20
4730
306
20
16197
29
20
2271
306
20
3047
307
29
20
2936
29
20
7706
29
20
20513
289
20
4118
29
20
7852
29
20
4375
289
20
7565
4
29
2967
12
596
29
13434
25
29
20
3934
2
5814
25
29
20
7784
840
25
29
20
24033
29
20
9606
6
25
29
402
424
935
8
25
289
387
20
2413
29
935
8
1801
25
29
3117
4
25
38969
43345
20
459
402
437
289
1950
25
331
377
43507
25
290
405
20
852
4
335
443
20
4891
12
336
596
3805
13
985
30248
336
1557
290
10
55834
302
10
3723
363
24994
10
915
2358
29
302
20
2358
363
24994
10
915
2710
13
985
3974
302
12740
6
686
25
3723
20
8001
12
29
20
11096
49942
1998
17031
25
491
0
29
35513
420
289
10
29
6
4956
10
306
686
25
29
6
31831
10
289
1950
25
714
6
4934
289
20
18744
29
20
7018
377
2855
289
20
4731
289
10
29
9119
1659
198
606
686
25
302
25
39959
6
4329
596
3805
583
30632
6
25
637
20
11096
29
985
3974
302
44368
290
1950
25
637
20
2271
13
6
4934
289
8923
596
840
25
29
12416
25
421
25
29
289
3174
25
2243
7068
25
421
25
306
331
4240
8
545
25
289
1058
20
2271
7726
3012
242
424
29
985
3974
637
20
2967
12
29
20
7784
38969
43345
289
4799
596
29
2191
25
29
4511
16
25
29
37245
25
29
424
2
20
1008
289
15985
970
16
25
29
17724
3503
25
506
22
14011
336
1900
290
25
289
20
1636
20
632
290
20
1538
29
985
3974
637
20
2936
13
6
4934
491
0
289
17031
25
20
2560
12
29
20
5762
12
714
6
4934
289
20
2793
29
3144
4
25
714
956
414
25
290
2006
9248
29
5422
297
29
9433
20
5123
29
913
16
25
29
16849
25
29
19854
25
714
289
2785
20
5406
606
17427
12
20
947
714
289
2785
20
39580
211
606
1127
20
46683
306
2487
826
714
289
20
2169
12
289
20
1861
289
20
48389
29
20
551
16160
714
289
20
27960
32461
16
25
1029
16
25
714
289
2130
20
681
606
25
302
25
11196
336
20
1489
13
658
290
1859
20
2158
347
11196
336
20
4548
58041
196
1881
20
720
714
6
5126
414
24521
20
1420
12
289
1950
25
947
12
19164
29
10623
4
10
29
3770
242
10
29
24521
10
29
12638
10
29
31856
10
29
8956
321
10
29
38525
10
29
2665
20
9433
289
10
29
21036
947
20
35786
12
20
8780
28
2
10
29
302
3
4366
10773
16
15168
3
2098
24
15168
0
539
10
29
302
3
4366
3974
24
302
4235
24
290
10
8220
24
289
10
29
302
3
985
30984
10
290
1204
1758
2934
24
6
10
1522
262
0
29
28377
0
29
15589
878
0
336
630
331
2855
289
20
3424
290
4240
10
29
985
3974
302
746
28220
637
20
7706
13
6
4934
336
20
546
12
29
6665
10
29
5605
10
29
8777
10
29
11878
10
29
48265
10
29
6665
10
20
2938
29
880
10
20
1541
13
3297
718
20
1538
377
4272
2
25
20
2358
335
18286
5421
44206
3723
10194
12
347
20
18091
322
852
4
30820
12
29
416
935
8
289
402
826
290
405
20
3723
1058
0
5547
0
44558
2
25
306
7071
20
1538
1033
2
935
24688
25
13
363
2319
289
25
33783
290
2224
12
20
3424
2
20
8970
13
348
25
785
6
630
20
3770
4
29
20
3723
29
289
25
6727
6
20
687
28
29
289
25
331
28420
20
2936
29
20
7706
29
20
4730
29
20
2271
29
20
2967
12
29
20
7784
29
6337
20
3723
29
289
25
331
24663
211
322
6337
20
852
4
20
30820
12
27173
302
7405
25
20
459
29
8785
20
3494
12
335
419
6690
336
20
8970
289
10
333
12
414
660
29
1252
1569
12
333
12
5710
12
3494
12
2
8970
29
2628
1866
290
6165
12
2
539
18003
29
2628
38969
3030
289
20
6183
289
10
29
1252
1824
12
826
12
13
348
999
402
1179
12
290
10
6891
0
363
14334
29
363
9892
421
10
915
2
1640
20
1538
322
8154
20
1950
414
4375
20
2982
12
29
1198
12769
12
3243
3875
596
4269
596
421
25
29
1656
13
348
25
416
19886
16221
20
1179
1126
302
25
4269
596
421
25
29
1656
19886
16221
20
1179
1074
29
402
1179
12
290
1179
4
25
2115
290
24943
20
970
12
29
1252
6183
10
20
687
584
20
6183
462
17212
289
10
1008
25
2950
972
25
29
4240
33253
20
3494
4
29
20
3243
13666
13
10775
336
1406
25
4269
596
421
25
29
1656
348
2108
20
2534
35469
289
9839
5
15044
290
15044
16
13
348
1
7988
25
29
2445
331
3613
16
13
348
1
5351
29
28532
331
3613
16
13
348
1
21759
247
2
25
1126
348
2108
20
2534
35469
289
9839
5
15044
290
15044
16
13
348
1
7988
25
20
1126
1074
539
333
12
13
348
405
20
1179
4
785
12
970
20
491
28
29
20
641
28
29
443
3470
12
6
20
19329
28
289
10
2950
20
972
1111
1252
1626
24
306
6849
10
29
9524
16
306
4318
3
9524
12
7437
6
8104
16
3
29
6
637
424
407
3
29
407
20
43410
336
20
4118
2
20
1178
12
13
387
419
718
20
1538
289
2358
20
2982
12
29
852
4
20
459
290
527
443
10194
12
606
596
3805
347
19299
12
29
20
14355
3933
302
658
30817
20
739
289
405
20
2710
583
27289
1950
25
2
20
5568
20
1834
12
29
20
3770
4
20
1731
12
29
20073
25
5762
25
29
2560
25
322
20
22713
223
29
6
4086
302
387
315
302
25
1243
290
6337
20
5058
4
13
682
419
6
25
2303
12
20
5506
406
20
8727
2
25
13824
322
5506
20
2599
28
51365
7192
199
2
20
1538
289
4799
596
3805
29
2191
25
29
27335
20
1950
2
527
20241
322
686
25
446
10701
686
25
29
3723
25
29
3770
4
25
29
7737
16
25
13
658
30817
20
3
2
20
10194
30
20
10011
20
20691
606
1019
20
3423
13
348
25
363
19486
6
20
1008
289
3723
686
25
29
14718
10
406
30
20
428
4106
210
20
17673
322
686
25
29
419
11032
12509
12
20
8120
13
1033
331
935
8
25
13
419
8970
289
3841
12
20
5762
6
9974
6
20
2163
29
20
18459
13
985
12503
630
972
25
289
1959
686
25
13
4443
2836
1137
2
20
2163
29
6
424
369
20
15014
6089
289
20
32393
34562
5
25
20
1534
413
2688
29
433
16203
2838
433
35283
289
20
32393
16591
901
289
20
15501
13
433
20
1534
40991
16
972
1
289
6575
5762
1
13
3022
20
13823
289
20
4481
13
20
13823
289
20
826
20
584
419
2303
12
12912
20
961
28
29
11032
6665
20
2599
28
29
1033
20
18091
322
20
852
4
20
29422
4
13
2931
8666
20
2037
322
20
650
12
289
20
24189
29
1033
20
56757
2
20
852
4
20
22252
4
29
6337
20
7565
4
13
2931
8666
6143
12
20
1637
12
29
1512
10
29
6618
10
29
1112
10
29
23105
10
2024
10
6
11794
2
424
6
1019
1514
10
13
348
8104
16
630
972
10
289
12864
12
20
2658
29
14685
20
1112
369
424
6971
0
6
10
322
1019
20
10194
13
3297
3933
302
7236
718
20
986
348
15
16
290
2057
20
4124
12
29
348
15
16
30
20
459
20
3467
363
8166
915
2936
0
290
20
1934
29
13131
0
289
20
2782
12
13
743
1
29
2077
2251
20
13802
2
20
811
20
2560
12
13
348
407
1
29
407
20
1950
6971
0
6522
0
13
985
1175
16
584
20
811
15
16
290
2057
20
546
12
29
523
6
20
4124
12
10456
641
26
29
985
2219
16
874
20
1538
289
2358
20
2982
12
335
407
20
459
29
407
919
25
27173
302
5105
424
1483
16
1
29
25908
1
1459
0
29
1431
13
363
22427
322
686
1
29
322
852
4
1
20
18892
12
290
596
3805
29
3723
1
20
4891
12
840
25
6793
25
29
3805
406
402
17130
27173
302
658
6
25
3134
12
6196
289
10
3248
12
20
852
4
20
29422
4
29
3248
12
20
852
4
20
22252
4
29
3248
12
20
23323
29
20
7565
4
29
3915
686
25
421
10
402
437
29
4976
25
290
20
29422
4
20
1008
289
761
12
13
348
25
348
1656
290
10
1656
290
539
10
29
443
20
21851
29
20
8249
29
20
10255
29
20
28104
29
20
14733
29
3291
12
20
3474
29
26102
20
3735
29
26102
20
1274
314
29
1490
20
1281
29
1490
20
3221
29
290
20
22252
4
761
12
20
11096
306
20
17031
29
20
4730
306
20
16197
29
20
3934
2
20
1646
29
20
2271
306
20
3047
307
29
8716
20
2936
29
20
7706
29
20
20513
289
20
4118
29
20
7852
289
20
811
29
1195
20
3045
315
20
3045
29
1490
596
3805
29
20
24033
6
25
13
405
761
26
23009
12
761
12
30820
12
29
761
12
1834
12
13
2885
15090
290
20
30820
4
826
12
13
33251
421
10
289
3134
16
25
29
7917
20
1538
289
10
29
13026
596
3805
306
7479
16
25
5485
10
29
43214
1950
25
322
10
29
4086
302
424
462
697
915
2
3667
596
3805
29
3706
25
29
1252
6910
25
336
686
25
462
5122
306
9046
1455
20
41683
322
686
25
13
5192
306
20
2759
12
20
3701
12
29
3297
4670
583
33251
306
20
630
29
6354
3560
686
25
2
20
56757
2
20
22252
4
13
985
31434
2
826
12
290
10
30
20
8001
12
29
20
11096
713
0
514
20737
2331
29
14979
2
20
3701
29
387
2795
840
25
20
17130
20
34938
211
29
1033
611
20
1255
290
20
11381
28
290
20
1191
28
27173
302
6196
24
289
12559
3
20
23323
20
2560
12
30
5648
20
3185
12
29
1728
20
4950
2
20
8106
12
29
20
22860
12
29
20
42368
29
20
11665
306
20
686
29
20
13180
289
13965
12
20
6459
29
13049
12
20
6526
29
20
42926
12
315
20
3045
289
780
20
681
2
20
2082
29
20
10470
322
20
9248
13
348
611
290
1785
686
25
290
5038
20
1191
28
363
30510
322
3248
12
290
405
20
23323
289
17499
25
29
331
462
3499
20
17499
322
20
31397
363
790
20
17429
2
3841
12
20
1950
29
6946
25
406
402
610
290
20
1255
12990
421
3
1293
290
20
22182
12
27173
302
658
5649
3
6
10
29
8970
3
289
10
363
289
13496
241
332
2
12760
322
10
3191
25
20
687
20
21792
13
348
25
363
11980
289
3215
20
681
322
6589
686
25
2
20
957
29
891
20
930
12
29
2730
20
12230
4475
2
20
4341
347
2
20
17606
29
290
1330
424
7890
6
4239
12
3459
12
363
20035
290
10
915
20
2599
26
13
348
25
348
369
2288
25
4397
0
1195
20
1814
289
20
4318
462
30510
322
20
6083
29
20
48618
29
20
14939
29
20
8531
29
424
290
20
29422
4
29
348
1340
2288
25
462
5398
322
20173
29
5866
12
29
10002
306
290
5575
25
29
419
611
290
20173
25
306
290
5575
2288
539
25
29
416
14921
20
8926
421
25
29
1260
348
20173
1
290
527
348
25
1340
20
584
29
10570
25
13
348
2211
7786
12
407
302
5575
421
25
2288
25
347
5575
306
687
641
13
419
26942
29
7212
12
6
20
8926
714
2885
369
6
25
6828
2
20
2647
29
2756
2
20
11665
29
52477
290
20
1340
347
20
18938
462
5398
322
3009
29
8531
6
2555
20
7590
29
20
4634
2269
0
306
33681
20
11665
29
596
363
5329
20
40155
28
29
20
8926
416
14921
421
25
29
1260
2150
2269
1
306
2555
20
10633
29
20
3009
289
10
6
10385
20
584
29
10274
1099
25
289
20
1950
15176
6
986
596
13
348
369
2756
25
2
1195
10633
25
29
11665
20
1255
421
25
611
290
2756
25
2
11665
20
1255
306
826
290
13355
25
13
419
31324
29
2150
6089
724
891
20
3221
29
419
10006
302
5506
25
20
986
29
2885
7377
194
6631
25
2
405
20
852
4
1624
306
2560
25
424
583
658
6
20
13216
6
25
20
7719
6
1621
25
611
2706
0
29
658
2
5410
25
5492
16738
29
43545
0
3673
35084
218
289
13049
12
539
25
29
348
369
424
20
539
4078
0
6
20
13049
12
29
1963
5654
20
681
2
2057
20
957
336
302
9132
1283
24
49603
20
1911
12537
198
306
578
3
302
5484
545
12790
16
25
336
539
25
29
348
369
4086
302
25
16553
2
539
25
29
4754
290
25
289
986
25
29
402
424
8959
20
852
4
20
29422
4
20
396
372
12
289
964
20
1950
335
416
10006
20
687
20
6122
12
290
10
29
419
26942
289
10
29
2150
27794
424
2
405
20
3117
4
13
4239
12
20
687
3459
12
29
419
4475
4000
59630
8643
339
29
363
35856
6
25
289
998
12
20
17711
13
290
12417
289
686
25
2
405
20
852
4
13
20
2781
421
25
20
4227
12
29
20
10300
29
891
20
19157
29
20
3448
12
6
20
34518
2885
8032
1093
369
20
2574
32357
289
2407
20
11679
12
6903
596
3805
322
3
630
0
290
1859
3875
596
4269
596
421
25
29
1656
402
3
24002
29
369
24
52708
20
7079
29
402
290
369
54499
369
10444
302
4976
25
539
25
29
606
387
3933
302
5902
247
12615
20
937
985
433
24
363
6286
387
13
348
387
20
1675
1252
1363
6
37160
16
20
2358
290
407
20
3045
29
6
3387
6
3
348
986
20
1741
396
7363
322
5
13
348
25
416
369
16210
0
6822
29
1198
658
2
12366
29
1252
337
363
35597
199
4330
20
1741
13
348
20
986
396
7363
322
5
29
1033
1412
13
6
1148
396
8878
0
322
1959
1950
5
29
1033
1673
424
336
24420
20450
20
957
13
5944
5553
306
2303
12
20
6908
13
348
20
1255
1252
4446
24
289
20
2018
29
4241
24
2
20
5618
29
14089
24
2
20
2158
306
891
20
957
6
369
1490
20
38301
12
29
20
11269
2526
3
306
4249
20
5618
29
5683
28070
20
18490
29
20
2037
290
10
29
20
17429
2
891
20
957
13
20
957
363
23519
220
331
4838
20
8926
55832
336
20
3045
20
38301
12
29
20
8926
363
22842
322
486
25
336
437
20
1420
12
406
16763
269
6
1197
20
957
28195
363
5160
6
3
289
20
641
12
506
433
3875
596
4269
596
421
25
29
1656
348
596
8057
387
20
986
2
28195
363
11817
6
3
1126
312
596
8057
387
20
986
2
28195
363
11817
6
3
1074
166
348
596
6
8057
387
20
986
2
20
1486
20
29604
1126
312
596
8057
387
20
986
2
20
1486
20
29604
1074
3800
0
289
20
957
13
363
3933
302
2237
378
20
687
2
405
20
26427
4
12537
210
1172
2
22560
12
20
3045
583
43019
209
289
1950
25
1490
20
3221
29
20
11665
29
20
13434
13
348
424
20716
20
13123
433
4269
596
421
25
29
1656
1490
20
3221
29
20
1281
28453
20
13123
289
20
1950
506
28453
20
2883
20
24512
1126
1490
20
1281
29
20
3221
28453
20
13123
289
20
1950
20
1126
1074
29
433
3875
596
4269
596
421
25
29
1656
331
14716
23
12964
23
3835
0
289
40525
12
14901
2
611
13694
289
10
290
1490
20
3221
29
20
1281
289
986
20
6951
20
1305
1126
331
14716
23
17706
23
3835
0
289
40525
12
14901
20
1126
1074
29
363
6460
242
1490
20
3221
290
20
1950
915
2
20
8352
322
20
1255
29
20
5732
290
22560
16
3
29
780
402
331
2893
3221
25
289
4318
3
13
6
1972
1538
20
687
289
20
28621
6
18704
405
20
852
4
290
1950
25
29
289
19585
718
20
6204
290
10
29
405
3443
12
20
687
20
29095
13
1033
5913
8
27173
302
658
8970
8
956
18314
3536
8
2
437
20
1861
1111
1252
13854
8
20
5210
20
1191
26
6
433
24
1891
0
348
1807
363
6094
26
2
437
20
1861
13
331
811
8
811
290
6094
2
20
546
12
29
20
2158
13
348
290
17644
3125
0
5732
290
25
29
290
13176
3125
0
891
25
29
416
957
8
302
20
5732
290
20
2158
2
780
20
3185
4
29
20
5680
29
2
780
20
23323
29
1267
24489
26
289
10
29
302
891
20
546
12
2
54617
42544
20
7565
4
29
1267
13845
26
289
20
26564
290
10
13
462
2915
6
8
290
8583
12
20
957
915
302
25
37383
2
8
289
20
2269
306
20
4118
29
20
25163
421
10
29
5191
1252
369
387
30820
0
6
369
20
2746
17734
29
1012
2
28899
25
290
0
13
9119
8
15
8
30
20
17711
985
337
8
5099
16
315
8
17031
8
13
331
6664
20
4239
12
335
1568
8
6
10
1252
8970
8
54441
596
3805
302
9974
8
29
9974
2
8
29
10789
8
6
20
8001
12
554
302
41201
2322
348
25
20
1913
20
5393
2
8
20
7449
421
8
13
405
11686
2710
20
2746
29
20
1191
28
289
957
20
2982
12
13
348
14210
24
290
10
12303
12544
3
322
2777
3
29
27199
24
290
10
336
20
8970
289
4799
596
29
4511
16
25
29
20
14958
2
2486
16
25
2
1357
20
1950
29
363
697
424
915
414
20
44650
290
630
20
29422
4
29
20
56757
2
630
20
22252
4
29
348
1624
1557
290
25
554
424
369
22374
0
18563
0
39644
40141
9553
0
29
369
4504
0
30
20
9172
20
9222
363
6196
29
363
18932
29
658
30
20
10011
377
16008
2
22376
25
29
523
999
10172
25
913
16
29
16849
22885
253
25
333
12
414
660
13
49476
421
25
12509
12
20
2486
12
29
363
718
6
25
289
4208
20
14958
915
2
3225
20
16849
29
20
418
4
290
10172
25
29
405
20
852
4
20
30820
12
16849
29
913
16
29
443
20887
4
29
22944
4
29
289
20
5123
2893
1110
22143
10
306
22143
20
16849
29
20
418
4
13
387
20
971
1315
289
20
10111
306
26417
1538
20
459
289
852
4
686
25
20
10194
12
29
20
19299
12
322
25
919
25
3805
20
1636
20
632
20
1538
289
4799
596
29
4511
16
25
29
37245
25
29
289
25
3770
23
20
3770
20
1623
20
1538
289
1069
25
29
7737
16
25
29
6849
10461
25
29
387
988
1641
290
25
527
5781
8970
24
289
3045
596
3805
29
363
8970
24
289
1069
596
29
424
6
302
20
6060
2767
297
289
25
13
363
26556
354
20
5706
840
25
915
20
2599
26
714
363
26556
26
5074
20
1008
406
6337
20
3045
3723
23625
3
2
20
837
12
336
4799
596
3805
30
637
5706
20
42395
2
20
837
12
336
2066
20
3160
13
348
25
363
26556
25
20
5375
12
406
17113
4371
0
29
2150
7548
1824
0
4934
289
2084
12
2066
20
3160
985
1814
306
20
1155
29
3723
20
2599
28
30
637
20
1310
289
20
1008
336
20
3160
13
348
25
5122
306
20
1008
840
10
29
363
26556
5074
25
29
8717
306
5706
25
1252
22914
20
1008
29
1008
25
20
12492
840
10
28420
20
44845
29
12543
20
5706
29
1198
20
1008
336
1069
596
3805
28420
20
8571
12
29
20
7523
29
4179
20
2983
13
20
8946
3966
302
363
4270
6
11686
20
1538
289
1069
596
6793
25
29
7737
16
25
13
348
611
20
6060
363
13738
25
406
20
971
20
5735
377
2963
2
25
545
20
2746
29
419
302
596
3805
3849
322
20
1204
29
20555
322
20
11886
29
20
558
4
29
302
25
682
1004
20
687
29
363
1220
25
29
363
419
5013
2
20
687
29
363
419
6649
322
25
416
8571
6060
28195
583
10570
1302
1111
462
26556
24
5647
25
29
1996
16
25
406
2861
16
2984
12
322
3342
1455
290
387
1111
5781
6
3
348
25
34420
29
37510
322
302
658
6
25
1469
29
1486
29
745
29
1357
29
1381
29
302
658
3193
0
23999
0
6
25
4682
29
1789
13
10570
24
387
29
5828
24
302
424
20050
289
4511
12
596
29
4799
25
583
433
545
20
31999
290
20
17711
348
387
1790
16978
3946
363
1790
20
4267
6
5828
20
12406
302
20
4799
12
29
20
4511
12
289
405
20
1121
29
387
6
302
20
1310
363
2102
915
686
25
13
363
6091
624
915
686
25
13
402
331
363
12891
25
289
7737
16
25
13
363
6976
20
4511
12
289
25
3047
2303
16
25
302
5122
686
25
2243
20
947
12
10927
0
306
7277
25
29
407
745
5
25
44257
28326
26
681
25
13
363
7755
2303
16
25
302
5122
424
289
584
596
3805
29
43226
583
6976
20
4511
12
406
1252
369
6
20
16315
2983
29
5781
6
25
682
6
9056
1
4459
23
29
363
745
29
363
1486
29
363
6
25
2463
6
10570
424
29
433
1562
658
9056
5
58668
290
5
10212
217
26
57757
20
4459
347
658
2407
0
363
5122
306
20
2463
347
658
848
1000
12
29
971
12
363
658
6
25
713
10
29
419
9056
5
29
5276
5
29
6060
611
20
3045
1908
290
387
20
2983
29
348
20
1310
6
59263
1442
321
15292
29
6
424
24700
596
3805
336
545
57309
25
363
15993
9834
2
7737
520
5818
19421
209
29
523
7274
3
322
5
2
331
6976
26
29
2026
369
20
1008
289
1069
596
3805
29
7737
16
25
2130
0
290
387
20
1112
18676
3883
20
4731
29
3295
20
3045
302
363
4270
6
11686
20
1538
289
25
523
8
42593
336
20
3770
20
632
29
419
20
1008
289
5814
25
29
11686
971
25
29
15985
3503
25
29
17724
681
25
289
3045
25
13
348
10
7643
306
4799
25
29
37245
25
29
43226
25
29
18924
25
29
7643
306
4208
957
25
29
970
16
25
29
306
10529
12015
16
25
29
971
16
25
49356
336
7737
16
25
290
2506
7737
16
25
13
348
0
363
2589
4850
20
1008
336
7737
16
25
506
1412
2589
4850
20
1008
336
20
1155
2885
32394
16
25314
20
3160
29
2972
9262
2
424
306
4511
2066
20
3160
2
20
837
12
336
2066
20
4690
29
6337
20
12555
6
302
20
1155
290
2506
2066
20
3160
29
20
1008
289
20
2506
5553
306
20
4702
4785
12
331
29
348
369
363
1585
3770
20
1008
289
686
20
4702
29
630
1869
4
20
4118
2886
290
2506
971
12
596
3805
29
2066
290
12718
1069
25
406
363
4298
12
5492
290
20
770
29
363
2066
3217
290
20
965
29
965
20
4221
402
10
2066
290
12718
1069
25
3805
29
43226
1111
8852
965
20
4221
2
1069
25
20
33690
2
686
25
506
302
8852
2066
20
8869
25314
20
3160
20
13474
12
2
686
10
29
2885
19160
545
20
3160
1093
878
16
20
1483
12
2
302
10902
155
8902
2883
583
3489
20
3160
289
25
29
790
20
1008
840
10
13
658
20
2883
3551
12
27870
1890
0
290
2066
20
3160
583
24243
20
1008
840
10
13
30
424
20
5814
3551
12
9826
289
10
852
4
20
3817
29
363
9869
211
2
12718
20
1069
414
302
16086
8
322
10
2
3551
12
20
5814
13
387
964
1406
25
4269
596
421
25
29
1656
8970
24
289
3045
596
29
363
7679
49147
195
289
1069
596
3805
48
994
2798
12
20
8970
289
3045
596
3805
2152
199
302
402
331
289
20
965
988
2443
596
3805
13
419
1330
596
29
3045
25
29
402
4583
12
290
20
4583
4
290
5070
29
1046
29
852
12
29
18105
13
289
10
15985
29
23664
3463
2
10
970
12
596
29
971
16
25
29
4799
25
29
4511
16
25
29
4804
424
539
2447
6
302
25
1252
369
20
2115
23605
0
6
424
6
19274
20
2115
554
302
25663
761
11935
25
29
523
0
14011
336
3248
290
25
6
658
424
30
20
3191
6
20801
25
13
4667
20
1869
4
20
11291
12
14203
12
388
1281
0
2102
2335
10
13
363
790
8
20
8970
289
10
29
14
290
20
1869
4
335
363
7220
10
506
433
596
3805
29
9357
331
363
3305
26
6793
377
3045
20
7806
402
10
988
24734
20
1155
29
290
2777
3
29
988
363
4086
26
29
433
29
39295
14
956
363
3305
26
29
336
331
2102
2335
10
29
3248
16
10
29
363
2102
7071
10
13
790
8
302
9861
420
289
7071
10
29
443
14203
12
336
331
6555
8
25
2
601
20
5706
29
336
331
363
10253
25
2
20
5706
1033
377
363
10253
25
2
20
5706
5275
1525
26949
24418
29
20
546
29
20
12615
29
20
8233
29
20
6886
29
539
424
29
874
20
1538
289
405
20
4221
988
17809
29
34314
43273
9262
336
20
3823
336
20
52043
29
443
20
11931
4
2
601
20
5706
29
424
419
20
1050
4
20
2131
29
20
1155
29
331
407
7
13
20
1050
4
2486
12
2
12555
10
29
3160
10
29
4690
10
29
942
16
10
29
9599
10
289
23524
10
29
10442
10
29
20
1155
2486
12
2
331
289
10
290
5445
10
29
6732
10
29
8777
10
29
7244
10
29
3885
10
29
5724
10
29
331
407
20
5233
29
20
1155
29
419
20
1120
11931
2
14463
10
29
4701
10
29
10265
10
29
10282
10
29
9172
10
29
24796
10
29
23043
10
29
11173
5306
10
13
405
443
20
16903
20
2486
12
290
20
1050
4
29
20
1155
29
331
407
7
29
402
4629
290
10
14927
336
2665
29
402
1293
14927
336
4590
29
55762
402
1636
336
8863
29
363
1181
12
6
6038
2251
424
29
5331
25
289
3429
7737
16
25
29
443
2747
25
29
6849
25
20
2560
12
29
20
5762
12
29
630
424
874
20
1538
13
363
8329
4583
12
289
20
1050
4
29
20
1155
290
31450
29
363
5724
29
363
3885
29
363
8076
29
363
6052
915
29
596
3805
419
4763
10
29
289
942
16
10
970
12
347
970
210
23
347
761
347
936
970
12
402
424
3135
6
596
3805
2
20
30589
12
29
7558
306
4799
25
29
37245
25
29
443
20
3494
4
20
7558
12
421
25
29
416
2855
20
3424
2
20
4622
306
20
8970
289
405
20
909
4
506
433
596
3805
348
289
3045
20
1050
4
29
20
1155
29
3429
20
1824
29
20
4371
6
3494
4
6
2509
20
28803
29
30
331
433
3805
29
290
3494
4
25
290
491
20
3424
336
641
25
18227
1182
2798
12
20
1538
289
545
20
3494
4
13
290
3494
4
25
20
1310
20
11291
290
20
35787
12
29
3823
1557
840
1
686
1
29
289
1
290
20
15985
20
7558
12
306
4511
12
596
3805
331
24950
5
20
5998
289
20
3204
306
761
11935
25
29
2838
17673
322
25
13
27726
419
17673
322
686
25
29
14420
2
10
1562
44158
289
1996
12
539
1
29
416
26946
596
3805
2
20
18003
289
686
1
289
1058
25
20
2138
13
433
29
289
2777
14
10887
0
19478
26
29
935
302
1
11291
290
35787
12
14987
12
13
433
1309
20
1310
331
23364
211
25
290
446
3613
3045
25
290
35787
12
3045
25
13
971
25
714
20
2333
6298
25
714
1033
16
25
13
799
355
25
714
985
5523
32701
25
29
433
3805
29
290
3494
4
25
302
3045
14
290
6592
714
985
6420
3027
8044
26
29
433
3805
1110
1515
35787
12
290
5282
6989
714
369
5132
12
13
3045
13
2443
29
433
3805
1110
29266
1006
290
2883
13844
13
1968
8
25
289
720
23789
336
971
1190
29
433
23511
802
20
1310
1412
3045
8
25
290
35787
12
13
985
419
17965
199
4691
29
433
348
0
3045
8
20
1310
290
35787
12
47300
352
714
935
1562
1968
20
35787
12
5132
12
29
20
5132
12
22588
12
29
20
22588
12
6881
0
13
433
3805
29
1674
3045
8
20
1310
290
7357
12
290
9885
714
1968
8
25
35787
12
289
720
23789
714
3045
8
20
35787
12
5132
12
20
3494
12
13
10940
935
20
35787
12
289
20
1058
20
2138
682
6
7057
7590
25
29
5022
20
8970
289
8305
25
13
10775
1100
336
20
35787
12
29
443
2387
12
290
20
2883
14987
12
1252
780
16
1053
12
6
8021
10
20
4252
35482
16
29
442
219
16
1562
6702
10
919
20
13244
290
20
4861
29
20
5591
12672
29
1562
1127
407
20
935
29
20
8171
29
3990
20
936
12
29
20
2967
12
289
4318
3
29
1562
951
3
2
2890
12
20
2967
12
29
20
13737
12
388
20
1038
29
1562
22569
20
35787
12
290
20
1486
2
942
12
20
1274
314
29
1562
52894
570
958
20
25861
290
9416
20
16627
29
1127
25
289
20
2658
714
1562
3045
20
7196
290
20
35787
12
29
14433
25
2
2883
20
25861
29
38368
25
583
5075
29
17746
29
8249
29
1562
1968
20
35787
12
29
443
4405
7238
12
5132
12
4899
714
1562
1968
10
22588
12
714
1562
1636
4780
20
35787
12
29
443
10289
12
12007
12
336
20
6881
29
20
7500
29
20
16627
29
20
15858
29
20
5733
714
1562
6512
290
20
5689
29
20
7500
29
20
16627
20
1121
20
2560
12
38349
20
1469
20503
20
2934
29
20
5706
29
20
5866
29
20
6759
29
6337
20
7487
714
354
20
745
29
20
1486
29
1636
34623
10
2
20
7746
29
1636
20
7746
2
20
22146
714
1562
6512
20
1121
20
5762
12
290
20
1950
29
20
1297
12
29
20
6126
29
20
29079
29
20
382
12
29
20
2658
29
20
17613
12
29
20
13507
402
826
306
725
30349
29
4682
30349
6
486
30349
714
1562
1636
402
1381
290
405
20
1121
2
4590
646
13
6512
20
1357
290
2131
2620
4
6
402
2620
12
1790
30349
29
869
12
30349
12
1252
1093
16
2620
12
290
10
347
2830
16
852
12
290
7737
16
10
7780
16
20
1357
322
20
23116
13
1252
2489
8
336
302
1520
331
289
33253
405
20
1121
290
20
15985
29
20
3494
4
6
13573
209
289
25
20
5998
13
10775
1100
336
20
6881
29
443
8869
4861
12
1691
12
1562
3045
10
290
35787
12
15366
12
10590
12
714
1968
10
8852
0
6
20
13802
29
3382
0
6
25
714
971
10
2
17757
916
12
29
3515
916
12
13
5356
1693
29
594
29
1558
29
11887
29
37845
29
31367
210
29
5176
29
1640
29
2026
369
20
1310
6690
0
336
20
942
12
2
3248
12
13802
25
29
2
545
6332
25
41537
0
6
20
4381
289
1265
4
25
462
2651
4511
25
4511
0
826
0
406
6881
0
730
12
407
10
9367
583
45247
1025
2
10
20
942
12
29
971
725
402
826
12
290
10
306
1342
20
942
12
20
2122
12
2
10
714
1463
9367
10
29
3482
545
10
2
545
2
15858
43244
10
290
578
1900
5
20
4511
29
28600
25
2
20
3737
199
20
641
30
20
7647
6
25
714
3045
289
578
1900
5
20
4511
31096
1220
12
290
25
29
289
20
641
3982
0
39659
222
241
12
289
25
1940
12
6
725
20
31096
6
1786
289
10
29
11300
421
10
13
2250
20
459
348
3974
6777
1712
290
13802
25
462
17203
421
25
29
5641
20
9367
6
11249
421
25
424
714
10775
1562
3045
6881
20
1469
29
1562
1127
10
29
6512
10
29
416
6512
10
290
1240
12
29
1240
28
4511
0
916
12
20
3515
29
20
947
13
936
545
10
336
545
2
527
48595
2
25
617
12
20
1469
506
5591
25
13
290
10
1148
12
2988
20
52170
29
952
12
761
6
20
418
20
1623
29
1499
23
6
20
418
20
6550
29
20
2084
12
443
20
5255
545
10
5176
12
11794
6
20
21096
29
545
10
3905
12
11794
6
20
1891
29
443
20
19026
29
20
50504
29
20
16139
714
1968
20
8908
12
3093
0
6
20
1469
29
6512
10
290
2131
27577
4
37845
4
11887
4
289
10
17271
4
29
1154
4
29
17943
4
6
8178
545
10
306
545
29
13666
935
1112
20
970
12
289
10
714
6512
20
8908
12
306
20
1624
29
6512
20
1624
290
6550
20
8908
12
336
11032
4511
20
3321
290
952
29
761
28
27577
12
29
6512
4511
20
3321
290
662
12
4780
916
12
13
8697
2
25
290
6550
25
4511
20
1592
242
241
29
419
3800
0
3230
290
662
12
4780
714
1463
6881
20
1624
2
6881
20
2065
29
6881
20
10365
29
6881
20
745
28
29
6881
20
8444
12
29
6881
20
3321
29
6881
20
12029
28
29
20
6564
28
29
7746
20
1486
28
13
363
2589
304
2
935
581
424
29
800
581
20
6881
289
13802
20
1310
49827
4511
29
2904
12
29
952
26
4511
0
2443
20
6881
20
1693
12
335
39785
2
10
5323
20
9367
13
10775
1562
3045
630
424
290
35787
12
15366
12
10590
12
29
682
20
6325
290
935
3788
20
6881
302
2102
581
10
13
348
387
957
1908
2102
25
20
2932
29
20
15049
26
2150
20
4347
302
4934
290
10
289
12873
10
29
9056
10
302
25
1562
971
10
29
18658
10
29
11977
407
3515
10
29
18362
10
29
5498
10
2
387
20
581
20
30349
6
302
25
1252
3139
421
10
826
0
6
369
29
4350
0
306
20
1310
2795
336
5387
25
29
1252
3386
290
10
826
0
6
369
17943
0
2795
336
5178
25
13
20
2853
4934
289
10
6
2102
1112
20
1620
289
5178
10
29
2057
20
39965
4934
26
289
10
6
24289
24
2
10
306
4799
12
9056
10
29
5276
10
13
27866
407
20
1008
28
714
10775
1562
3045
596
3805
1000
4
6
6777
20
6881
29
419
20
6212
4
13
3045
289
13802
20
1310
12951
12
6212
12
29
2759
0
29
761
28
6212
12
29
20
6212
55667
366
221
12
290
5733
29
9507
29
7647
29
23681
12
3627
916
12
20
17757
29
20
3515
2
1068
3429
17236
10
29
971
1265
4
10
13
952
29
761
26
6212
12
290
10
2805
6
6777
25710
12
20
1357
29
45270
10
1252
3386
16
826
12
290
3248
16
10
7377
681
20
1357
29
3297
6
402
1381
6212
4
2
581
30349
29
971
30349
29
681
20
7500
29
20
16627
29
20
6635
12
29
20
9323
29
581
10
29
48410
10
29
6038
2251
4
10
12208
290
387
402
25
29
4240
25
13666
12238
43345
874
289
33253
405
20
4780
714
289
3248
12
20
13802
13
402
424
1008
336
15985
8869
20
13802
29
15985
20
22172
29
20
852
4
335
363
8748
2
20
10588
6664
13
10775
1100
336
2560
20
1310
29
5762
25
29
336
13802
25
29
7737
16
25
13
3489
2
25
290
20
15985
29
20
3503
12
331
13369
2
25
20
10255
29
402
424
3503
596
289
2387
12
2883
14987
12
13
3489
290
387
3503
25
289
2387
12
2883
13
331
3503
25
289
31575
20
1050
4
29
12555
10
29
331
970
16
25
289
2200
10
29
3515
10
29
17757
10
29
3788
10
29
1038
545
10
29
7786
545
10
29
3429
947
10
29
10148
24880
10
29
9460
10
13
363
17762
219
302
4583
12
290
31575
20
1050
4
33609
322
970
12
29
970
406
2805
19779
2601
0
29
23088
3503
0
29
6660
6
20
15985
290
13802
20
1310
406
363
665
12
6
630
331
289
20
1155
336
15985
20
1050
4
29
6
424
433
3805
41684
1376
199
5492
3045
0
319
20
5233
6284
10
1299
6773
10
13
6408
10
29
991
14692
1824
10
29
6702
18420
10
13
15539
1100
336
20
35787
12
29
6183
637
10
491
0
29
331
2250
16
840
25
632
0
29
6183
302
25
1252
5836
20
546
29
20
937
306
302
9357
24
6
20
35787
12
2934
0
347
5706
0
347
2983
0
347
971
12
347
957
0
347
2108
0
347
9357
24
289
10
4511
0
347
6600
0
347
9507
0
347
5321
0
347
2024
0
1081
5122
26
306
424
406
1252
3974
24
302
2102
24
26648
1838
16
25
29
2798
12
3045
16
25
414
302
3045
596
3805
424
6
3321
24
322
25
13
20
10255
290
1
1252
1008
16
336
947
12
1310
5276
306
8219
56477
20
3451
289
2689
10
583
2163
424
290
947
12
20
1310
29
433
20
10517
840
10
30
302
25
1310
4511
11466
1
290
3503
12
20
3451
29
42931
25
29
6643
12
745
25
29
2309
18428
16
25
29
4511
289
1950
1
1759
25
315
302
1
3305
302
847
20
947
12
2150
408
16
2
20
10610
29
20
5489
29
20
745
29
2
20
971
12
29
2
20
957
29
2
20
3714
12
29
14264
290
424
682
290
1330
20
3451
29
363
3045
25
406
419
290
3045
539
25
29
2150
11032
1330
25
20
1127
407
20
10610
29
20
8219
306
2744
30349
20031
481
11466
1
290
25
29
7903
624
25
29
2838
3489
20
35787
12
20
14987
12
369
16
13756
12
13
3045
10
9056
10
289
20
2335
305
29
20
5591
12672
714
6702
10
290
10
29
725
10
13
5505
1596
10
29
971
10
18261
39179
2120
10
29
2689
10
29
1636
4780
10
20
12007
12
336
4780
916
12
13
19779
20
6881
289
27701
10
29
1195
3515
6332
10
29
2981
2560
10
29
5762
10
29
6194
16627
10
29
7500
10
29
1968
10
8666
6
25322
10
6
658
424
804
10394
10
29
1968
10
16754
12
12876
12
687
12
358
907
12
29
3045
6
10
20
1624
2118
0
6
13802
10
29
20
7710
7374
0
6
1000
4
25322
10
29
20
1469
785
0
6
10588
10
13
1363
20
1357
28
29
6194
2620
4
10
29
5505
725
10
29
3507
10
29
869
4
10
714
1101
10
2
20
45270
6
11600
10
29
4992
10
29
34197
10
29
4884
20
799
12770
322
10
714
3217
289
4682
7991
12
290
10
947
12
20
1050
4
315
8328
56824
10
29
16086
11886
10
13
419
4934
840
10
714
3274
25564
25
29
12541
7
2883
333
0
6
6280
2934
10
29
3685
20
45906
322
10
29
13362
10
7913
4556
34140
8524
6
2135
20
1965
13
6536
25
336
2731
1628
10
29
6
19035
2
44902
20
45906
840
10
29
1968
289
10
17271
4
29
27653
4
6
12774
942
12
331
32130
289
10
29
13666
718
25
7630
3074
290
20
4154
1242
10
985
5078
10
18544
12
289
637
20
4154
714
1299
20
5866
290
1269
20
1112
29
5505
725
25
29
1363
33837
5
25
29
12541
289
25
7059
25
20
2604
6
24289
2
17994
20
2540
227
306
5475
25
29
5948
16
25
1720
12278
1764
251
2
4846
20
33837
28
2108
20
4252
4823
6
1950
25
29
22668
0
6
3558
12
5762
25
29
1363
20
6759
29
12541
25
20
4950
4185
0
29
3603
0
29
6416
0
3269
289
20
1950
29
2981
20
6759
2
20
5255
6
846
1000
12
20
21096
29
20
4249
29
20
1891
18261
42937
3229
10
29
3969
34623
10
29
5000
3507
10
29
6194
2786
10
10289
12
20
34623
19467
12
20
2744
30
302
10
20
541
20
4184
29
3045
20
12311
28
29
1195
3507
10
29
725
10
6
11300
306
20
6759
48233
228
4846
25
29
6
697
2
10
8453
20
2288
29
3045
20
14474
12
29
13926
10
6
2037
20
1965
29
3045
6
20
2877
971
12
6
20
942
4
29
20
13695
4
6
52504
20
1965
289
12255
916
12
5396
2
10
20
8453
6
10510
2
10
718
20
9051
2
3927
16
10
714
3045
20
22402
916
12
20
3515
289
20
4569
29
20
511
12
29
20
14993
12
29
20
44508
12
29
11700
12
20
5070
29
55408
16
25
29
20
2950
29
20
2537
583
7335
16
2
804
10
20
2839
13
363
28442
1965
23
406
3499
407
402
1965
28
1529
0
583
8348
20
21434
545
20
1255
322
545
2
2536
20
1965
289
20
4298
12
714
2981
20
1469
2
20
2024
29
20
3151
1098
29
2981
20
1112
2
20
13013
12
29
20
17939
28
29
2981
20
17939
9172
12
20
2024
29
2878
15943
20
725
29
2981
20
1357
28
2
20
31673
714
3045
20
1121
20
5762
12
29
11623
402
826
6
1330
30349
13
11623
20
1297
12
6
10773
20
4823
29
20
6126
6
4359
12
20
4823
336
20
958
29
20
29079
29
20
5936
12
29
20
1178
12
6
797
12
20
6126
13
20
29079
5235
10
2
4895
20
5055
322
10
29
20
5936
12
6401
10
2
4895
20
8243
322
10
29
20
1178
12
6401
10
2
4895
20
4941
12
322
10
29
20
17613
12
6401
20
1178
12
2
2647
20
2883
322
10
714
3716
25
289
718
20
53302
29
20
16627
6401
20
6126
289
6206
20
958
336
6337
2465
20
13802
714
3045
20
745
28
29
2950
7
6
6214
336
20
9971
29
1046
20
1723
29
1636
20
7746
20
1240
29
1636
402
24041
2
662
22146
29
782
20
952
12
289
831
29
20
24815
289
831
6
5077
20
24815
306
20
630
29
1252
5836
20
491
26
29
20
641
26
306
302
48186
24
2
1640
20
1538
1112
0
641
289
782
20
7746
2443
331
782
16
421
25
290
414
20
24815
322
20
952
29
10148
20
952
289
20
2950
29
2744
10
289
852
826
462
5122
24
421
25
1111
2
387
20
2744
7753
16
20
745
6
20
2470
29
20
3828
13
348
7329
10
369
16
6
25
2620
0
3633
421
10
331
2205
29
348
1127
10
369
16
6
25
1000
12
6
20
1934
29
348
2327
10
2327
0
539
3663
369
16
3265
246
12
6
25
29
348
7329
10
29
2327
7746
10
369
16
6532
246
12
6
25
714
3045
20
29196
306
34623
10
2981
12
6
20
22146
29
3382
0
6
10
290
29
15996
10
583
363
17501
29
1824
46278
2
10
20
4221
20
1640
12
335
363
6668
10
20
22146
29
25599
217
2
10
13802
25
606
20
1265
12
13
20
8527
377
419
561
220
20
1121
1252
770
25
20
1310
29
1624
2
25
461
12
6
369
32242
20
3045
29
9818
3
29
462
13274
578
3770
25
289
461
13802
25
714
7344
20
745
336
6568
20
461
583
6214
840
25
29
1252
289
20
4154
29
20
13149
12
290
539
1265
12
336
891
29
1252
5542
2
539
25
462
14802
306
6568
20
461
915
414
4456
1558
714
3045
387
402
25
290
20
35787
12
3627
289
1004
20
2658
289
4298
4
662
29
1252
1386
20
7210
29
20
15340
29
6309
840
25
20
5706
6
369
2627
20
3246
29
20
2689
3499
421
10
3125
0
13
3125
0
29
363
2627
20
5276
29
363
1000
16
25
13
1081
1548
16
5276
0
347
3817
0
363
10530
1000
16
25
29
8381
25
29
363
14024
25
29
419
10288
474
289
25
13
6793
25
331
6664
1104
25
29
3217
11647
25
714
14362
315
4208
971
16
25
336
2309
2658
16
25
13
348
25
6
331
13578
20
2658
322
20
32224
6
331
8249
1562
17167
25
20
2333
583
42474
29
2524
29
2568
290
424
20
12426
29
891
20
4846
30
302
25
11257
12876
2
331
2795
840
25
714
6
331
2568
29
12558
336
20
4823
1562
17167
25
336
20
3487
20
20303
714
6
331
369
13802
25
15366
0
363
10339
20
5948
12
20
6522
12
1562
18658
6
25
289
3045
20
553
20
5393
29
22569
25
290
407
20
435
258
29
20
958
26580
0
7045
0
29
1562
3045
20
8144
28
29
1127
289
7
20
553
29
43244
290
7
3609
16
28
306
971
331
8178
421
7
6759
20
32224
714
1363
289
3609
12
20
20303
12219
0
4569
0
762
0
583
363
4235
20
553
290
25
915
414
20
371
16728
0
13
348
20
1739
6
909
15771
290
25
915
20
1890
714
1562
17167
25
6
20
10231
583
23805
290
424
20
12426
20
553
20
730
606
3291
12
20
7227
714
10775
336
10915
25
29
2658
16
25
29
12076
16
25
1562
646
3045
20
5255
336
2309
20
724
28
6
302
25
289
20
724
28
363
27395
915
2
20
553
13
38753
322
20
501
29
985
8249
462
7515
25
20
553
20
15366
29
2795
336
3735
19321
29
2795
20
3735
336
20
22588
29
20
21096
13
43244
6
25
20
5255
606
20
1265
12
363
554
10
29
363
414
10
13
6793
25
1562
6702
847
20
6881
20
4861
12
289
847
20
14124
4
20
5490
12
714
3945
219
4318
20
1937
28
421
25
6
20
1420
2
8553
25
289
20
739
377
369
8023
0
322
8553
686
25
13
1252
462
14150
596
20
2658
12
306
4318
7
6
369
20
1739
32242
20
3045
322
8553
686
25
714
10775
1562
5548
25
20
971
12
29
20
4557
29
20
2983
29
20
15432
12
16728
0
583
1130
29
6324
13
2250
6376
0
714
2001
0
714
26423
0
714
989
0
4475
40783
0
347
26144
0
20382
0
347
11941
0
4940
0
347
14845
0
7945
0
6
1406
25
3805
1081
8008
306
20
1310
997
290
20
13726
462
1972
3125
0
3879
0
348
0
3045
8
20
1310
290
35787
12
47300
352
10651
196
5
25
13
1968
8
25
16754
0
12876
0
348
0
5947
8
25
20
2333
4475
6786
0
29
4475
40783
0
13
10775
336
20
14109
29
20
4031
714
336
20
971
12
29
20
970
12
31715
217
15985
20
2234
12
20
17583
12
29
20
10255
402
20
10255
3673
2627
9646
1195
0
347
13781
0
1195
0
306
8219
12706
39179
223
31544
477
630
3
25
336
20
8970
289
20
3451
29
20
19091
29
302
25
1562
13781
25
56458
25
29
1562
654
507
421
25
29
363
3262
6091
624
25
289
686
25
29
1260
331
475
226
198
25
29
331
4436
3503
16
25
29
5505
971
16
25
714
4934
336
405
20
15985
289
686
25
2481
539
25
714
17620
322
6064
25
29
5276
25
13
363
40080
25
4511
16
25
29
363
34918
25
4799
25
29
970
16
25
13
405
8199
12
290
15985
13802
1
335
363
790
41585
2729
10
13
419
3823
874
6
1538
1
29
47499
3135
306
4511
12
9056
1
29
2838
17673
322
424
8727
2
7710
1
29
5336
1
29
363
2275
290
686
1
915
302
52896
13
13446
29
17060
13
11455
29
6297
2061
44386
7986
29
23272
13
13707
29
20
36819
402
10
3967
1
289
1996
12
424
29
2150
11065
12
20
1310
335
8561
16
20
36819
322
10
1996
14373
487
3805
2
20
1008
289
31575
20
1050
4
29
20
1155
29
15985
20
33099
29
20
2777
1111
2
10
3618
20
459
289
12307
12
20
13030
12
20
4891
28
29
35110
289
12307
12
20
3675
28
29
20
2599
28
4891
0
290
2234
12
919
20
687
28
29
682
16
405
20
1770
12
6
20
36819
29
363
6
1310
13005
290
20
4118
2
13737
4
20
36819
13
348
25
449
290
20
36819
2
730
1111
363
971
12
6
20
43049
12
306
424
29
1033
419
1093
3045
596
6
25
20
971
12
714
4648
10
29
4257
3047
12
596
289
10
13
5497
30
20
25129
406
332
19113
2333
0
29
985
2219
16
718
20
1538
289
686
1
13
8970
289
20
1155
335
2805
1105
1
714
289
8777
10
29
5445
10
29
12478
16
10
714
2642
290
10
336
31575
20
1050
4
1033
20
1155
13
290
3494
4
25
302
3045
20
1155
9259
0
29
37240
0
29
7996
289
10
3639
0
35175
0
29
1968
10
33043
0
6
49146
24
289
55185
10
29
1968
10
2736
12
363
8329
29
22370
289
10
20
5445
38077
0
6
10
5731
10
290
302
3756
228
714
6125
56824
10
583
3321
20
14046
26
322
5705
630
3866
10
29
348
2992
16
5144
3
29
3927
57364
3
13
433
3805
29
20
5233
2042
8
10
2
4928
29
348
0
29765
1865
313
29
20
1155
12380
8
10
13
3047
20
27955
228
26
29
433
3805
419
377
1968
6
14
20
1155
33043
0
13
46234
24
289
55185
10
29
433
3805
377
1968
6
14
20
1155
9259
0
29
416
611
289
1058
25
20
2138
3673
935
20
1155
6
48902
289
15985
10
13
1624
10
1105
6
20
3574
29
7710
10
20782
6
20
20083
4
433
3805
1110
14261
20
1155
18449
1588
3574
29
28484
0
13
10775
336
20
1155
3627
5351
12
13
985
12166
421
10
20
2883
17004
16
29
34539
29
28626
16
29
43244
16
15985
20
5724
29
2568
16
290
10
8863
20
3885
4
714
10775
1562
19779
3866
20
1155
2
20
5445
20
17619
4
20
42630
197
20
2731
20
11700
29
1562
12541
20
1369
999
10
13
3641
20
4170
29
9555
20
8777
6135
306
1112
10
29
6702
290
20
6096
12
20
13229
12
29
290
20
6592
20
29101
2883
10590
0
10396
0
5125
0
34231
0
29
1968
2
25
402
1557
10198
13
6702
2
25
3433
20
5605
29
20
5724
290
1490
29
13522
29
1076
221
29
5895
29
8636
29
13311
29
9381
730
12
363
17268
916
12
20
3515
29
20
4356
29
20
44300
29
20
852
4
29
20
21264
14069
6030
545
10
306
545
289
20
5648
51634
2
2883
826
29
3716
290
1155
826
12
13
348
1457
16
348
3429
10
2
3429
10045
10
29
3229
10
13
4443
369
289
20
8626
12
8636
12
36394
12
6
23951
20
12430
29
4443
369
289
1490
12
826
12
2934
22656
289
402
20295
12
1569
12
714
14362
336
1155
20
41996
821
29
18234
2560
10
29
5762
10
851
0
10
6592
0
12007
0
13
985
12166
421
10
20
2883
17004
16
29
34539
29
43244
16
290
402
1514
15025
4356
0
916
12
29
5724
0
12007
0
29
539
12007
6
402
826
7251
29
7654
29
3507
29
725
8966
20
641
13
10775
336
3927
16
10
29
3429
8863
10
29
3927
12
3515
10
714
3429
23157
20
5724
29
3927
12
11236
25
29
1562
12541
596
3805
20
10950
20
11236
20
3025
12
13
387
20
5724
49105
29
387
20405
29
387
4301
29
387
6729
29
387
29439
29
387
40072
29
387
985
1677
289
20
1297
12
5397
20
8243
290
9416
20
16627
29
387
14953
336
20
8243
29
387
31239
20
37153
29
20
5055
29
387
14953
840
7
29
387
40357
20
958
29
387
58457
958
0
29
387
15579
29
387
21203
199
29
387
20405
29
387
13615
13
462
24734
290
20
1155
3281
12
29
363
7088
12
915
29
289
10
11236
363
20405
20
3027
306
20
3204
306
26648
10
29
402
826
290
387
20
5724
2795
20
5337
289
1704
16
25
336
486
30349
13
20
8636
5049
20
4031
19382
227
29
20
5585
25662
247
322
25
20
9070
29
20
11913
196
29
545
424
11261
1052
2
3517
20
20716
289
20
1155
29
545
25
2
9286
20
19166
29
545
25
16073
289
20
5740
29
1252
1510
8
302
9913
3429
16903
20
5724
29
2665
12
29
11236
25
29
3723
25
29
15985
25
363
7797
16
20
1114
289
1790
424
13
4976
1
290
402
4629
8199
12
5735
12
7643
217
306
718
20
1538
13
405
15985
20
5724
29
290
43367
16
25
20
12732
20
12530
12
999
20
5445
29
20
6732
20
4234
12
290
20
1155
13
10816
20
1155
1891
21735
4
916
12
13
10775
336
20
5445
1562
4235
290
10
20
12732
20
10850
12
290
20
2489
29
20
2076
12
29
20
11158
194
29
20
3631
29
539
10
545
10
5390
1124
251
999
20
44488
30
20
2489
29
20
2076
12
29
20
8587
29
20
3950
29
20
3781
29
545
10
363
27184
1124
37279
6443
12767
29
20
3631
29
1562
7344
596
20
1255
336
6909
10
29
9076
16
10
29
2312
20
45358
29
20
1000
4
29
20
10062
29
20
47833
290
10
714
10775
336
6732
20
1155
290
20
1828
29
20
14136
29
20
2736
29
539
10
29
1455
10
20
2662
29
363
2795
840
25
915
6
53011
20
3735
29
1252
943
16
322
25
850
12
6
10838
20
17487
840
10
13
10775
336
2658
12
596
3805
1562
3045
545
20
5093
33737
12
2
5070
10
2
527
7375
289
10
20
2883
20
13557
290
20
2421
12706
3749
2662
0
13080
0
10014
0
363
790
2345
32778
290
25
6
658
424
53011
0
6
3735
1
985
5648
16
25
9820
3023
225
3822
1
29
331
290
31450
29
363
3885
29
363
5724
915
29
289
25
970
12
29
970
290
387
20
4629
331
3045
1557
290
10
7269
0
29
363
6
21900
29
363
27195
0
406
3045
20
402
2
20
584
506
11363
29
306
20
1112
377
11363
29
30
331
10036
2
4799
25
29
4031
25
29
14109
25
29
6
424
433
3805
29
331
3045
8
20
1050
4
29
20
1155
29
331
407
7
742
28
331
3045
219
7
915
2
20
584
29
290
3494
4
25
8863
20
3885
4
29
14424
10
336
331
16750
29
336
331
27475
29
5331
331
27475
336
331
27475
306
1486
28
29
336
331
27475
306
952
29
306
761
29
306
1569
12
506
8075
289
545
20
7895
4
714
5331
10
289
20
11236
29
20
947
29
20
3515
29
20
5568
29
20
6270
13
10775
336
5116
20
1120
29
336
18423
20
448
29
20
36819
20
1705
12
3489
289
10
290
20
15985
29
363
26239
315
25
289
4511
12
9056
10
29
971
12
5768
10
29
970
12
5276
10
29
1562
790
302
33541
2600
424
406
1252
1510
8
302
9913
15985
20
2846
12
347
20
12761
12
347
20
8636
12
347
20
18095
3627
290
4848
20
3885
4
9622
10
1555
10
2481
1127
10
4823
10
2481
10459
10
6
1514
10
2481
12936
10
6
686
0
2481
42931
10
289
4319
12
1555
10
2481
15432
16
10
336
1265
4
10
462
12794
306
424
13
3489
20
18095
15131
1555
25
306
1900
3853
13
4272
491
0
6568
28
12744
28
407
7
5336
12
2
4682
7044
13
331
743
25
583
790
25
302
2139
2
20
12262
407
18513
25
714
7538
821
276
29
8824
20
21225
377
419
12262
25
306
831
6
37261
2
25
714
19709
336
20
831
20
641
13
6645
20
1900
20
641
290
20
12262
714
1198
7548
632
0
29
1091
0
29
2651
414
331
407
7
20803
0
8906
0
5702
0
583
985
19779
5596
228
20
1462
245
29
6194
20
10475
30
20
24446
14979
2
20
5733
12
13
3633
20
5733
12
306
20
24446
29
4325
545
25
336
545
18054
14
20
1044
306
6568
9301
20
5733
12
2
20
24446
29
18558
289
630
424
8906
20
4319
12
29
2651
424
1776
12
3718
289
10
20
2846
29
20
16315
29
27934
289
4988
12
1634
2608
195
6
3392
20
2485
289
20
1776
12
13
985
1814
20
2485
6548
336
2104
25
29
5648
25
13
348
3321
322
20
2485
1198
891
6
686
25
4988
12
290
8219
29
1463
407
26366
20
4988
12
2
12262
714
5132
686
25
289
10
2
12262
641
29
13010
38526
220
0
289
20
4252
3615
16315
12
17791
13
985
4626
16
16569
2
686
25
840
25
18261
1364
25
15246
12262
25
306
1486
5
25
29
19779
25
714
5648
25
29
331
290
3885
1693
29
363
594
915
29
289
25
290
20
15985
331
363
29097
19620
1665
302
25
3305
405
20
3503
12
290
686
25
347
846
2
686
25
347
1348
25
22060
347
957
25
347
363
10568
6
25
29
363
2093
32787
1
5452
12876
12
289
302
25
12406
4504
8023
406
20
4723
20
3459
736
25
20
2560
12
565
16
25
8023
322
681
686
25
13
1562
387
20
3885
20
4504
10887
0
3797
419
2
725
25
29
947
16
25
29
942
16
25
29
15432
16
25
29
15985
3503
16
25
6
56471
25
20
4765
29
9056
25
20
2188
20
13576
13
20
12876
2627
289
387
20
3885
20
1693
290
4511
12
20
9056
20
12873
29
4799
25
29
4208
971
16
25
29
970
16
25
331
2767
297
289
25
20
28803
29
20
6060
1621
0
322
6337
20
3885
4
29
387
20
1675
3800
0
363
4893
6
25
13
348
20
3885
4
29
3515
10
29
5568
10
29
6270
10
539
10862
12
29
2150
3793
11466
20
4318
290
10
6
6238
10
2
3927
12
20
2486
12
3047
985
2699
3885
0
3025
0
29
1252
12652
0
7180
11466
25
29
433
6793
596
331
12208
25
29
20
1310
12208
20
3885
4
29
682
34119
290
686
25
406
1252
1008
336
20
25129
335
936
10
11466
25
29
433
6793
596
331
12208
25
29
20
1310
12208
20
3885
4
29
682
34119
290
686
25
406
1252
1008
336
20
25129
335
936
10
29
1008
336
3515
10
29
947
10
714
336
11236
10
29
5006
10
290
15168
10
29
537
34288
10
29
2578
293
10
29
12702
10
335
1968
10
596
10360
0
6
3045
25
29
10551
0
6
3
289
156
6159
3
29
1567
16
3
29
11718
12
6
31151
16
3
29
10454
12
6
5948
16
3
29
26597
0
6
8367
3
29
1968
10086
10
29
5689
10
5948
12
6
3
714
1968
545
10
2981
12
6
20
10244
29
545
10
3680
12
6
20
12624
6656
12
6
20
41996
821
29
20
58595
4
20
1758
12
6
611
20
10517
20
11466
290
970
12
9056
10
29
5276
10
13
348
25
331
3045
10
915
2
957
2532
2
630
11236
10
778
306
3045
25
5485
10
13
6793
290
20
1687
8797
12
289
957
25
290
539
8970
29
290
539
6183
29
18003
29
290
539
5542
12
2
645
347
1164
13
419
20
13576
20
4204
20
8961
13
1674
22569
2
1455
20
1890
988
3045
25
4375
20
2232
12
290
4318
20
7465
28
2
4481
25
13
331
6
20
3045
915
20
22023
6
8678
25
29
971
16
25
29
20
3491
2
49059
16
25
29
20
3498
2
20
3321
322
1996
12
4799
25
29
4511
16
25
13
290
6210
377
29097
11665
421
25
406
419
506
8640
306
686
25
29
2150
2303
12
29247
20
3491
2
20
3321
322
1996
16
25
54441
596
3805
302
10650
8
2
15432
16
25
2
5356
29
12076
16
25
29
290
3494
4
25
20
7244
20
4320
12
20
2804
3809
12
6
11886
20
1155
335
2805
1891
290
20
2115
20
6664
20
2532
2
630
20
1155
583
348
630
20
8797
290
20
41996
821
29
20
5445
29
20
1155
2
20
837
12
336
20
2883
30
13162
1693
12
289
2115
3459
29
2084
12
20
1155
14143
12
2
20
2883
433
20
11793
4269
596
421
25
29
1656
20
1155
289
20
2115
30
20
5340
374
289
20
1155
13
22068
5340
374
0
336
630
20
1155
29
29990
302
20
1155
2
20
837
12
336
20
2115
713
25
29
416
3135
16
15985
20
1155
29
331
289
10
13
6183
1100
15985
20
2115
13
348
15985
331
289
25
290
20
3885
29
20
12732
9492
15985
331
12579
25
306
1112
20
1155
506
302
511
16
25
9492
511
12
20
1155
29
6
4511
20
2115
369
289
25
290
20
3885
4
20
6881
331
3489
3013
10
289
20
2115
3810
5627
302
10
2222
12
58041
196
302
10
2222
12
58041
196
20
4792
421
10
13
1963
19035
2
20
5010
985
14979
16
16118
3846
217
29
4086
302
10
3885
29
331
290
7617
290
8863
3885
20
448
290
10480
347
11721
347
8740
347
1310
915
2481
20
2115
5913
25
29
9492
25
29
289
25
16903
363
25053
6
10
3257
289
20
448
29
416
935
16
14718
10
289
12359
4
29
1127
10
28195
322
24
2
10244
20
2115
29
1127
15985
25
714
10775
1562
3045
596
20
12223
29
573
25
289
8193
25
999
20
2883
29
14362
1562
43244
20
15728
290
2731
20
10416
999
20
2883
29
2150
419
5724
306
869
12
5740
28453
290
20
4297
714
6183
331
5961
25
290
20
13432
29
8863
20
38847
335
23501
10
20
2115
29
30253
290
25
714
10775
336
15985
20
4740
1562
19152
10
596
3805
306
1112
20
2883
29
1815
289
10
20
1537
29
1643
20
2128
29
539
3
29
11623
6
3
20
8076
6
2196
12624
3
714
3835
20
5306
6
6884
20
4740
714
2219
20
2420
28
2979
20
5306
29
19924
10
29
26383
10
29
363
33541
2600
306
20
3248
12
15985
3503
596
289
20
2115
289
12359
4
29
12208
290
424
402
25
331
419
3217
290
402
2560
29
419
2798
12
2387
25
20
2883
29
419
3193
10590
5393
30433
28194
5013
20
4780
30
302
25
1557
826
5393
20
3728
2287
20
2647
6
20
13695
30
302
25
6649
25541
6
20
3000
3958
6
20
6763
29
20
1263
2
25
913
12
402
331
306
1112
20
1155
290
3885
29
36024
16
13
1252
12558
20
459
336
4323
12
2883
29
1641
290
10
6
3777
630
16111
20
1155
29
880
20
4118
289
6057
10
1252
880
424
714
1252
4323
10
29
1641
290
3225
10
6
3777
630
16111
20
1155
29
880
20
4118
289
3225
10
13
20
10255
290
20
22060
1562
6091
624
20
2696
29
20
3105
29
38847
20
12732
29
17620
322
3047
12
596
289
4323
12
2883
985
12558
336
4323
10
347
20
56509
322
10
3777
630
20
4118
289
10
13
6183
289
15985
20
1369
29
20
8777
29
20
8648
29
20
7244
13
289
10
16418
6
20
1538
29
874
29
402
424
12141
2841
12
29
3494
4
1619
1323
251
4185
12
2
4950
637
10
59180
12
322
4799
37779
10
6416
12
322
4208
970
16
25
289
10
19475
12
13244
20
4318
2
10487
4
10
1856
12
6
402
3600
5501
1033
12413
247
29
3489
58279
10558
12926
247
29
852
4
17292
43347
29
3429
637
7470
29
3927
12
5006
247
2363
5627
11963
1348
16
8742
347
3045
659
578
290
16520
347
331
49626
247
302
6615
289
1179
12
12357
321
12
290
662
12
14509
13
10136
2
302
10
290
3503
12
22060
687
2188
17130
19126
714
6615
336
15985
20
2951
20
9022
12
20
12357
321
12
306
2657
4
29
38093
2
20
5489
20
32999
377
363
8748
20
23625
1069
25
29
363
942
16
25
29
363
1263
25
2
1759
20
514
714
30510
1950
1
322
4799
12
6064
25
29
2353
20
35787
12
6
13244
20
2934
29
20
1950
363
6
801
332
322
20
2934
9100
26
19758
659
289
4298
12
20
26194
48240
12
289
958
20
25861
289
20
739
377
3499
20
3246
29
20
2689
306
29
38093
5818
56918
20
3451
25710
520
41603
7099
247
29
2676
520
29
4426
247
29
12311
247
13
3489
20
4452
220
3499
3125
0
13
3125
0
306
20
16728
29
363
3489
1004
20
35787
12
3451
0
29
363
1220
10
29
363
1004
20
2658
29
363
1220
25
29
363
1210
290
10
6
20
319
29
363
6
20
576
29
363
6
20
35787
12
29
363
6
20
2658
13
331
387
20
3451
2
12208
988
9826
25
25662
200
2
20
5489
947
12
9175
12
1252
1008
16
840
10
333
12
347
333
16
28
6
3305
16
25
13
1081
4607
306
302
17549
387
20
4629
290
20
13781
29
20
2689
377
16194
2560
20
35787
12
29
5762
10
29
630
20890
10
290
539
16471
12
6
20
35787
12
29
290
539
1263
2
10
363
290
1004
29
363
290
1220
13
348
15
16
363
41516
290
405
20
15985
29
363
7236
2
10
302
377
947
29
13781
29
971
363
3257
6
25
29
363
12891
25
3451
29
363
5276
506
302
13781
25
29
3503
25
363
12891
25
13781
29
3503
13
407
20
3817
28
290
20
56761
219
12
29
20
16086
331
407
20
1330
28
13
348
15
16
363
41516
290
387
13
11466
290
770
11466
1
13
348
25
12208
290
402
10255
13
348
377
13387
12876
16
1
315
387
20
4499
29
1641
1
290
20
36209
315
387
20
994
4237
2
302
41516
290
25
13
6793
290
7344
29
19113
29
51779
247
29
20290
29
25656
247
29
7800
29
1363
39965
19541
25
25490
1161
1302
289
630
4583
4
20
687
29
20890
25
29
13387
4318
15727
25
29
52936
322
3
2
1735
25
29
4054
222
25
13
6
25
20
3045
29
20
681
29
20
9981
29
20
1621
29
20
14109
29
20
8678
363
5951
6
970
25
29
363
25828
6
18110
25
29
290
3494
4
25
20
4252
20
5393
20
13865
407
43830
20
5233
29
46319
20
1155
5121
2
601
20
5531
606
15856
20
5306
3193
25
29
363
2627
2
20
2905
736
25
29
3248
16
25
713
20
2115
20
826
29
20
5116
26714
12
289
1120
20
5233
29
51349
251
6119
12
289
25
2
8942
16
10
506
24292
3885
4
20
2115
289
20
2883
29
47395
3866
25
29
10063
25
606
15856
20
5306
506
47395
10063
20
2115
13
985
942
596
20
4252
29
1968
25
7654
0
21498
12
13
348
5523
1968
25
1197
35086
24866
2658
16
25
506
433
6793
25
29
3835
8
20
5306
50259
198
227
2301
2
942
16
25
2108
20
4252
336
20
3885
4
29
20
5724
4
23693
351
6
20
13670
29
348
5523
1968
25
9433
0
306
20
10003
12
290
29366
16
25
506
433
3805
348
0
3835
8
421
3
7654
0
1496
609
0
289
437
20156
2121
23010
20
1255
30
302
3
30179
422
8636
7491
2033
714
10775
336
14109
20
4252
714
3291
16
25
29
10327
25
2885
2394
289
20
2883
13
20
8956
20
43083
2344
588
421
25
20
1486
20
1601
6
2237
948
25
289
20
2883
13
14858
322
25
29
20
3781
20
4861
4474
25
306
1112
20
2883
25584
221
289
25
13
10775
1562
41575
269
20
4252
290
20
2883
2
10327
25
315
6
15710
16
25
29
2
405
20
970
12
653
1
596
3805
20
4740
306
1112
20
2883
29
1198
402
37845
289
25
4252
363
26074
289
20
2883
6
302
20
4252
41575
269
322
20
10781
289
20
2883
13
363
21034
322
20
4751
20
1004
290
20
4171
12
13
3051
20
4171
12
20
4839
12
315
565
16
10
29
11700
16
10
5709
12
289
20
4252
20
5393
30
20
3600
3718
289
7330
13
2347
2
13214
1486
1601
21412
322
20
9721
289
20
7330
13
20
4171
12
2
43830
10
44478
2
37643
20
4252
20
1601
583
22049
290
20
9721
29
20
10781
289
20
2883
13
6793
290
5132
20
3093
20
4839
289
20
4252
20
5393
290
539
877
12
12579
29
1044
12
17624
714
10775
336
15985
20
1120
29
331
3499
289
25
290
20
14463
29
20
46854
29
20
43908
29
20
4701
29
20
10265
29
20
23043
29
20
24796
9562
15985
331
407
20
5233
29
20
1155
29
416
1010
20
3424
336
3248
12
424
289
1406
25
3805
29
331
3045
8
20
1050
4
29
20
1155
29
331
407
7
742
28
29
387
419
377
407
7
29
1010
336
7071
25
289
17236
5674
527
433
3805
29
20
9372
20
25541
407
20
5233
29
20
1155
29
527
1568
6
20
10282
29
20
9172
29
20
9372
29
20
2421
13
985
462
1972
6
1
3168
290
405
20
3248
12
915
302
3489
20
2421
2
1357
1
29
9419
20
10282
2
7622
1
13
20
43049
12
3967
1
289
405
20
1996
12
13
2642
290
23423
687
20
36819
336
687
20
10663
20
1623
1093
1363
16
1357
5
1
13
6555
16
2560
10
13
33558
1357
1
20
2560
12
29
14362
15947
6287
11494
20
5762
12
6
3489
15985
5762
10
29
23664
6891
10
29
387
3800
0
1675
13666
20
1538
289
25
1111
363
35856
289
58008
25
13
6183
20
9372
20
6522
20
9744
1562
5591
25
7375
289
1120
17350
363
30
573
12
289
25
29
1562
9357
25
596
3805
985
5523
29
4443
5523
29
419
315
55408
16
25
3680
6
20
2883
20
4839
29
19796
6
25
289
1120
20
5233
336
302
34912
596
289
3174
20
2883
29
13695
20
12910
4
402
2387
12
2
20
971
377
3974
25
596
3805
29
306
20
725
377
5523
25
13
3489
20
9372
30853
20
2883
306
20
1155
29
8939
25
2387
4
3540
904
251
363
8748
2387
12
290
10
2387
12
29
363
11788
826
12
2
660
406
14960
402
826
12
289
20
718
377
2660
6
10
363
17442
322
25
13
363
5183
20
4732
29
363
14107
20
2833
583
7891
20
1155
2387
12
2387
12
13
1252
5836
20
491
26
29
20
641
26
306
302
9357
24
290
10
2387
12
347
2102
24
581
331
11086
290
10
289
850
12
826
12
347
1977
12
826
12
6
3321
1861
20
546
29
20
937
322
424
13
363
4086
581
10
1793
377
12693
10
714
402
2387
12
290
10
1357
16
6
402
1712
290
20
1155
29
6
402
3885
289
10
290
11721
29
11685
29
630
20
7895
4
29
20
27081
29
6022
306
847
20
2387
12
2
514
32999
363
5121
2
20
5706
20
2560
302
10
5548
20
12652
12
20
21765
12
335
289
2364
12
20
2999
20
56565
2095
840
10
606
14396
10
289
20
1626
20
56565
387
315
331
289
4953
20
6208
20
4861
290
20
2883
20
5393
2481
20109
20
10265
30
20
10119
20
45425
246
290
20
15985
335
363
17268
402
424
1621
290
20
8313
20
2188
29
8678
290
20
11817
20
1422
331
6
578
290
20
3045
289
25
521
29
363
4705
406
682
6
20
4940
28
290
3045
25
915
20
27494
12
29
20
7944
999
4799
25
29
4511
16
25
29
363
6
20
32911
20
33319
28
915
20
6908
2
2798
16
25
29
20325
20
24118
2
935
804
25
29
518
16
25
13
1260
20
14420
20
26942
2150
11086
20
2883
6
302
25
4839
2
2869
25
29
2150
387
804
5687
25
29
10006
302
405
1996
12
19160
16
6
25
29
15579
2
10
29
1252
5781
6
25
331
2811
20
2869
29
331
377
3045
25
29
290
377
3045
20
2883
377
2869
25
20
7693
29
331
377
24302
20
2883
20
29977
289
46596
828
20
5740
336
45183
20
19166
29
419
4839
2
2869
25
13
1562
9721
336
6550
714
2642
336
2246
289
1004
36758
20
5605
3125
0
13
3125
0
2
527
363
2627
29
363
8075
583
10385
289
630
2465
20
2673
26838
8772
402
1712
290
402
3281
12
29
7440
840
10
289
36758
16627
4144
12
4848
18625
290
25
20
6600
377
419
2335
20
3281
12
714
10385
290
424
20
6600
20
594
20
20781
289
2950
20
3281
12
16627
4848
13
30
302
20
594
3853
29
331
6038
516
322
25
9791
714
41167
516
290
20
9791
1071
6115
290
10
714
10385
290
10
10475
15481
12
1640
12
3716
322
6450
20
5706
583
7213
1245
289
630
1046
20
3281
12
2301
20
2883
289
500
34288
10
336
6337
4780
20
3281
12
6
17911
10
29
23085
10
29
22046
10
29
3051
40586
16
10
29
23175
16
10
29
1198
336
6337
4780
20
9381
13
348
369
20
2883
8166
2
2869
25
336
6550
13
1562
2524
336
2246
13
348
369
424
14600
11874
13
331
377
11623
424
20
11874
29
348
369
12339
2
20
641
12
336
9056
20
1050
4
29
20
1155
29
8313
20
880
29
20
31575
13
462
363
17641
421
25
290
491
20
681
13
26114
20
14420
1311
12
20
11257
29
290
3494
4
25
31575
20
1050
4
29
20
1155
29
331
289
10
290
20
12555
29
419
20
681
402
25
29
290
6555
20
402
2459
16
25
15985
20
1050
4
1093
4585
25
20
402
787
0
13
20
1155
29
20
7244
29
20
4252
29
402
3193
2443
20
1050
4
2
20
837
12
336
20
1050
4
2387
12
289
2115
29
6115
714
10775
1562
4511
596
681
20
1050
4
29
20
3052
289
1058
25
13
331
290
5509
12
915
29
10254
306
52806
10
289
17236
29
14
290
1636
289
20
3424
2
10
30
1406
25
3805
29
20
5233
1069
20
15764
29
20
5233
29
20
3887
29
20
5233
1069
20
11949
29
20
5233
29
331
6284
10
29
30
1406
25
3805
29
20
3160
29
18420
10
29
20
4690
985
4392
10
29
30
1406
25
3805
13
363
14354
2
20
4386
220
20
3954
49114
29
1406
25
3805
29
20
2101
985
9721
13
363
14354
2
2032
20
3052
29
348
25
6
1636
1252
3305
26
3459
1093
957
16
302
15985
20
35787
12
20
14987
12
3321
322
1996
16
10
20
491
26
29
20
641
26
29
331
14354
596
2
10
13
331
5828
1
2
331
14354
596
3805
2
25
29
8747
20
20215
421
25
29
768
10
840
25
13
433
3805
2481
20
5233
5548
14
29
331
14089
26
29
8640
306
20
5729
28
289
25
13
433
29
48902
313
289
3045
20
1050
4
29
20
1155
29
433
3875
596
4269
596
421
25
29
1656
5630
6
290
6025
405
20
3494
12
714
5274
2
10
3639
16
25
1126
5630
6
290
6025
405
20
3494
12
714
5274
2
10
3639
16
25
1949
1406
25
3805
29
48902
313
289
3045
20
1050
4
29
20
1155
1074
1949
2336
10
290
539
1538
29
5711
20
1688
28
322
10
13
433
29
1968
8
20
5233
5503
0
6954
0
29
3
322
37497
16
10
1688
26
38575
665
12
6
630
20
7244
29
20
1155
336
20
5233
3627
5831
4
306
20
2163
29
20
1050
4
11700
18743
6954
4
322
20
2631
336
302
2640
20
1058
1003
25
29
6
424
2530
25
596
3805
6954
0
13
433
29
1968
8
20
5233
5503
0
6954
0
29
433
6793
25
29
2042
8
2246
14
2131
0
18743
0
29
433
41684
1376
199
5492
3045
0
319
20
5233
6284
10
1299
6773
10
13
6408
10
13
10775
336
20
31575
6
3489
15985
20
1735
29
20
19888
29
363
17762
219
302
2811
20
1008
336
20
31575
2
302
13127
20
5706
840
25
13
3489
10446
12
20
5233
29
2691
20
12555
29
7786
10
13
348
20
36819
3967
1
289
387
20
1008
13
348
369
387
419
20
5149
13
462
8921
596
3805
1536
2
1406
25
29
1198
4342
1536
31575
20
1050
4
29
20
1155
363
406
402
331
5121
2
7059
12
20
5706
13
20
3424
5263
322
25
2
20
880
29
20
2232
12
29
331
3646
322
20
23625
13
5263
322
25
2
20
8106
29
20
31575
29
596
3805
687
20
8106
29
20
2232
12
29
8313
20
880
29
20
31575
29
363
10341
578
2
14264
290
957
25
915
2
331
5523
29
419
687
20
8106
13
363
3499
306
8106
25
578
0
915
290
33816
290
3875
13
1003
7008
20
11257
1538
289
20
31575
13
13452
5872
6
1
3725
20
5233
13
8270
2
1950
1
289
11886
10
336
302
1585
1950
1
407
745
5
8233
20
3520
13
606
424
1963
16087
6
1
302
2970
6194
12
972
413
20
2264
13005
596
322
25
527
433
2699
16986
23301
29
387
6
302
5705
20
3326
363
658
915
414
51486
12
20
3545
29
3545
1557
840
1
686
1
714
20
1155
335
2805
1105
1
714
20
4252
20
2804
3809
6
1
714
20
5724
29
20
3885
29
331
306
1112
20
1155
714
15985
20
1120
29
419
331
407
20
5233
29
20
1155
714
20
1050
4
20
2131
2
12555
10
714
20
20996
714
20
8233
714
20
13030
12
801
332
1079
12
20
8233
29
5676
20
1050
4
714
290
25
2336
336
20
1008
336
919
20
8233
29
20
20996
29
20
1050
4
29
20
1155
29
331
407
7
13
407
1
29
407
405
20
631
1563
20
3459
12
29
20
3546
4
20
10352
12
29
20
1842
4
20
17285
12
29
2838
414
462
9170
290
20
1842
12
20
1908
12
20
18470
12
3627
1996
12
2560
686
1
714
1496
16
6116
20
4950
17435
334
11494
29
8519
1996
12
16206
29
2353
416
2219
16
25
29
2219
16
3045
25
13
289
2635
14262
420
336
2635
24291
13
26938
1100
1469
1
336
20
5233
29
14362
289
10
2481
12555
10
2481
9599
10
29
23524
10
29
10442
10
29
3160
10
29
4690
10
29
3429
24880
10
29
9460
10
29
11361
10
289
20
942
12
306
20
5074
290
539
18602
289
942
16
10
29
290
539
2631
289
1815
10
406
6135
630
0
289
2964
2153
12
2
1861
5768
363
2893
29
363
10070
336
302
28240
10
596
3805
25913
20
1491
6
20
1058
29
18003
581
12555
10
29
3927
16
10
29
3429
4356
10
13
545
10
9657
336
20
4029
12
29
545
10
336
20
12012
29
545
10
336
20
3507
20
3950
247
714
10775
2798
12
3515
10
13
545
10
306
947
12
20
17862
29
545
10
306
947
12
20
1079
29
20
1350
29
20
2612
29
20
1310
29
331
290
947
12
289
20
1155
915
29
6
10
3191
289
20
5233
714
10775
336
2027
20
3160
289
8076
10
289
354
12
501
12
714
2805
4737
289
402
437
29
29424
2
1815
641
11623
10
6
25
9056
10
29
5641
23524
10
29
10442
10
6
331
7335
20
1824
29
20
4371
29
462
2275
20
26383
29
6
29685
20
8314
306
20
5074
347
20
10051
306
20
5074
13
369
363
6537
739
20
6152
322
739
20
8077
12
13
10775
1562
1968
596
3805
20
1824
10360
0
29
20
4154
18451
0
29
20
4371
6152
0
29
14362
336
9905
352
25
20
1824
289
20
4371
29
20
4371
289
20
1824
29
4391
25
20
1154
12
29
20
17943
421
7
306
2744
30349
29
14362
336
57774
16
25
2027
20
3160
322
1269
20
5233
583
7335
2
804
25
20
3165
29
20
6187
29
20
3397
29
20
8578
13
985
4592
16
20
3160
290
1269
20
5233
289
2027
10
6208
20
4252
29
1624
20
6187
29
985
49031
16
289
1269
20
5233
14413
20
35067
29
985
369
16
956
407
7
53458
20
4770
29
15985
20
1050
4
363
35856
289
4804
761
11935
1712
290
20890
10
29
2150
387
10111
306
718
20
1538
29
4638
306
718
20
3248
12
302
25
331
290
6052
290
20
12555
915
29
7255
25
3805
970
730
12
289
3045
25
714
289
4682
25
714
289
725
25
714
289
3507
25
714
289
782
25
290
20
5233
29
2163
25
290
20
12555
335
2
5790
25
29
414
25
29
4833
306
424
331
935
8
25
290
1121
13802
1
1111
331
290
1712
915
29
289
25
970
12
406
970
730
12
29
681
20
5233
6664
406
363
665
12
6
687
20
1155
336
687
20
5233
363
289
8249
3193
29
363
289
3927
12
6849
25
29
4833
20
10148
377
407
7
289
3927
12
20
22172
2
331
407
7
290
20
10148
289
8249
20
1155
13
2838
2275
290
8249
20
1155
29
8328
2465
10
302
25
363
5122
22060
306
302
5121
10
29
6089
2
3866
10
29
416
4251
20
10517
26
306
302
20
3160
713
20
1155
1569
12
29
11174
0
29
1148
28
333
12
2481
20
3243
331
5553
306
4511
16
10
20
1126
20
7558
306
4511
20
3160
11403
25
795
290
1126
459
596
413
972
2699
3875
596
4269
596
421
25
29
1656
20
3160
997
1819
16
13
433
289
2158
596
20
10108
12
5641
331
4973
10
290
681
596
6
23132
16
331
306
20
1155
29
6
20
14314
1417
289
20
594
290
1126
12632
870
12
29
402
2
20
3160
2759
12
7188
56735
10
2
20
11422
402
437
5641
424
331
2838
306
1557
915
11897
16
25
714
20
12555
335
5591
10
6115
10
713
20
1155
19221
333
4
29
1157
10
12339
336
1908
290
1569
12
29
761
28
333
12
713
20
1155
29
2
387
2275
1425
10
29
414
10
1111
6
20
459
2250
16
3489
4848
0
29
6
424
1010
596
3805
336
414
10
13
433
1299
6773
10
13
6408
10
2481
20
3243
302
331
407
402
5233
336
20
660
2027
12
12951
12
359
1126
407
402
5233
336
5233
12951
12
359
6702
25
20
12371
8772
290
2540
12
20
1195
322
12632
21519
12
29
433
3025
433
29
18625
322
8971
29
5976
413
3811
29
306
413
4045
433
24
29
462
7057
20
1195
290
12632
21519
12
29
11403
25
883
20
989
289
20
4511
12
290
2540
12
12632
1761
12
322
12632
4583
29
1259
25
753
4
915
302
25
363
2102
6
12632
1761
12
5647
290
12632
4583
13
985
369
5768
0
6052
826
713
20
1155
9492
0
13
10775
336
3927
12
20
12555
714
14362
336
20
5233
335
20
12555
615
47780
289
10
29
336
4511
10
714
10775
336
1926
12
942
16
10
29
2838
363
19035
2
942
16
10
1621
0
322
302
8748
1926
16
10
523
363
26239
302
10
289
2478
12
5403
4682
1046
6052
6
302
20
4770
290
23524
491
1712
290
6052
336
2309
25
5735
29
424
20
6052
419
713
20
1155
1569
12
333
12
29
1154
12
1093
1881
20
8076
289
405
20
2478
12
713
20
1155
1569
12
333
12
29
3297
6089
306
20
5074
29
2838
17673
322
25
29
14362
1562
982
13253
421
25
20
998
322
1926
12
942
16
25
1111
433
6
25
20
3675
4269
596
421
25
29
1656
1081
2830
16
20
3160
13
433
363
3047
13
433
1562
2353
363
3047
13
433
290
997
1457
16
363
336
302
1457
16
3047
3943
16
20
3160
12951
12
359
1126
302
25
433
3955
4733
3504
1081
2830
16
20
3160
13
433
363
3047
13
433
1562
2353
363
3047
13
433
290
997
1457
16
363
336
302
1457
16
3047
3943
16
20
3160
2027
12
12951
12
359
462
6491
6
25
2335
0
13
10775
336
4511
736
10
714
336
6643
12
942
16
10
714
10775
336
971
12
20
56471
20
4765
1562
4202
947
16
10
315
14233
56824
10
289
25710
12
20
1357
315
6012
10
583
14639
306
20
1155
29
6182
1357
5
1
974
10
13
3489
630
10
13
405
20
5233
2
4511
10
29
3927
12
12555
10
363
6615
840
10
406
10775
336
37779
10
1562
3045
10
714
19152
10
290
539
4844
444
26
10
29
290
539
877
12
290
2246
10
29
402
20
687
30
1555
826
29
20
5233
5503
25
13
20
10255
290
1
302
1
1786
1555
7257
13
5591
25
855
436
0
2
20
10610
30989
0
2
20
2489
13
363
17212
11466
1
290
25
29
363
3391
4162
25
29
7922
1195
25
2950
972
1
29
2838
2280
0
6615
336
387
20
1555
20
3459
29
336
1155
25
29
336
5503
25
29
336
40779
25
29
336
15985
14440
16
25
29
23664
3885
4
25
29
17724
14369
25
714
363
5926
289
25
29
363
21346
2
1950
1
840
25
13
331
387
20
1555
743
424
20
1555
377
7922
25
406
424
20
1555
419
2080
0
1712
290
20
1155
335
2805
561
220
4780
387
20
1555
29
315
387
13
363
6615
840
25
682
6
25
804
915
302
25
1555
16206
419
377
11209
2
9622
25
29
2744
25
29
2838
416
3939
16
686
1
29
16206
29
1555
16206
29
14979
16
2
7710
1
29
5336
1
682
6
1
332
915
13737
16
1
347
18299
16
1
29
2303
12
13737
16
1
302
13240
7710
1
29
363
4607
306
302
13446
761
331
13446
25
2
16800
12
13
846
20
43049
12
2246
1
2
761
1326
4
29
2303
12
18299
16
1
302
4955
421
1
761
12
347
1569
12
290
7011
1
5818
905
313
2
10765
16
3
407
745
5
1
29
29249
26
54625
222
258
20
5138
4
421
1
29
348
4375
781
289
10535
16
3
26337
13
363
3233
26
6
1
29
363
6
2777
3
7653
0
29
363
1014
195
29
363
20234
29
363
913
12
29
363
13439
211
0
29
416
658
289
850
1
290
11860
20
3847
29
20
18930
290
2893
3221
25
306
3221
1
29
416
14979
16
2
387
20
13745
29
13149
16
322
20
1008
289
2191
31575
20
1050
4
29
20
1155
714
13149
16
322
20
14958
2
20
1008
336
4799
4000
20
31575
29
20
880
29
331
713
1
29
713
2983
1
915
713
20
12761
12
3716
290
27491
10
377
3982
16
25
289
2537
7968
290
5663
20
880
4979
20
12850
12830
20
4330
14353
2
20
45605
29
20
44257
29
2665
20
11865
29
20
38847
13
348
10
985
2568
16
290
27491
10
29
5827
16
1242
16
10
462
5926
1252
971
16
306
20
9051
915
322
1555
10
29
25322
10
29
2798
12
12936
10
13
1033
637
20
2537
29
20
880
377
289
20
2537
9562
2
12760
322
25
29
322
20
8970
289
25
406
363
971
12
6
10
306
20
51486
12
2
20
1008
322
686
10
29
25322
10
29
1555
10
336
539
25
29
30
331
13149
16
20
12761
12
322
20
2537
29
322
1155
25
29
5503
25
29
28070
25
29
6337
12850
25
29
13149
16
3800
0
322
1664
25
13
2838
3800
0
17673
322
1555
596
3805
29
322
13030
16
25
801
332
1664
26952
25
13
363
2275
290
20
5233
915
331
2275
25
20
12761
12
290
5503
1555
1
29
363
2275
290
13030
12
20
1050
4
915
331
2275
20
12761
12
290
1
29
290
1664
1555
1
3047
682
6
20
12761
12
718
336
302
2275
1
29
2275
15985
2537
1
29
17724
3503
12
20
6064
289
25
29
1033
2838
8076
971
12
306
302
8270
289
20
31575
29
2275
290
15985
25
331
20
3045
17673
26
322
25
29
6
49624
7845
20
2288
322
387
20
6048
13
348
25
874
363
641
6
25
29
1252
41585
209
8
5998
0
1558
12
462
12794
306
4240
331
8733
596
3805
421
8
2
1996
16
25
29
402
331
2219
8
25
1890
31815
27322
2
20
837
12
336
331
2219
25
3248
12
20
2746
29
20
6526
29
331
37553
1890
31815
27322
2
20
837
12
336
331
2219
25
20
12323
421
3
20
3177
12
29
20
998
29
3248
12
331
37553
1890
2
20
837
12
336
331
2219
25
534
3675
8
4269
596
421
25
29
1656
29
331
2219
25
20
12323
402
3
1890
2
20
837
12
336
331
2219
16
25
20
13030
12
20
4891
26
30
19331
362
29
13253
29
539
7
714
630
2358
20
13030
12
29
20
546
29
20
937
985
11555
336
957
596
6793
25
29
3805
462
4896
302
4453
957
0
406
419
336
302
4453
7523
0
29
8571
12
29
5663
0
29
3321
0
3823
13
6793
290
2219
5058
25
331
2219
714
10251
630
3
13
433
29
331
19886
345
290
20
957
915
1890
0
13
387
994
5596
228
20
3248
335
8270
289
10
1538
20
3540
420
28
289
3045
596
3805
29
682
289
10
1538
289
1069
596
3805
29
523
20814
290
20
1538
289
20
3045
363
5813
12
1996
12
20
9056
29
4511
16
25
29
4799
25
29
971
16
25
29
4366
52385
16
290
1996
12
9175
3503
596
3805
369
16
1996
16
1
2
4799
25
29
4511
16
25
7915
29
387
506
302
1
37707
687
0
2
804
1996
16
1
2
957
25
13
363
3391
4737
306
3025
25
290
3753
25
347
2024
25
47139
2
25
1996
12
29
7038
2
1195
25
6
25
38091
0
29
13434
0
29
2706
0
583
348
402
1179
12
290
1179
4
25
29
402
1555
9175
290
12665
2024
25
2893
25
1759
0
290
1950
1
9149
20
13434
6
25
289
686
1
13
3297
6183
289
3045
596
3805
29
3753
25
29
4816
25
29
402
331
289
20
965
290
3045
596
29
3753
25
29
20
1008
29
20
1538
289
25
363
26302
2061
2280
0
29
2150
6
402
459
290
10
2
971
331
5548
18227
35872
306
331
935
8
25
29
6
3932
246
336
387
331
2290
8
25
289
1058
20
2271
13
348
0
1008
8
289
424
20
1058
289
1330
596
3805
290
527
419
8923
840
8
29
31853
421
8
2481
387
20
1058
1008
8
289
25
290
527
348
25
1330
596
1116
29
402
331
1008
8
289
25
13
348
20
1947
4934
289
25
29
658
1008
25
804
16998
25
29
31837
16
25
29
20
9211
4934
289
25
13
658
804
15432
16
25
29
2610
16
25
29
331
290
4583
12
289
20
5233
29
20
1155
915
29
596
6793
25
29
3805
34108
2
10
290
12690
29
15852
2
10
290
12690
13
290
1008
289
405
20
1687
290
527
348
10
1330
596
3805
29
3503
25
2516
290
25
20
1996
12
2
4799
596
3805
29
4511
16
25
29
40847
2
25
29
290
1008
289
10
9064
0
6
20
1008
421
10
290
527
2105
545
10
289
545
363
290
527
4395
10
2
7495
20
1801
1093
26824
29
18531
47762
2882
2
596
290
20
16998
29
8886
25
302
18148
8
32283
12
8367
20
23674
2
5356
29
4031
25
29
1621
25
965
25
29
2658
16
25
408
20
1058
20
3070
290
2413
20
22252
4
29
20
1719
6
596
1029
25
29
34284
25
306
534
29
10376
29
998
25
54981
1058
935
20
2793
29
331
414
25
29
2
25
30687
630
20
3216
2
1719
596
3805
29
4031
25
48